Year,COUNTY,MONTH,FEL_BEGINNING_CASELOAD,FEL_REC_COURT,FEL_REC_REINSTATED,FEL_REC_OTHER,FEL_RMVD_TERMINATED,FEL_RMVD_REVOKED,FEL_RMVD_OTHER,FEL_ENDING_CASELOAD,MISD_BEGINNING_CASELOAD,MISD_REC_COURT,MISD_REC_REINSTATED,MISD_REC_OTHER,MISD_RMVD_TERMINATED,MISD_RMVD_REVOKED,MISD_RMVD_OTHER,MISD_ENDING_CASELOAD,FEL_REC_TOTAL,FEL_RMVD_TOTAL,MISD_REC_TOTAL,MISD_RMVD_TOTAL,ALL_RMVD_OTHER,ALL_RMVD_REVOKED,ALL_RMVD_TERM,ALL_RMVD_TOTAL,ALL_REC_OTHER,ALL_REC_REINST,ALL_REC_COURT,ALL_REC_TOTAL
2003,Alameda County,January,14433,353,229,0,134,208,185,14488,2102,72,19,37,28,55,32,2115,582,527,128,115,217,263,162,642,37,248,425,710
2003,Alameda County,February,14488,328,227,0,135,193,150,14565,2115,113,19,0,39,34,34,2140,555,478,132,107,184,227,174,585,0,246,441,687
2003,Alameda County,March,14565,364,229,0,176,239,152,14591,2140,173,20,0,28,32,124,2149,593,567,193,184,276,271,204,751,0,249,537,786
2003,Alameda County,April,14591,355,191,0,151,205,89,14692,2149,151,11,19,19,25,29,2257,546,445,181,73,118,230,170,518,19,202,506,727
2003,Alameda County,May,14692,404,219,0,131,197,201,14786,2257,110,11,12,26,30,22,2312,623,529,133,78,223,227,157,607,12,230,514,756
2003,Alameda County,June,14786,320,194,0,126,188,121,14865,2312,53,19,28,24,37,12,2339,514,435,100,73,133,225,150,508,28,213,373,614
2003,Alameda County,July,14865,349,202,0,132,207,113,14964,2339,125,11,40,36,46,30,2403,551,452,176,112,143,253,168,564,40,213,474,727
2003,Alameda County,August,14964,348,228,0,202,188,208,14942,2403,79,9,0,29,23,102,2337,576,598,88,154,310,211,231,752,0,237,427,664
2003,Alameda County,September,14942,375,184,0,226,178,78,15019,2337,69,4,0,12,40,98,2260,559,482,73,150,176,218,238,632,0,188,444,632
2003,Alameda County,October,15019,386,203,0,169,165,143,15131,2260,74,12,0,17,39,68,2222,589,477,86,124,211,204,186,601,0,215,460,675
2003,Alameda County,November,15131,281,124,0,144,134,123,15135,2222,68,10,0,15,23,75,2187,405,401,78,113,198,157,159,514,0,134,349,483
2003,Alameda County,December,15135,363,221,0,207,150,156,15206,2187,41,7,0,12,32,125,2066,584,513,48,169,281,182,219,682,0,228,404,632
2003,Alpine County,January,39,0,1,0,0,0,0,40,52,3,0,0,2,2,1,50,1,0,3,5,1,2,2,5,0,1,3,4
2003,Alpine County,February,40,0,0,0,1,0,0,39,50,2,0,0,1,0,0,51,0,1,2,1,0,0,2,2,0,0,2,2
2003,Alpine County,March,39,1,0,0,1,1,0,38,51,0,2,0,0,0,0,53,1,2,2,0,0,1,1,2,0,2,1,3
2003,Alpine County,April,38,6,0,0,3,1,0,40,53,3,0,0,2,1,0,53,6,4,3,3,0,2,5,7,0,0,9,9
2003,Alpine County,May,39,1,1,0,0,1,0,40,52,1,0,0,0,1,0,52,2,1,1,1,0,2,0,2,0,1,2,3
2003,Alpine County,June,40,1,0,0,1,1,0,39,52,4,0,0,2,0,0,54,1,2,4,2,0,1,3,4,0,0,5,5
2003,Alpine County,July,39,0,0,0,2,0,0,37,54,3,1,0,1,2,0,55,0,2,4,3,0,2,3,5,0,1,3,4
2003,Alpine County,August,37,0,0,0,0,1,0,36,55,2,0,0,1,0,1,55,0,1,2,2,1,1,1,3,0,0,2,2
2003,Alpine County,September,36,1,0,0,2,2,0,33,55,3,1,0,3,0,0,56,1,4,4,3,0,2,5,7,0,1,4,5
2003,Alpine County,October,33,0,0,0,1,0,2,30,56,2,0,0,0,1,0,57,0,3,2,1,2,1,1,4,0,0,2,2
2003,Alpine County,November,30,0,0,0,2,0,0,28,57,3,0,0,3,0,0,57,0,2,3,3,0,0,5,5,0,0,3,3
2003,Alpine County,December,28,0,1,0,2,1,0,26,57,1,0,0,1,2,2,53,1,3,1,5,2,3,3,8,0,1,1,2
2003,Amador County,January,251,7,5,0,8,7,0,248,560,17,4,0,4,10,0,567,12,15,21,14,0,17,12,29,0,9,24,33
2003,Amador County,February,248,2,8,0,11,4,0,243,567,1,1,0,3,8,0,558,10,15,2,11,0,12,14,26,0,9,3,12
2003,Amador County,March,243,17,4,0,1,12,0,251,558,5,3,0,1,18,0,547,21,13,8,19,0,30,2,32,0,7,22,29
2003,Amador County,April,251,8,1,0,9,9,0,242,547,7,4,0,16,26,0,516,9,18,11,42,0,35,25,60,0,5,15,20
2003,Amador County,May,242,9,7,0,2,12,0,244,516,20,4,0,5,14,0,521,16,14,24,19,0,26,7,33,0,11,29,40
2003,Amador County,June,244,15,3,0,2,8,0,252,521,20,5,0,1,6,0,539,18,10,25,7,0,14,3,17,0,8,35,43
2003,Amador County,July,252,6,7,0,5,10,0,250,539,11,0,0,11,16,0,523,13,15,11,27,0,26,16,42,0,7,17,24
2003,Amador County,August,250,9,13,0,2,11,0,259,523,22,12,0,19,4,0,534,22,13,34,23,0,15,21,36,0,25,31,56
2003,Amador County,September,259,9,5,0,3,10,0,260,534,10,3,0,4,6,0,537,14,13,13,10,0,16,7,23,0,8,19,27
2003,Amador County,October,260,12,2,0,1,11,0,262,537,5,3,0,1,18,0,526,14,12,8,19,0,29,2,31,0,5,17,22
2003,Amador County,November,262,11,14,0,3,14,0,270,526,16,9,0,6,18,0,527,25,17,25,24,0,32,9,41,0,23,27,50
2003,Amador County,December,270,16,5,0,3,13,0,275,527,32,2,0,0,17,0,544,21,16,34,17,0,30,3,33,0,7,48,55
2003,Butte County,January,1037,43,7,0,26,24,0,1037,490,20,3,0,3,21,0,489,50,50,23,24,0,45,29,74,0,10,63,73
2003,Butte County,February,1037,29,8,0,26,20,0,1028,489,15,2,0,13,7,0,486,37,46,17,20,0,27,39,66,0,10,44,54
2003,Butte County,March,1028,65,9,0,17,22,0,1063,486,19,4,0,6,13,0,490,74,39,23,19,0,35,23,58,0,13,84,97
2003,Butte County,April,1063,51,11,0,18,23,0,1084,490,20,8,0,5,7,0,506,62,41,28,12,0,30,23,53,0,19,71,90
2003,Butte County,May,1084,47,12,0,19,18,0,1106,506,13,4,0,11,12,0,500,59,37,17,23,0,30,30,60,0,16,60,76
2003,Butte County,June,1106,38,12,0,30,25,0,1101,500,20,5,0,6,11,0,508,50,55,25,17,0,36,36,72,0,17,58,75
2003,Butte County,July,1101,49,14,0,9,29,0,1126,508,17,3,0,5,8,0,515,63,38,20,13,0,37,14,51,0,17,66,83
2003,Butte County,August,1126,25,9,0,33,31,0,1096,515,15,5,0,4,13,0,518,34,64,20,17,0,44,37,81,0,14,40,54
2003,Butte County,September,1096,44,8,0,17,46,0,1085,518,28,4,0,3,18,0,529,52,63,32,21,0,64,20,84,0,12,72,84
2003,Butte County,October,1085,42,13,0,19,27,0,1094,529,19,3,0,5,9,1,536,55,46,22,15,1,36,24,61,0,16,61,77
2003,Butte County,November,1094,38,15,0,12,29,2,1104,536,28,7,0,0,10,0,561,53,43,35,10,2,39,12,53,0,22,66,88
2003,Butte County,December,1104,43,13,0,8,27,0,1125,561,17,5,0,0,14,0,569,56,35,22,14,0,41,8,49,0,18,60,78
2003,Calaveras County,January,462,19,10,2,10,4,2,477,329,8,10,0,8,4,0,335,31,16,18,12,2,8,18,28,2,20,27,49
2003,Calaveras County,February,477,10,2,0,8,1,3,477,335,12,3,0,6,5,0,339,12,12,15,11,3,6,14,23,0,5,22,27
2003,Calaveras County,March,477,4,9,0,12,0,3,475,339,6,10,0,8,4,0,343,13,15,16,12,3,4,20,27,0,19,10,29
2003,Calaveras County,April,475,12,12,0,10,7,9,473,343,12,10,0,9,2,1,353,24,26,22,12,10,9,19,38,0,22,24,46
2003,Calaveras County,May,473,6,12,0,10,6,3,472,353,17,14,0,9,1,1,373,18,19,31,11,4,7,19,30,0,26,23,49
2003,Calaveras County,June,472,14,10,0,3,2,6,485,373,5,11,0,10,8,0,371,24,11,16,18,6,10,13,29,0,21,19,40
2003,Calaveras County,July,485,9,12,0,5,5,4,492,371,16,13,0,12,6,1,381,21,14,29,19,5,11,17,33,0,25,25,50
2003,Calaveras County,August,492,11,11,0,16,2,2,494,381,10,12,0,12,10,0,381,22,20,22,22,2,12,28,42,0,23,21,44
2003,Calaveras County,September,494,25,5,0,7,0,2,515,381,9,8,0,6,5,0,387,30,9,17,11,2,5,13,20,0,13,34,47
2003,Calaveras County,October,515,9,6,0,12,3,7,508,387,7,5,0,14,6,0,379,15,22,12,20,7,9,26,42,0,11,16,27
2003,Calaveras County,November,508,24,4,0,7,3,3,523,379,14,4,0,10,1,0,386,28,13,18,11,3,4,17,24,0,8,38,46
2003,Calaveras County,December,523,14,5,0,9,5,6,522,386,22,3,0,10,2,0,399,19,20,25,12,6,7,19,32,0,8,36,44
2003,Colusa County,January,224,2,0,0,6,10,1,209,136,4,0,0,0,3,0,137,2,17,4,3,1,13,6,20,0,0,6,6
2003,Colusa County,February,209,5,0,0,2,2,0,210,137,4,1,0,1,4,0,137,5,4,5,5,0,6,3,9,0,1,9,10
2003,Colusa County,March,210,5,1,0,2,10,1,203,137,6,2,0,4,6,1,134,6,13,8,11,2,16,6,24,0,3,11,14
2003,Colusa County,April,203,0,0,0,5,7,0,191,134,5,0,0,2,2,0,135,0,12,5,4,0,9,7,16,0,0,5,5
2003,Colusa County,May,191,6,1,0,3,2,0,193,135,13,0,0,1,4,0,143,7,5,13,5,0,6,4,10,0,1,19,20
2003,Colusa County,June,193,4,0,0,1,7,0,189,143,6,3,2,1,17,0,136,4,8,11,18,0,24,2,26,2,3,10,15
2003,Colusa County,July,189,3,0,0,1,7,0,184,136,4,1,0,1,3,2,135,3,8,5,6,2,10,2,14,0,1,7,8
2003,Colusa County,August,184,5,0,0,2,1,0,186,135,4,0,0,0,1,0,138,5,3,4,1,0,2,2,4,0,0,9,9
2003,Colusa County,September,186,4,0,0,4,1,3,182,138,5,1,0,1,1,0,142,4,8,6,2,3,2,5,10,0,1,9,10
2003,Colusa County,October,182,3,0,0,0,0,0,185,142,2,0,0,5,0,0,139,3,0,2,5,0,0,5,5,0,0,5,5
2003,Colusa County,November,185,2,0,1,0,0,0,188,139,2,0,0,0,0,0,141,3,0,2,0,0,0,0,0,1,0,4,5
2003,Colusa County,December,188,2,0,1,2,0,0,189,141,0,0,0,0,0,0,141,3,2,0,0,0,0,2,2,1,0,2,3
2003,Contra Costa County,January,3391,149,103,20,103,158,39,3363,0,0,0,0,0,0,0,0,272,300,0,0,39,158,103,300,20,103,149,272
2003,Contra Costa County,February,3363,142,147,21,99,126,48,3400,0,0,0,0,0,0,0,0,310,273,0,0,48,126,99,273,21,147,142,310
2003,Contra Costa County,March,3400,154,92,21,174,149,43,3301,0,0,0,0,0,0,0,0,267,366,0,0,43,149,174,366,21,92,154,267
2003,Contra Costa County,April,3301,129,88,18,74,153,36,3273,0,0,0,0,0,0,0,0,235,263,0,0,36,153,74,263,18,88,129,235
2003,Contra Costa County,May,3273,132,112,2,115,141,39,3224,0,0,0,0,0,0,0,0,246,295,0,0,39,141,115,295,2,112,132,246
2003,Contra Costa County,June,3224,166,111,21,136,152,46,3188,0,0,0,0,0,0,0,0,298,334,0,0,46,152,136,334,21,111,166,298
2003,Contra Costa County,July,3188,140,100,18,113,153,36,3144,0,0,0,0,0,0,0,0,258,302,0,0,36,153,113,302,18,100,140,258
2003,Contra Costa County,August,3144,125,136,30,80,127,33,3195,0,0,0,0,0,0,0,0,291,240,0,0,33,127,80,240,30,136,125,291
2003,Contra Costa County,September,3195,115,85,9,105,138,21,3140,0,0,0,0,0,0,0,0,209,264,0,0,21,138,105,264,9,85,115,209
2003,Contra Costa County,October,3140,143,78,19,91,156,33,3100,0,0,0,0,0,0,0,0,240,280,0,0,33,156,91,280,19,78,143,240
2003,Contra Costa County,November,3100,105,80,16,88,127,46,3040,0,0,0,0,0,0,0,0,201,261,0,0,46,127,88,261,16,80,105,201
2003,Contra Costa County,December,3040,109,93,7,107,133,55,2954,0,0,0,0,0,0,0,0,209,295,0,0,55,133,107,295,7,93,109,209
2003,Del Norte County,January,132,12,4,0,4,1,0,143,57,0,0,0,0,0,0,57,16,5,0,0,0,1,4,5,0,4,12,16
2003,Del Norte County,February,143,5,0,0,10,0,0,138,57,0,0,0,0,0,0,57,5,10,0,0,0,0,10,10,0,0,5,5
2003,Del Norte County,March,138,2,2,0,8,0,0,134,57,0,0,0,0,0,0,57,4,8,0,0,0,0,8,8,0,2,2,4
2003,Del Norte County,April,134,8,0,0,10,0,0,132,57,0,0,0,0,0,0,57,8,10,0,0,0,0,10,10,0,0,8,8
2003,Del Norte County,May,132,16,0,0,2,0,0,146,57,1,0,0,2,0,0,56,16,2,1,2,0,0,4,4,0,0,17,17
2003,Del Norte County,June,146,4,0,0,9,0,0,141,56,3,0,0,1,0,0,58,4,9,3,1,0,0,10,10,0,0,7,7
2003,Del Norte County,July,141,8,0,0,2,0,0,147,58,1,0,0,3,0,0,56,8,2,1,3,0,0,5,5,0,0,9,9
2003,Del Norte County,August,147,11,1,0,6,0,0,153,56,2,0,0,2,0,0,56,12,6,2,2,0,0,8,8,0,1,13,14
2003,Del Norte County,September,153,5,0,0,11,0,0,147,56,0,0,0,0,0,0,56,5,11,0,0,0,0,11,11,0,0,5,5
2003,Del Norte County,October,147,6,0,0,11,0,0,142,56,0,0,0,0,0,0,56,6,11,0,0,0,0,11,11,0,0,6,6
2003,Del Norte County,November,142,8,0,0,3,0,0,147,56,0,0,0,0,0,0,56,8,3,0,0,0,0,3,3,0,0,8,8
2003,Del Norte County,December,147,5,0,0,7,0,0,145,56,0,0,0,0,0,0,57,5,7,0,0,0,0,7,7,0,0,5,5
2003,El Dorado County,January,613,56,3,9,37,18,7,619,706,23,2,0,13,4,0,714,68,62,25,17,7,22,50,79,9,5,79,93
2003,El Dorado County,February,619,43,6,6,23,23,5,623,714,11,3,5,11,6,1,715,55,51,19,18,6,29,34,69,11,9,54,74
2003,El Dorado County,March,623,56,7,6,29,17,2,644,715,13,0,3,5,4,0,722,69,48,16,9,2,21,34,57,9,7,69,85
2003,El Dorado County,April,644,78,5,12,37,32,4,666,722,10,1,6,3,9,0,727,95,73,17,12,4,41,40,85,18,6,88,112
2003,El Dorado County,May,666,44,13,10,18,31,39,645,727,9,0,2,5,2,1,730,67,88,11,8,40,33,23,96,12,13,53,78
2003,El Dorado County,June,645,85,9,15,33,22,20,679,730,7,0,3,3,5,1,731,109,75,10,9,21,27,36,84,18,9,92,119
2003,El Dorado County,July,679,41,10,8,17,14,1,706,731,7,1,0,7,5,0,727,59,32,8,12,1,19,24,44,8,11,48,67
2003,El Dorado County,August,706,45,4,2,19,7,2,729,727,11,1,0,15,3,0,721,51,28,12,18,2,10,34,46,2,5,56,63
2003,El Dorado County,September,729,58,13,1,11,19,1,770,721,27,21,0,18,7,3,741,72,31,48,28,4,26,29,59,1,34,85,120
2003,El Dorado County,October,770,42,19,2,39,3,1,790,741,40,1,1,21,0,1,761,63,43,42,22,2,3,60,65,3,20,82,105
2003,El Dorado County,November,790,30,11,5,16,12,7,801,761,7,2,1,15,3,1,752,46,35,10,19,8,15,31,54,6,13,37,56
2003,El Dorado County,December,801,55,7,11,36,15,3,820,752,20,1,5,9,1,0,768,73,54,26,10,3,16,45,64,16,8,75,99
2003,Fresno County,January,8062,189,101,0,163,136,0,8053,3918,70,12,0,84,7,0,3909,290,299,82,91,0,143,247,390,0,113,259,372
2003,Fresno County,February,8053,157,126,0,257,193,0,7886,3909,80,75,0,131,16,0,3917,283,450,155,147,0,209,388,597,0,201,237,438
2003,Fresno County,March,7886,319,210,0,202,239,0,7974,3917,88,150,0,139,19,0,3997,529,441,238,158,0,258,341,599,0,360,407,767
2003,Fresno County,April,7974,359,164,0,399,290,2,7806,3997,98,58,2,93,260,0,3802,523,691,158,353,2,550,492,1044,2,222,457,681
2003,Fresno County,May,7806,417,133,0,213,216,0,7927,3802,88,40,0,88,50,0,3792,550,429,128,138,0,266,301,567,0,173,505,678
2003,Fresno County,June,7927,353,192,0,257,251,0,7964,3792,138,89,0,71,113,0,3835,545,508,227,184,0,364,328,692,0,281,491,772
2003,Fresno County,July,7964,256,153,0,239,255,0,7879,3835,126,80,0,144,76,0,3821,409,494,206,220,0,331,383,714,0,233,382,615
2003,Fresno County,August,7879,389,192,0,121,277,0,8062,3821,96,78,0,113,98,0,3784,581,398,174,211,0,375,234,609,0,270,485,755
2003,Fresno County,September,8062,318,190,0,247,278,0,8045,3784,146,81,0,144,84,0,3783,508,525,227,228,0,362,391,753,0,271,464,735
2003,Fresno County,October,8045,280,161,0,191,331,0,7964,3783,93,51,0,32,96,0,3799,441,522,144,128,0,427,223,650,0,212,373,585
2003,Fresno County,November,7964,175,119,0,134,181,1,7942,3799,77,50,0,89,72,0,3765,294,316,127,161,1,253,223,477,0,169,252,421
2003,Fresno County,December,7942,294,198,0,133,309,0,7992,3765,103,50,0,65,68,0,3785,492,442,153,133,0,377,198,575,0,248,397,645
2003,Glenn County,January,366,10,2,0,0,2,0,376,250,5,1,0,1,0,0,255,12,2,6,1,0,2,1,3,0,3,15,18
2003,Glenn County,February,376,11,2,0,5,0,0,384,255,6,1,0,8,0,0,254,13,5,7,8,0,0,13,13,0,3,17,20
2003,Glenn County,March,384,12,3,0,3,0,0,396,254,10,0,0,3,0,0,261,15,3,10,3,0,0,6,6,0,3,22,25
2003,Glenn County,April,396,14,2,0,4,0,0,408,261,13,0,0,3,0,0,271,16,4,13,3,0,0,7,7,0,2,27,29
2003,Glenn County,May,408,15,0,0,2,0,0,421,271,20,0,0,4,0,0,287,15,2,20,4,0,0,6,6,0,0,35,35
2003,Glenn County,June,421,24,0,0,21,0,0,424,287,9,0,0,13,0,0,283,24,21,9,13,0,0,34,34,0,0,33,33
2003,Glenn County,July,424,14,3,0,2,0,24,415,283,10,0,0,0,0,28,265,17,26,10,28,52,0,2,54,0,3,24,27
2003,Glenn County,August,415,18,4,0,25,0,0,412,265,5,6,0,22,0,0,254,22,25,11,22,0,0,47,47,0,10,23,33
2003,Glenn County,September,412,12,0,0,5,0,0,419,254,4,0,0,6,0,0,252,12,5,4,6,0,0,11,11,0,0,16,16
2003,Glenn County,October,419,16,0,0,4,3,0,428,252,4,0,0,2,2,0,252,16,7,4,4,0,5,6,11,0,0,20,20
2003,Glenn County,November,428,12,0,0,4,3,0,433,252,5,0,0,4,2,0,251,12,7,5,6,0,5,8,13,0,0,17,17
2003,Glenn County,December,433,18,4,0,3,0,0,452,251,10,6,0,2,0,0,265,22,3,16,2,0,0,5,5,0,10,28,38
2003,Humboldt County,January,1480,43,0,0,18,15,1,1489,87,1,0,0,4,1,1,82,43,34,1,6,2,16,22,40,0,0,44,44
2003,Humboldt County,February,1489,33,0,0,15,12,0,1495,82,0,0,0,1,0,1,80,33,27,0,2,1,12,16,29,0,0,33,33
2003,Humboldt County,March,1495,43,0,0,19,9,6,1504,80,2,0,0,3,0,0,79,43,34,2,3,6,9,22,37,0,0,45,45
2003,Humboldt County,April,1504,40,0,0,14,8,2,1520,79,0,0,0,1,0,0,78,40,24,0,1,2,8,15,25,0,0,40,40
2003,Humboldt County,May,1520,37,0,0,5,3,1,1548,78,0,0,0,0,0,0,78,37,9,0,0,1,3,5,9,0,0,37,37
2003,Humboldt County,June,1548,33,0,0,4,7,2,1568,78,0,0,0,0,0,0,78,33,13,0,0,2,7,4,13,0,0,33,33
2003,Humboldt County,July,1568,42,0,0,19,6,3,1582,78,1,0,0,2,1,0,76,42,28,1,3,3,7,21,31,0,0,43,43
2003,Humboldt County,August,1582,47,0,1,31,14,5,1580,76,0,0,0,2,0,0,74,48,50,0,2,5,14,33,52,1,0,47,48
2003,Humboldt County,September,1580,27,0,0,36,11,0,1560,74,1,0,0,4,0,0,71,27,47,1,4,0,11,40,51,0,0,28,28
2003,Humboldt County,October,1560,38,0,1,35,11,3,1550,71,2,0,0,0,0,0,73,39,49,2,0,3,11,35,49,1,0,40,41
2003,Humboldt County,November,1550,42,0,0,13,6,1,1572,73,1,0,0,1,0,0,73,42,20,1,1,1,6,14,21,0,0,43,43
2003,Humboldt County,December,1572,42,0,0,27,7,1,1579,73,1,0,0,5,0,0,69,42,35,1,5,1,7,32,40,0,0,43,43
2003,Imperial County,January,1434,12,11,0,15,16,0,1426,10,2,0,0,4,0,0,8,23,31,2,4,0,16,19,35,0,11,14,25
2003,Imperial County,February,1426,17,8,0,48,9,0,1394,8,8,0,0,8,0,0,8,25,57,8,8,0,9,56,65,0,8,25,33
2003,Imperial County,March,1394,7,9,0,7,11,0,1392,8,1,0,0,8,0,0,1,16,18,1,8,0,11,15,26,0,9,8,17
2003,Imperial County,April,1392,34,16,0,40,16,0,1386,1,4,0,0,1,0,0,4,50,56,4,1,0,16,41,57,0,16,38,54
2003,Imperial County,May,1386,27,15,0,40,11,0,1377,4,0,0,0,1,0,0,3,42,51,0,1,0,11,41,52,0,15,27,42
2003,Imperial County,June,1377,17,10,0,41,4,0,1359,3,1,0,0,2,0,0,2,27,45,1,2,0,4,43,47,0,10,18,28
2003,Imperial County,July,1359,33,4,0,146,5,0,1245,2,4,0,0,6,0,0,0,37,151,4,6,0,5,152,157,0,4,37,41
2003,Imperial County,August,1245,19,0,0,16,0,0,1248,0,3,0,0,3,0,0,0,19,16,3,3,0,0,19,19,0,0,22,22
2003,Imperial County,September,1248,25,5,0,63,2,0,1213,0,1,0,3,3,0,0,1,30,65,4,3,0,2,66,68,3,5,26,34
2003,Imperial County,October,1213,27,6,0,34,8,0,1204,1,2,0,1,1,0,0,3,33,42,3,1,0,8,35,43,1,6,29,36
2003,Imperial County,November,1204,8,4,0,31,5,0,1180,3,1,0,0,0,0,0,4,12,36,1,0,0,5,31,36,0,4,9,13
2003,Imperial County,December,1180,3,4,0,40,2,0,1145,4,1,0,4,4,0,0,5,7,42,5,4,0,2,44,46,4,4,4,12
2003,Inyo County,January,491,3,2,0,7,6,0,483,577,6,5,0,8,6,0,574,5,13,11,14,0,12,15,27,0,7,9,16
2003,Inyo County,February,483,15,4,0,6,6,2,488,574,8,6,0,11,8,1,568,19,14,14,20,3,14,17,34,0,10,23,33
2003,Inyo County,March,488,8,4,0,2,1,0,497,568,2,5,0,4,2,0,569,12,3,7,6,0,3,6,9,0,9,10,19
2003,Inyo County,April,497,11,8,0,5,4,0,507,569,13,4,0,11,7,0,568,19,9,17,18,0,11,16,27,0,12,24,36
2003,Inyo County,May,507,4,5,0,7,7,0,502,568,5,7,0,9,14,0,557,9,14,12,23,0,21,16,37,0,12,9,21
2003,Inyo County,June,502,11,3,0,15,4,0,497,557,11,10,0,18,15,3,542,14,19,21,36,3,19,33,55,0,13,22,35
2003,Inyo County,July,497,8,2,0,6,4,0,497,542,18,2,0,11,5,0,546,10,10,20,16,0,9,17,26,0,4,26,30
2003,Inyo County,August,497,13,1,0,3,2,0,506,546,19,3,0,6,9,0,553,14,5,22,15,0,11,9,20,0,4,32,36
2003,Inyo County,September,506,16,6,0,3,10,0,515,553,11,7,0,4,10,0,557,22,13,18,14,0,20,7,27,0,13,27,40
2003,Inyo County,October,515,6,1,0,5,1,0,516,557,12,2,0,7,2,0,562,7,6,14,9,0,3,12,15,0,3,18,21
2003,Inyo County,November,516,4,0,0,7,3,0,510,562,12,4,0,9,5,0,564,4,10,16,14,0,8,16,24,0,4,16,20
2003,Inyo County,December,510,5,3,0,6,3,2,507,564,7,1,0,6,1,0,565,8,11,8,7,2,4,12,18,0,4,12,16
2003,Kern County,January,6001,199,0,0,138,47,0,6015,809,53,0,0,28,5,0,829,199,185,53,33,0,52,166,218,0,0,252,252
2003,Kern County,February,6015,140,0,0,44,20,0,6091,829,28,0,0,5,8,0,844,140,64,28,13,0,28,49,77,0,0,168,168
2003,Kern County,March,6091,226,0,0,104,30,0,6183,844,19,0,0,21,0,0,842,226,134,19,21,0,30,125,155,0,0,245,245
2003,Kern County,April,6183,148,0,0,150,22,0,6159,842,22,0,0,4,3,0,857,148,172,22,7,0,25,154,179,0,0,170,170
2003,Kern County,May,6159,164,0,0,73,51,0,6199,857,20,0,0,22,15,0,840,164,124,20,37,0,66,95,161,0,0,184,184
2003,Kern County,June,6199,169,0,0,147,20,0,6201,840,96,0,0,2,3,0,931,169,167,96,5,0,23,149,172,0,0,265,265
2003,Kern County,July,6201,227,0,0,111,19,0,6298,931,30,0,0,48,7,0,906,227,130,30,55,0,26,159,185,0,0,257,257
2003,Kern County,August,6298,177,0,0,49,36,0,6390,906,15,0,0,38,22,0,861,177,85,15,60,0,58,87,145,0,0,192,192
2003,Kern County,September,6390,183,0,0,157,39,0,6377,861,44,0,0,59,11,0,835,183,196,44,70,0,50,216,266,0,0,227,227
2003,Kern County,October,6377,183,0,0,130,41,0,6389,835,27,0,0,29,16,0,817,183,171,27,45,0,57,159,216,0,0,210,210
2003,Kern County,November,6389,98,0,0,115,19,0,6353,817,50,0,0,21,7,0,839,98,134,50,28,0,26,136,162,0,0,148,148
2003,Kern County,December,6353,143,0,0,94,27,0,6375,839,12,0,0,59,5,0,787,143,121,12,64,0,32,153,185,0,0,155,155
2003,Kings County,January,723,9,0,0,7,0,0,725,1556,13,0,0,4,7,0,1558,9,7,13,11,0,7,11,18,0,0,22,22
2003,Kings County,February,725,6,0,0,4,3,0,724,1558,15,0,0,9,3,0,1561,6,7,15,12,0,6,13,19,0,0,21,21
2003,Kings County,March,724,3,0,0,6,4,0,717,1561,7,0,0,4,3,0,1561,3,10,7,7,0,7,10,17,0,0,10,10
2003,Kings County,April,717,5,0,0,3,0,0,719,1561,11,0,0,8,3,0,1561,5,3,11,11,0,3,11,14,0,0,16,16
2003,Kings County,May,719,9,0,0,6,5,0,717,1561,7,0,0,9,6,0,1553,9,11,7,15,0,11,15,26,0,0,16,16
2003,Kings County,June,717,4,0,0,5,2,0,714,1553,13,0,0,3,6,0,1557,4,7,13,9,0,8,8,16,0,0,17,17
2003,Kings County,July,714,7,0,0,2,3,0,716,1557,17,0,0,9,3,0,1562,7,5,17,12,0,6,11,17,0,0,24,24
2003,Kings County,August,716,5,0,0,0,3,0,718,1562,15,0,0,7,3,0,1567,5,3,15,10,0,6,7,13,0,0,20,20
2003,Kings County,September,718,9,0,0,3,2,0,722,1567,11,0,0,7,0,0,1571,9,5,11,7,0,2,10,12,0,0,20,20
2003,Kings County,October,722,8,0,0,4,3,0,723,1571,14,0,0,7,3,0,1575,8,7,14,10,0,6,11,17,0,0,22,22
2003,Kings County,November,723,11,0,0,2,4,0,728,1575,9,0,0,3,0,0,1581,11,6,9,3,0,4,5,9,0,0,20,20
2003,Kings County,December,728,6,0,0,0,0,0,734,1581,11,0,0,7,3,0,1582,6,0,11,10,0,3,7,10,0,0,17,17
2003,Lake County,January,481,14,12,0,11,9,0,487,31,0,0,0,0,0,0,31,26,20,0,0,0,9,11,20,0,12,14,26
2003,Lake County,February,487,2,7,0,6,6,0,484,31,0,0,0,0,0,0,31,9,12,0,0,0,6,6,12,0,7,2,9
2003,Lake County,March,484,14,19,0,6,18,2,491,31,0,0,0,0,0,0,31,33,26,0,0,2,18,6,26,0,19,14,33
2003,Lake County,April,491,14,7,0,24,26,0,462,31,0,0,0,0,0,0,31,21,50,0,0,0,26,24,50,0,7,14,21
2003,Lake County,May,462,7,3,0,6,23,0,443,31,0,0,0,0,0,0,31,10,29,0,0,0,23,6,29,0,3,7,10
2003,Lake County,June,443,6,5,0,7,20,0,427,31,0,0,0,0,0,0,31,11,27,0,0,0,20,7,27,0,5,6,11
2003,Lake County,July,427,7,5,0,11,26,0,402,31,0,0,0,0,0,0,31,12,37,0,0,0,26,11,37,0,5,7,12
2003,Lake County,August,402,14,11,0,18,43,0,366,31,0,0,0,0,0,0,31,25,61,0,0,0,43,18,61,0,11,14,25
2003,Lake County,September,366,10,12,0,4,17,0,367,31,0,0,0,0,0,0,31,22,21,0,0,0,17,4,21,0,12,10,22
2003,Lake County,October,367,13,12,0,13,3,0,376,31,0,0,0,0,0,0,31,25,16,0,0,0,3,13,16,0,12,13,25
2003,Lake County,November,376,11,2,0,4,2,0,383,31,0,0,0,0,0,0,31,13,6,0,0,0,2,4,6,0,2,11,13
2003,Lake County,December,383,16,4,0,14,21,0,368,31,0,0,0,0,0,0,31,20,35,0,0,0,21,14,35,0,4,16,20
2003,Lassen County,January,188,30,0,0,16,0,0,202,240,20,0,0,10,0,0,250,30,16,20,10,0,0,26,26,0,0,50,50
2003,Lassen County,February,202,8,0,0,2,0,0,208,250,10,0,0,3,0,0,257,8,2,10,3,0,0,5,5,0,0,18,18
2003,Lassen County,March,208,6,0,0,0,0,0,214,257,12,0,0,3,0,0,266,6,0,12,3,0,0,3,3,0,0,18,18
2003,Lassen County,April,214,2,0,0,2,0,0,214,266,12,0,0,2,0,0,276,2,2,12,2,0,0,4,4,0,0,14,14
2003,Lassen County,May,214,4,0,0,4,0,0,214,276,6,0,0,2,0,0,280,4,4,6,2,0,0,6,6,0,0,10,10
2003,Lassen County,June,214,8,0,0,3,0,0,219,280,11,0,0,5,0,0,286,8,3,11,5,0,0,8,8,0,0,19,19
2003,Lassen County,July,219,9,0,0,4,0,0,224,286,15,0,0,5,0,0,296,9,4,15,5,0,0,9,9,0,0,24,24
2003,Lassen County,August,224,7,0,0,3,0,0,228,296,12,0,0,5,0,0,303,7,3,12,5,0,0,8,8,0,0,19,19
2003,Lassen County,September,228,5,0,0,1,0,0,232,303,7,0,0,6,0,0,304,5,1,7,6,0,0,7,7,0,0,12,12
2003,Lassen County,October,232,5,0,0,2,0,0,235,304,15,0,0,6,0,0,313,5,2,15,6,0,0,8,8,0,0,20,20
2003,Lassen County,November,235,3,0,0,1,0,0,237,313,10,0,0,7,0,0,316,3,1,10,7,0,0,8,8,0,0,13,13
2003,Lassen County,December,237,1,0,0,4,0,0,234,316,3,0,0,6,0,0,313,1,4,3,6,0,0,10,10,0,0,4,4
2003,Los Angeles County,January,50639,1077,724,0,875,1337,81,50147,10127,159,218,0,198,206,175,9925,1801,2293,377,579,256,1543,1073,2872,0,942,1236,2178
2003,Los Angeles County,February,50817,907,649,0,767,1238,79,50289,10088,195,172,0,189,175,134,9957,1556,2084,367,498,213,1413,956,2582,0,821,1102,1923
2003,Los Angeles County,March,50848,1043,656,0,891,1438,82,50136,10031,209,196,0,194,197,132,9913,1699,2411,405,523,214,1635,1085,2934,0,852,1252,2104
2003,Los Angeles County,April,50742,1176,832,0,971,1453,75,50251,10113,264,206,0,196,177,149,10061,2008,2499,470,522,224,1630,1167,3021,0,1038,1440,2478
2003,Los Angeles County,May,50748,1051,810,0,857,1340,104,50308,10246,243,162,0,182,148,158,10163,1861,2301,405,488,262,1488,1039,2789,0,972,1294,2266
2003,Los Angeles County,June,50835,945,703,0,874,1295,88,50226,10289,238,138,0,188,150,126,10201,1648,2257,376,464,214,1445,1062,2721,0,841,1183,2024
2003,Los Angeles County,July,50823,1152,823,0,885,1549,92,50272,10388,233,166,0,204,172,111,10300,1975,2526,399,487,203,1721,1089,3013,0,989,1385,2374
2003,Los Angeles County,August,50806,908,638,0,811,1320,61,50160,10400,252,127,0,168,115,135,10361,1546,2192,379,418,196,1435,979,2610,0,765,1160,1925
2003,Los Angeles County,September,50659,1094,803,0,770,1435,76,50275,10470,202,152,0,180,114,126,10404,1897,2281,354,420,202,1549,950,2701,0,955,1296,2251
2003,Los Angeles County,October,50939,1163,914,0,841,1599,90,50486,10378,234,168,0,189,111,131,10349,2077,2530,402,431,221,1710,1030,2961,0,1082,1397,2479
2003,Los Angeles County,November,50835,877,668,0,702,1094,65,50519,10426,169,107,0,150,108,99,10345,1545,1861,276,357,164,1202,852,2218,0,775,1046,1821
2003,Los Angeles County,December,50778,1045,730,0,813,1152,80,50508,10418,203,141,0,142,129,123,10368,1775,2045,344,394,203,1281,955,2439,0,871,1248,2119
2003,Madera County,January,1588,50,39,0,4,48,0,1625,775,19,13,0,1,27,0,779,89,52,32,28,0,75,5,80,0,52,69,121
2003,Madera County,February,1625,13,12,0,4,18,0,1628,779,3,7,0,3,12,0,774,25,22,10,15,0,30,7,37,0,19,16,35
2003,Madera County,March,1628,41,24,0,0,31,0,1662,774,20,6,0,0,12,0,788,65,31,26,12,0,43,0,43,0,30,61,91
2003,Madera County,April,1662,51,24,0,1,16,0,1720,788,20,6,0,3,9,0,802,75,17,26,12,0,25,4,29,0,30,71,101
2003,Madera County,May,1720,29,22,0,29,16,0,1726,802,8,10,0,11,1,0,808,51,45,18,12,0,17,40,57,0,32,37,69
2003,Madera County,June,1726,64,38,0,21,35,0,1772,808,25,7,0,13,9,0,818,102,56,32,22,0,44,34,78,0,45,89,134
2003,Madera County,July,1772,56,34,0,5,45,0,1812,818,30,14,0,6,16,0,840,90,50,44,22,0,61,11,72,0,48,86,134
2003,Madera County,August,1812,69,44,0,25,33,0,1867,840,31,4,0,8,10,0,857,113,58,35,18,0,43,33,76,0,48,100,148
2003,Madera County,September,1867,40,33,0,18,42,0,1880,857,25,5,0,21,8,0,858,73,60,30,29,0,50,39,89,0,38,65,103
2003,Madera County,October,1880,34,21,0,39,33,0,1863,858,18,9,0,26,18,0,841,55,72,27,44,0,51,65,116,0,30,52,82
2003,Madera County,November,1863,55,35,0,8,51,0,1894,841,23,16,0,9,19,0,852,90,59,39,28,0,70,17,87,0,51,78,129
2003,Madera County,December,1894,39,38,0,6,48,0,1917,852,13,12,0,5,16,0,856,77,54,25,21,0,64,11,75,0,50,52,102
2003,Marin County,January,999,79,8,0,51,15,0,1020,999,73,7,0,55,13,0,1011,87,66,80,68,0,28,106,134,0,15,152,167
2003,Marin County,February,1020,60,7,0,43,6,0,1038,1011,70,8,0,32,5,0,1052,67,49,78,37,0,11,75,86,0,15,130,145
2003,Marin County,March,1038,59,6,0,44,10,0,1049,1052,52,5,0,30,9,0,1070,65,54,57,39,0,19,74,93,0,11,111,122
2003,Marin County,April,1049,66,7,0,32,10,0,1080,1070,58,6,0,35,11,0,1088,73,42,64,46,0,21,67,88,0,13,124,137
2003,Marin County,May,1080,60,6,0,43,10,0,1093,1088,64,7,0,46,14,0,1099,66,53,71,60,0,24,89,113,0,13,124,137
2003,Marin County,June,1093,46,5,0,31,13,0,1100,1099,33,4,0,40,20,0,1076,51,44,37,60,0,33,71,104,0,9,79,88
2003,Marin County,July,1100,44,5,0,22,10,0,1117,1076,56,6,0,37,25,0,1076,49,32,62,62,0,35,59,94,0,11,100,111
2003,Marin County,August,1117,52,7,0,42,11,0,1123,1076,48,6,0,33,8,0,1089,59,53,54,41,0,19,75,94,0,13,100,113
2003,Marin County,September,1123,42,7,0,24,6,0,1142,1089,53,7,0,32,8,0,1109,49,30,60,40,0,14,56,70,0,14,95,109
2003,Marin County,October,1142,47,5,0,23,14,0,1157,1109,58,8,0,26,15,0,1134,52,37,66,41,0,29,49,78,0,13,105,118
2003,Marin County,November,1157,48,7,0,22,13,0,1177,1134,50,8,0,25,16,0,1151,55,35,58,41,0,29,47,76,0,15,98,113
2003,Marin County,December,1177,51,7,0,21,6,0,1208,1151,63,10,0,22,7,0,1195,58,27,73,29,0,13,43,56,0,17,114,131
2003,Mariposa County,January,135,1,2,2,1,6,1,132,23,6,6,12,4,28,3,12,5,8,24,35,4,34,5,43,14,8,7,29
2003,Mariposa County,February,132,4,2,1,4,12,0,123,12,4,3,0,1,14,0,4,7,16,7,15,0,26,5,31,1,5,8,14
2003,Mariposa County,March,123,5,2,1,3,0,0,128,4,9,3,0,5,0,0,11,8,3,12,5,0,0,8,8,1,5,14,20
2003,Mariposa County,April,152,2,1,0,6,10,0,139,144,7,2,0,5,12,0,136,3,16,9,17,0,22,11,33,0,3,9,12
2003,Mariposa County,May,139,2,3,0,6,5,0,133,136,6,2,0,5,8,0,131,5,11,8,13,0,13,11,24,0,5,8,13
2003,Mariposa County,June,133,3,1,0,0,4,0,133,131,10,2,0,0,5,0,138,4,4,12,5,0,9,0,9,0,3,13,16
2003,Mariposa County,July,133,1,2,0,2,6,0,128,138,7,4,0,4,3,0,142,3,8,11,7,0,9,6,15,0,6,8,14
2003,Mariposa County,August,128,9,1,0,4,1,0,133,142,7,0,0,3,1,0,145,10,5,7,4,0,2,7,9,0,1,16,17
2003,Mariposa County,September,80,0,0,0,0,0,0,80,231,0,0,0,0,0,0,231,0,0,0,0,0,0,0,0,0,0,0,0
2003,Mariposa County,October,80,2,0,0,0,0,0,82,231,6,0,0,5,0,0,232,2,0,6,5,0,0,5,5,0,0,8,8
2003,Mariposa County,November,82,4,0,0,1,0,0,85,232,7,0,0,2,0,0,237,4,1,7,2,0,0,3,3,0,0,11,11
2003,Mariposa County,December,85,2,0,0,0,0,0,87,237,5,0,0,6,0,0,236,2,0,5,6,0,0,6,6,0,0,7,7
2003,Mendocino County,January,787,11,8,0,5,9,0,792,168,0,3,0,1,2,0,168,19,14,3,3,0,11,6,17,0,11,11,22
2003,Mendocino County,February,792,10,3,0,4,4,0,797,168,1,0,0,0,2,0,167,13,8,1,2,0,6,4,10,0,3,11,14
2003,Mendocino County,March,797,13,5,0,9,6,0,800,167,1,0,0,1,4,0,163,18,15,1,5,0,10,10,20,0,5,14,19
2003,Mendocino County,April,800,9,6,0,2,3,0,810,163,0,4,0,4,3,0,160,15,5,4,7,0,6,6,12,0,10,9,19
2003,Mendocino County,May,810,15,6,0,13,7,0,811,160,0,5,0,2,0,0,163,21,20,5,2,0,7,15,22,0,11,15,26
2003,Mendocino County,June,811,20,7,0,11,11,0,816,163,0,7,0,1,2,0,167,27,22,7,3,0,13,12,25,0,14,20,34
2003,Mendocino County,July,816,21,9,0,10,5,0,831,167,1,2,0,1,2,0,167,30,15,3,3,0,7,11,18,0,11,22,33
2003,Mendocino County,August,831,13,8,0,6,3,0,843,167,0,3,0,0,3,0,167,21,9,3,3,0,6,6,12,0,11,13,24
2003,Mendocino County,September,843,15,4,0,5,10,0,847,167,0,5,0,1,4,0,167,19,15,5,5,0,14,6,20,0,9,15,24
2003,Mendocino County,October,847,14,4,0,5,5,0,855,167,0,0,0,1,1,0,165,18,10,0,2,0,6,6,12,0,4,14,18
2003,Mendocino County,November,855,5,1,0,7,9,0,845,165,0,1,0,1,2,0,163,6,16,1,3,0,11,8,19,0,2,5,7
2003,Mendocino County,December,845,13,7,0,4,3,0,858,163,0,7,0,1,2,0,167,20,7,7,3,0,5,5,10,0,14,13,27
2003,Merced County,January,2753,67,50,0,13,59,2,2796,22,0,0,0,0,0,0,22,117,74,0,0,2,59,13,74,0,50,67,117
2003,Merced County,February,2796,51,35,0,23,30,0,2829,22,0,0,0,0,0,0,22,86,53,0,0,0,30,23,53,0,35,51,86
2003,Merced County,March,2829,86,68,0,33,71,4,2875,22,0,0,0,0,0,0,22,154,108,0,0,4,71,33,108,0,68,86,154
2003,Merced County,April,2875,78,36,0,41,44,0,2904,22,0,0,0,0,0,0,22,114,85,0,0,0,44,41,85,0,36,78,114
2003,Merced County,May,2904,84,50,0,36,46,1,2955,22,0,0,0,0,0,0,22,134,83,0,0,1,46,36,83,0,50,84,134
2003,Merced County,June,2955,77,74,0,36,50,3,3017,22,0,0,0,0,0,0,22,151,89,0,0,3,50,36,89,0,74,77,151
2003,Merced County,July,3017,61,67,0,4,66,3,3072,22,0,0,0,0,0,0,0,128,73,0,0,3,66,4,73,0,67,61,128
2003,Merced County,August,3072,63,23,0,2,39,0,3117,0,0,0,0,0,0,0,0,86,41,0,0,0,39,2,41,0,23,63,86
2003,Merced County,September,3117,93,57,0,45,47,3,3172,0,0,0,0,0,0,0,0,150,95,0,0,3,47,45,95,0,57,93,150
2003,Merced County,October,3172,85,67,0,68,32,3,3221,0,0,0,0,0,0,0,0,152,103,0,0,3,32,68,103,0,67,85,152
2003,Merced County,November,3221,53,30,0,30,1,0,3273,0,0,0,0,0,0,0,0,83,31,0,0,0,1,30,31,0,30,53,83
2003,Merced County,December,3273,142,74,0,0,64,6,3419,0,0,0,0,0,0,0,0,216,70,0,0,6,64,0,70,0,74,142,216
2003,Modoc County,January,118,3,0,0,1,0,0,120,176,0,0,0,1,0,0,175,3,1,0,1,0,0,2,2,0,0,3,3
2003,Modoc County,February,120,1,0,0,7,0,0,114,175,1,0,0,0,1,0,175,1,7,1,1,0,1,7,8,0,0,2,2
2003,Modoc County,March,114,1,0,0,4,0,0,111,175,1,0,0,2,1,0,173,1,4,1,3,0,1,6,7,0,0,2,2
2003,Modoc County,April,111,1,3,0,0,1,0,114,173,0,0,0,0,0,0,173,4,1,0,0,0,1,0,1,0,3,1,4
2003,Modoc County,May,114,3,0,0,3,3,0,111,173,0,0,0,3,0,0,170,3,6,0,3,0,3,6,9,0,0,3,3
2003,Modoc County,June,111,2,1,0,4,0,0,110,170,0,1,0,0,0,0,171,3,4,1,0,0,0,4,4,0,2,2,4
2003,Modoc County,July,110,4,0,0,2,1,0,111,171,0,0,0,1,0,0,170,4,3,0,1,0,1,3,4,0,0,4,4
2003,Modoc County,August,111,3,0,0,2,1,0,111,170,0,0,0,0,3,0,167,3,3,0,3,0,4,2,6,0,0,3,3
2003,Modoc County,September,111,3,2,0,2,1,0,113,167,0,0,0,0,0,0,167,5,3,0,0,0,1,2,3,0,2,3,5
2003,Modoc County,October,113,1,5,0,5,0,0,114,167,0,0,0,3,0,0,164,6,5,0,3,0,0,8,8,0,5,1,6
2003,Modoc County,November,114,1,1,0,1,2,0,113,164,1,2,0,0,1,0,166,2,3,3,1,0,3,1,4,0,3,2,5
2003,Modoc County,December,113,1,3,0,3,1,0,113,166,1,1,0,1,0,0,167,4,4,2,1,0,1,4,5,0,4,2,6
2003,Mono County,January,106,4,0,0,1,2,0,107,106,1,0,0,2,0,0,105,4,3,1,2,0,2,3,5,0,0,5,5
2003,Mono County,February,107,5,1,1,1,1,0,112,105,1,1,0,2,0,0,105,7,2,2,2,0,1,3,4,1,2,6,9
2003,Mono County,March,112,3,0,0,0,0,0,115,105,4,0,0,0,0,0,109,3,0,4,0,0,0,0,0,0,0,7,7
2003,Mono County,April,115,2,0,0,6,0,0,111,109,0,0,0,1,1,0,107,2,6,0,2,0,1,7,8,0,0,2,2
2003,Mono County,May,111,4,1,0,2,0,0,114,107,6,0,0,0,3,0,110,5,2,6,3,0,3,2,5,0,1,10,11
2003,Mono County,June,114,3,0,0,1,0,0,116,110,0,0,0,0,0,0,110,3,1,0,0,0,0,1,1,0,0,3,3
2003,Mono County,July,116,8,0,0,2,5,0,117,110,4,0,0,1,0,0,113,8,7,4,1,0,5,3,8,0,0,12,12
2003,Mono County,August,117,8,0,0,2,2,0,121,113,4,0,0,0,0,0,117,8,4,4,0,0,2,2,4,0,0,12,12
2003,Mono County,September,121,6,0,0,6,3,0,118,117,0,0,0,2,0,0,115,6,9,0,2,0,3,8,11,0,0,6,6
2003,Mono County,October,118,3,3,0,2,2,0,120,115,5,0,0,1,0,0,119,6,4,5,1,0,2,3,5,0,3,8,11
2003,Mono County,November,120,1,0,0,2,0,0,119,119,2,0,0,2,4,0,115,1,2,2,6,0,4,4,8,0,0,3,3
2003,Mono County,December,119,3,0,0,0,1,0,121,115,0,0,0,0,0,0,115,3,1,0,0,0,1,0,1,0,0,3,3
2003,Monterey County,January,6073,88,43,0,23,0,0,6181,2657,18,0,0,11,0,0,2664,131,23,18,11,0,0,34,34,0,43,106,149
2003,Monterey County,February,6181,67,32,0,29,0,0,6251,2664,134,0,0,38,0,0,2760,99,29,134,38,0,0,67,67,0,32,201,233
2003,Monterey County,March,6251,96,50,0,32,9,0,6356,2760,105,0,0,43,0,0,2822,146,41,105,43,0,9,75,84,0,50,201,251
2003,Monterey County,April,6356,85,62,0,15,23,0,6465,2822,58,0,0,24,0,0,2856,147,38,58,24,0,23,39,62,0,62,143,205
2003,Monterey County,May,6465,95,34,0,6,13,0,6575,2856,73,0,0,16,0,0,2913,129,19,73,16,0,13,22,35,0,34,168,202
2003,Monterey County,June,6575,55,50,0,37,8,0,6635,2913,47,0,0,29,0,29,2902,105,45,47,58,29,8,66,103,0,50,102,152
2003,Monterey County,July,6635,65,32,0,38,16,0,6678,2902,42,0,0,15,0,0,2929,97,54,42,15,0,16,53,69,0,32,107,139
2003,Monterey County,August,6678,70,3,0,42,19,0,6690,2929,98,0,0,43,0,0,2984,73,61,98,43,0,19,85,104,0,3,168,171
2003,Monterey County,September,6690,70,3,0,42,19,0,6702,2984,98,0,0,43,0,0,3039,73,61,98,43,0,19,85,104,0,3,168,171
2003,Monterey County,October,6702,63,7,0,25,21,0,6726,3039,84,0,0,36,0,0,3087,70,46,84,36,0,21,61,82,0,7,147,154
2003,Monterey County,November,6726,81,27,0,10,9,0,6815,3087,40,0,0,43,0,0,3084,108,19,40,43,0,9,53,62,0,27,121,148
2003,Monterey County,December,6815,50,30,0,14,18,0,6863,3084,33,0,0,21,0,0,3096,80,32,33,21,0,18,35,53,0,30,83,113
2003,Napa County,January,1042,56,9,9,5,20,50,1041,866,44,7,2,1,17,7,894,74,75,53,25,57,37,6,100,11,16,100,127
2003,Napa County,February,1041,26,7,9,7,3,22,1051,894,31,4,13,0,0,12,930,42,32,48,12,34,3,7,44,22,11,57,90
2003,Napa County,March,1051,45,12,18,67,20,28,1011,930,54,10,14,96,11,19,882,75,115,78,126,47,31,163,241,32,22,99,153
2003,Napa County,April,1011,39,12,15,30,12,15,1020,882,31,5,18,24,6,8,898,66,57,54,38,23,18,54,95,33,17,70,120
2003,Napa County,May,1020,26,7,16,45,15,30,979,898,25,12,9,40,13,27,864,49,90,46,80,57,28,85,170,25,19,51,95
2003,Napa County,June,979,38,15,12,27,14,21,982,864,36,11,5,24,7,19,866,65,62,52,50,40,21,51,112,17,26,74,117
2003,Napa County,July,982,38,15,12,27,14,21,985,866,28,8,25,17,23,37,850,65,62,61,77,58,37,44,139,37,23,66,126
2003,Napa County,August,985,26,5,28,16,11,38,979,850,43,5,29,17,8,33,869,59,65,77,58,71,19,33,123,57,10,69,136
2003,Napa County,September,979,35,20,22,15,18,31,992,869,31,7,18,6,30,35,854,77,64,56,71,66,48,21,135,40,27,66,133
2003,Napa County,October,992,27,19,31,12,29,310,718,854,33,10,7,11,15,209,669,77,351,50,235,519,44,23,586,38,29,60,127
2003,Napa County,November,718,26,13,18,20,29,3,723,669,21,5,8,13,18,14,658,57,52,34,45,17,47,33,97,26,18,47,91
2003,Napa County,December,723,43,12,12,18,11,7,754,658,38,3,2,13,11,4,673,67,36,43,28,11,22,31,64,14,15,81,110
2003,Nevada County,January,560,10,5,0,16,6,0,553,250,12,8,0,4,2,0,264,15,22,20,6,0,8,20,28,0,13,22,35
2003,Nevada County,February,553,22,7,0,17,13,0,552,264,14,7,0,6,2,0,277,29,30,21,8,0,15,23,38,0,14,36,50
2003,Nevada County,March,552,17,8,0,18,14,0,545,277,5,5,0,5,3,0,279,25,32,10,8,0,17,23,40,0,13,22,35
2003,Nevada County,April,545,17,6,0,19,15,0,534,279,9,3,0,10,4,0,277,23,34,12,14,0,19,29,48,0,9,26,35
2003,Nevada County,May,534,17,6,0,15,5,0,537,277,2,3,0,8,5,0,269,23,20,5,13,0,10,23,33,0,9,19,28
2003,Nevada County,June,537,17,6,0,16,6,0,538,269,6,2,0,10,9,0,258,23,22,8,19,0,15,26,41,0,8,23,31
2003,Nevada County,July,538,17,6,0,18,4,0,539,258,5,1,0,16,5,0,243,23,22,6,21,0,9,34,43,0,7,22,29
2003,Nevada County,August,539,17,6,0,20,5,0,537,243,4,2,0,18,13,0,218,23,25,6,31,0,18,38,56,0,8,21,29
2003,Nevada County,September,537,17,6,0,12,6,0,542,218,6,2,0,10,8,0,208,23,18,8,18,0,14,22,36,0,8,23,31
2003,Nevada County,October,542,15,6,0,12,2,0,549,208,3,3,0,20,11,0,183,21,14,6,31,0,13,32,45,0,9,18,27
2003,Nevada County,November,549,17,6,0,12,8,0,552,183,7,3,0,10,5,0,178,23,20,10,15,0,13,22,35,0,9,24,33
2003,Nevada County,December,552,10,7,0,8,9,0,552,178,5,4,0,15,6,0,166,17,17,9,21,0,15,23,38,0,11,15,26
2003,Orange County,January,18849,568,207,14,423,303,66,18846,3249,147,24,0,56,51,4,3309,789,792,171,111,70,354,479,903,14,231,715,960
2003,Orange County,February,18846,495,232,0,351,274,152,18796,3309,176,26,0,54,70,4,3383,727,777,202,128,156,344,405,905,0,258,671,929
2003,Orange County,March,18796,829,256,17,430,410,146,18912,3383,226,119,0,72,71,18,3567,1102,986,345,161,164,481,502,1147,17,375,1055,1447
2003,Orange County,April,18912,688,187,9,371,235,181,19009,3567,149,48,0,51,57,12,3644,884,787,197,120,193,292,422,907,9,235,837,1081
2003,Orange County,May,19009,672,189,16,336,412,200,18938,3644,219,43,0,28,16,2,3860,877,948,262,46,202,428,364,994,16,232,891,1139
2003,Orange County,June,18938,712,321,9,340,273,145,19222,3860,200,140,0,84,45,5,4066,1042,758,340,134,150,318,424,892,9,461,912,1382
2003,Orange County,July,19222,593,165,16,412,343,120,19121,4066,132,30,0,542,22,2,3662,774,875,162,566,122,365,954,1441,16,195,725,936
2003,Orange County,August,19121,516,154,4,374,449,49,18923,3662,154,28,0,53,43,5,3743,674,872,182,101,54,492,427,973,4,182,670,856
2003,Orange County,September,18923,709,201,1,404,350,82,18998,3743,209,63,0,62,88,5,3860,911,836,272,155,87,438,466,991,1,264,918,1183
2003,Orange County,October,18998,663,255,6,456,424,67,18975,3860,187,61,0,58,92,6,3952,924,947,248,156,73,516,514,1103,6,316,850,1172
2003,Orange County,November,18975,355,147,2,398,346,126,18609,3952,104,23,1,43,150,8,3879,504,870,128,201,134,496,441,1071,3,170,459,632
2003,Orange County,December,18609,603,208,1,475,572,78,18296,3879,133,40,0,72,72,6,3902,812,1125,173,150,84,644,547,1275,1,248,736,985
2003,Placer County,January,1824,41,27,0,57,42,28,1765,884,11,2,0,13,6,0,878,68,127,13,19,28,48,70,146,0,29,52,81
2003,Placer County,February,1765,40,22,0,25,19,21,1762,878,6,4,0,6,1,0,881,62,65,10,7,21,20,31,72,0,26,46,72
2003,Placer County,March,1762,88,21,0,47,20,65,1739,881,22,3,0,13,7,0,886,109,132,25,20,65,27,60,152,0,24,110,134
2003,Placer County,April,1739,56,20,0,49,15,33,1718,886,8,1,0,12,0,0,883,76,97,9,12,33,15,61,109,0,21,64,85
2003,Placer County,May,1718,53,21,0,32,22,38,1700,883,9,1,0,7,0,0,886,74,92,10,7,38,22,39,99,0,22,62,84
2003,Placer County,June,1700,72,15,0,25,28,56,1678,886,15,5,0,7,10,0,889,87,109,20,17,56,38,32,126,0,20,87,107
2003,Placer County,July,1678,67,19,0,40,30,27,1667,889,15,1,0,11,1,1,892,86,97,16,13,28,31,51,110,0,20,82,102
2003,Placer County,August,1667,45,26,0,27,21,12,1678,892,11,9,0,13,9,0,890,71,60,20,22,12,30,40,82,0,35,56,91
2003,Placer County,September,1678,59,19,0,30,30,41,1655,890,15,5,0,9,2,0,899,78,101,20,11,41,32,39,112,0,24,74,98
2003,Placer County,October,1655,148,21,0,23,34,30,1737,899,30,16,0,6,4,0,935,169,87,46,10,30,38,29,97,0,37,178,215
2003,Placer County,November,1737,50,13,0,48,19,10,1723,935,9,4,0,19,5,0,924,63,77,13,24,10,24,67,101,0,17,59,76
2003,Placer County,December,1723,61,23,0,44,57,44,1662,924,14,14,0,14,5,0,933,84,145,28,19,44,62,58,164,0,37,75,112
2003,Plumas County,January,134,16,0,0,5,0,0,145,172,19,0,0,3,0,0,188,16,5,19,3,0,0,8,8,0,0,35,35
2003,Plumas County,February,145,5,0,0,3,0,0,147,188,12,0,0,6,0,0,194,5,3,12,6,0,0,9,9,0,0,17,17
2003,Plumas County,March,147,9,0,0,14,0,0,142,194,9,0,0,14,0,0,189,9,14,9,14,0,0,28,28,0,0,18,18
2003,Plumas County,April,142,6,0,0,2,0,0,146,189,4,0,0,5,0,0,188,6,2,4,5,0,0,7,7,0,0,10,10
2003,Plumas County,May,146,10,0,0,5,0,0,151,188,6,0,0,4,0,0,190,10,5,6,4,0,0,9,9,0,0,16,16
2003,Plumas County,June,151,10,0,0,2,0,0,159,190,5,0,0,7,0,0,188,10,2,5,7,0,0,9,9,0,0,15,15
2003,Plumas County,July,159,0,0,0,6,0,0,153,188,2,0,0,5,0,0,185,0,6,2,5,0,0,11,11,0,0,2,2
2003,Plumas County,August,153,0,0,0,4,0,0,149,185,0,0,0,3,0,0,182,0,4,0,3,0,0,7,7,0,0,0,0
2003,Plumas County,September,149,0,0,0,1,0,0,148,182,1,0,0,0,0,0,183,0,1,1,0,0,0,1,1,0,0,1,1
2003,Plumas County,October,148,19,0,0,5,0,0,162,183,10,0,0,9,0,0,184,19,5,10,9,0,0,14,14,0,0,29,29
2003,Plumas County,November,162,5,6,0,6,0,0,167,184,12,0,0,3,6,0,187,11,6,12,9,0,6,9,15,0,6,17,23
2003,Plumas County,December,167,11,4,0,1,0,0,181,187,20,0,0,4,7,0,196,15,1,20,11,0,7,5,12,0,4,31,35
2003,Riverside County,January,9747,407,178,0,270,202,0,9860,1857,77,34,0,51,39,0,1878,585,472,111,90,0,241,321,562,0,212,484,696
2003,Riverside County,February,9860,414,176,0,307,218,0,9925,1878,79,34,0,58,42,0,1891,590,525,113,100,0,260,365,625,0,210,493,703
2003,Riverside County,March,9925,541,187,0,288,266,0,10099,1891,103,36,0,55,51,0,1924,728,554,139,106,0,317,343,660,0,223,644,867
2003,Riverside County,April,10099,571,223,0,349,301,0,10243,1924,109,43,0,67,58,0,1951,794,650,152,125,0,359,416,775,0,266,680,946
2003,Riverside County,May,10243,527,189,0,364,256,0,10339,1951,100,36,0,69,49,0,1969,716,620,136,118,0,305,433,738,0,225,627,852
2003,Riverside County,June,10339,511,288,0,440,208,0,10490,1969,98,55,0,84,40,0,1998,799,648,153,124,0,248,524,772,0,343,609,952
2003,Riverside County,July,10490,598,296,0,362,317,0,10705,1998,115,56,0,70,60,0,2039,894,679,171,130,0,377,432,809,0,352,713,1065
2003,Riverside County,August,10705,471,208,0,194,241,0,10949,2039,90,40,0,38,46,0,2085,679,435,130,84,0,287,232,519,0,248,561,809
2003,Riverside County,September,10949,491,195,0,431,241,0,10963,2085,94,37,0,82,46,0,2088,686,672,131,128,0,287,513,800,0,232,585,817
2003,Riverside County,October,10963,519,193,0,336,267,0,11072,2088,99,37,0,65,51,0,2108,712,603,136,116,0,318,401,719,0,230,618,848
2003,Riverside County,November,11072,230,123,0,202,193,0,11030,2108,44,24,0,39,37,0,2100,353,395,68,76,0,230,241,471,0,147,274,421
2003,Riverside County,December,11030,462,175,0,351,280,0,11036,2100,88,33,0,53,53,0,2115,637,631,121,106,0,333,404,737,0,208,550,758
2003,Sacramento County,January,19022,512,460,46,827,240,2,18971,0,0,0,0,0,0,0,0,1018,1069,0,0,2,240,827,1069,46,460,512,1018
2003,Sacramento County,February,18971,387,379,0,702,175,1,18859,0,0,0,0,0,0,0,0,766,878,0,0,1,175,702,878,0,379,387,766
2003,Sacramento County,March,18859,542,417,166,852,347,1,18784,0,0,0,0,0,0,0,0,1125,1200,0,0,1,347,852,1200,166,417,542,1125
2003,Sacramento County,April,18784,600,388,158,708,361,0,18861,0,0,0,0,0,0,0,0,1146,1069,0,0,0,361,708,1069,158,388,600,1146
2003,Sacramento County,May,18861,541,403,171,743,331,1,18901,0,0,0,0,0,0,0,0,1115,1075,0,0,1,331,743,1075,171,403,541,1115
2003,Sacramento County,June,18901,512,258,117,826,152,0,18810,0,0,0,0,0,0,0,0,887,978,0,0,0,152,826,978,117,258,512,887
2003,Sacramento County,July,18810,515,290,0,706,185,17,18707,0,0,0,0,0,0,0,0,805,908,0,0,17,185,706,908,0,290,515,805
2003,Sacramento County,August,18707,498,462,192,843,359,3,18654,0,0,0,0,0,0,0,0,1152,1205,0,0,3,359,843,1205,192,462,498,1152
2003,Sacramento County,September,18654,429,435,110,717,326,2,18583,0,0,0,0,0,0,0,0,974,1045,0,0,2,326,717,1045,110,435,429,974
2003,Sacramento County,October,18583,499,407,42,671,296,2,18562,0,0,0,0,0,0,0,0,948,969,0,0,2,296,671,969,42,407,499,948
2003,Sacramento County,November,18562,378,336,71,816,318,0,18213,0,0,0,0,0,0,0,0,785,1134,0,0,0,318,816,1134,71,336,378,785
2003,Sacramento County,December,18213,500,381,0,613,233,0,18248,0,0,0,0,0,0,0,0,881,846,0,0,0,233,613,846,0,381,500,881
2003,San Benito County,January,419,23,9,0,14,9,1,427,149,3,1,0,7,2,0,144,32,24,4,9,1,11,21,33,0,10,26,36
2003,San Benito County,February,427,11,2,0,0,4,5,431,144,3,0,0,2,0,0,145,13,9,3,2,5,4,2,11,0,2,14,16
2003,San Benito County,March,431,36,8,0,7,8,0,460,145,34,1,0,2,0,0,178,44,15,35,2,0,8,9,17,0,9,70,79
2003,San Benito County,April,460,9,5,0,12,10,3,449,178,12,1,0,3,2,0,186,14,25,13,5,3,12,15,30,0,6,21,27
2003,San Benito County,May,449,13,2,0,4,7,1,452,186,15,0,0,1,0,0,200,15,12,15,1,1,7,5,13,0,2,28,30
2003,San Benito County,June,452,32,11,0,17,17,9,452,200,17,2,0,11,7,0,201,43,43,19,18,9,24,28,61,0,13,49,62
2003,San Benito County,July,452,17,5,0,15,14,2,443,201,22,0,0,11,13,1,198,22,31,22,25,3,27,26,56,0,5,39,44
2003,San Benito County,August,443,8,10,0,15,12,2,432,198,2,6,0,9,21,0,176,18,29,8,30,2,33,24,59,0,16,10,26
2003,San Benito County,September,432,14,4,0,11,6,10,423,176,12,1,1,7,16,0,167,18,27,14,23,10,22,18,50,1,5,26,32
2003,San Benito County,October,423,10,1,0,14,6,6,408,167,5,4,0,9,8,0,159,11,26,9,17,6,14,23,43,0,5,15,20
2003,San Benito County,November,408,9,1,0,5,3,1,409,159,4,3,0,1,7,0,158,10,9,7,8,1,10,6,17,0,4,13,17
2003,San Benito County,December,409,15,2,0,10,4,9,403,158,7,3,0,5,4,0,159,17,23,10,9,9,8,15,32,0,5,22,27
2003,San Bernardino County,January,15278,476,28,0,246,230,10,15296,531,5,1,0,7,3,0,527,504,486,6,10,10,233,253,496,0,29,481,510
2003,San Bernardino County,February,15296,341,20,0,167,196,9,15285,527,13,0,0,4,3,0,533,361,372,13,7,9,199,171,379,0,20,354,374
2003,San Bernardino County,March,15285,408,29,0,235,243,7,15237,533,13,3,0,3,6,1,539,437,485,16,10,8,249,238,495,0,32,421,453
2003,San Bernardino County,April,15237,452,31,0,184,310,8,15218,539,14,1,0,4,3,0,547,483,502,15,7,8,313,188,509,0,32,466,498
2003,San Bernardino County,May,15218,272,28,0,141,145,2,15230,547,8,0,0,1,1,2,551,300,288,8,4,4,146,142,292,0,28,280,308
2003,San Bernardino County,June,15230,529,28,1,195,6,2,15585,551,12,0,0,3,2,1,557,558,203,12,6,3,8,198,209,1,28,541,570
2003,San Bernardino County,July,15585,399,42,0,131,225,6,15664,557,17,0,0,4,3,0,567,441,362,17,7,6,228,135,369,0,42,416,458
2003,San Bernardino County,August,15664,575,29,0,175,226,5,15862,567,14,1,0,2,2,2,576,604,406,15,6,7,228,177,412,0,30,589,619
2003,San Bernardino County,September,15862,441,38,0,219,257,7,15858,576,19,1,0,4,4,0,588,479,483,20,8,7,261,223,491,0,39,460,499
2003,San Bernardino County,October,15858,580,34,0,151,183,5,16133,588,11,0,0,4,0,3,592,614,339,11,7,8,183,155,346,0,34,591,625
2003,San Bernardino County,November,16133,431,12,0,118,97,10,16351,592,8,0,0,5,0,0,595,443,225,8,5,10,97,123,230,0,12,439,451
2003,San Bernardino County,December,16351,486,28,0,264,240,23,16338,595,5,0,0,3,0,3,589,514,527,5,6,26,240,267,533,0,28,491,519
2003,San Diego County,January,24725,659,294,0,310,308,0,25060,2569,123,1,0,39,17,0,2637,953,618,124,56,0,325,349,674,0,295,782,1077
2003,San Diego County,February,25060,548,209,0,399,365,0,25053,2637,109,3,0,35,15,0,2699,757,764,112,50,0,380,434,814,0,212,657,869
2003,San Diego County,March,25053,733,253,0,383,411,0,25245,2699,111,4,0,100,8,0,2706,986,794,115,108,0,419,483,902,0,257,844,1101
2003,San Diego County,April,25245,845,280,0,319,412,0,25639,2706,146,1,0,44,10,0,2799,1125,731,147,54,0,422,363,785,0,281,991,1272
2003,San Diego County,May,25639,835,309,0,375,445,0,25963,2799,111,2,0,88,9,0,2815,1144,820,113,97,0,454,463,917,0,311,946,1257
2003,San Diego County,June,25963,742,309,0,336,239,0,26439,2815,130,0,0,54,5,0,2886,1051,575,130,59,0,244,390,634,0,309,872,1181
2003,San Diego County,July,26439,927,332,0,360,450,0,26888,2886,90,1,0,50,7,0,2920,1259,810,91,57,0,457,410,867,0,333,1017,1350
2003,San Diego County,August,26888,695,352,0,283,376,0,27276,2920,93,4,0,50,4,0,2963,1047,659,97,54,0,380,333,713,0,356,788,1144
2003,San Diego County,September,27276,695,336,0,611,390,0,27306,2963,105,3,0,49,3,0,3019,1031,1001,108,52,0,393,660,1053,0,339,800,1139
2003,San Diego County,October,27306,824,409,0,251,327,0,27961,3019,93,4,0,49,27,0,3040,1233,578,97,76,0,354,300,654,0,413,917,1330
2003,San Diego County,November,27961,539,229,0,309,304,0,28116,3040,95,5,0,52,20,0,3068,768,613,100,72,0,324,361,685,0,234,634,868
2003,San Diego County,December,28116,697,306,0,617,273,0,28229,3068,48,1,0,44,8,0,3065,1003,890,49,52,0,281,661,942,0,307,745,1052
2003,San Francisco County,January,0,0,0,0,0,0,0,0,0,0,0,0,0,0,0,0,0,0,0,0,0,0,0,0,0,0,0,0
2003,San Francisco County,February,0,0,0,0,0,0,0,0,0,0,0,0,0,0,0,0,0,0,0,0,0,0,0,0,0,0,0,0
2003,San Francisco County,March,0,0,0,0,0,0,0,0,0,0,0,0,0,0,0,0,0,0,0,0,0,0,0,0,0,0,0,0
2003,San Francisco County,April,0,0,0,0,0,0,0,0,0,0,0,0,0,0,0,0,0,0,0,0,0,0,0,0,0,0,0,0
2003,San Francisco County,May,0,0,0,0,0,0,0,0,0,0,0,0,0,0,0,0,0,0,0,0,0,0,0,0,0,0,0,0
2003,San Francisco County,June,0,0,0,0,0,0,0,0,0,0,0,0,0,0,0,0,0,0,0,0,0,0,0,0,0,0,0,0
2003,San Francisco County,July,0,0,0,0,0,0,0,0,0,0,0,0,0,0,0,0,0,0,0,0,0,0,0,0,0,0,0,0
2003,San Francisco County,August,0,0,0,0,0,0,0,0,0,0,0,0,0,0,0,0,0,0,0,0,0,0,0,0,0,0,0,0
2003,San Francisco County,September,0,0,0,0,0,0,0,0,0,0,0,0,0,0,0,0,0,0,0,0,0,0,0,0,0,0,0,0
2003,San Francisco County,October,0,0,0,0,0,0,0,0,0,0,0,0,0,0,0,0,0,0,0,0,0,0,0,0,0,0,0,0
2003,San Francisco County,November,0,0,0,0,0,0,0,0,0,0,0,0,0,0,0,0,0,0,0,0,0,0,0,0,0,0,0,0
2003,San Francisco County,December,0,0,0,0,0,0,0,0,0,0,0,0,0,0,0,0,0,0,0,0,0,0,0,0,0,0,0,0
2003,San Joaquin County,January,-423,140,364,0,96,304,0,-319,18924,385,256,0,91,536,0,18938,504,400,641,627,0,840,187,1027,0,620,525,1145
2003,San Joaquin County,February,-319,165,201,0,151,233,0,-337,18938,403,421,0,238,514,0,19010,366,384,824,752,0,747,389,1136,0,622,568,1190
2003,San Joaquin County,March,-337,170,256,0,96,304,0,-311,19010,431,364,0,91,536,0,19178,426,400,795,627,0,840,187,1027,0,620,601,1221
2003,San Joaquin County,April,-311,167,170,0,31,292,0,-297,19178,411,443,0,83,501,0,19448,337,323,854,584,0,793,114,907,0,613,578,1191
2003,San Joaquin County,May,-297,186,272,0,31,370,0,-240,19448,395,469,0,45,547,0,19720,458,401,864,592,0,917,76,993,0,741,581,1322
2003,San Joaquin County,June,-240,168,173,0,6,226,0,-131,19720,377,328,0,42,535,0,19848,341,232,705,577,0,761,48,809,0,501,545,1046
2003,San Joaquin County,July,-131,242,281,0,39,355,0,-2,19848,537,416,0,122,567,0,20112,523,394,953,689,0,922,161,1083,0,697,779,1476
2003,San Joaquin County,August,-2,179,169,0,10,254,0,82,20112,540,316,0,106,434,0,20428,348,264,856,540,0,688,116,804,0,485,719,1204
2003,San Joaquin County,September,82,211,164,0,58,181,0,218,20428,612,398,0,77,538,0,20823,375,239,1010,615,0,719,135,854,0,562,823,1385
2003,San Joaquin County,October,218,221,127,0,49,317,0,200,20823,535,306,0,160,495,0,21009,348,366,841,655,0,812,209,1021,0,433,756,1189
2003,San Joaquin County,November,200,162,152,0,9,272,0,233,21009,462,373,0,68,484,0,21292,314,281,835,552,0,756,77,833,0,525,624,1149
2003,San Joaquin County,December,233,256,216,0,8,327,0,370,21292,517,402,0,97,704,0,21410,472,335,919,801,0,1031,105,1136,0,618,773,1391
2003,San Luis Obispo County,January,1925,79,10,0,25,30,0,1959,1407,52,8,0,37,15,0,1415,89,55,60,52,0,45,62,107,0,18,131,149
2003,San Luis Obispo County,February,1959,30,12,0,38,19,0,1944,1415,65,3,0,31,7,0,1445,42,57,68,38,0,26,69,95,0,15,95,110
2003,San Luis Obispo County,March,1944,60,25,0,37,24,0,1968,1445,56,14,0,28,25,0,1462,85,61,70,53,0,49,65,114,0,39,116,155
2003,San Luis Obispo County,April,1968,41,13,0,48,16,0,1958,1462,63,18,0,39,16,6,1482,54,64,81,61,6,32,87,125,0,31,104,135
2003,San Luis Obispo County,May,1958,43,11,0,40,17,0,1955,1482,55,3,0,41,4,0,1495,54,57,58,45,0,21,81,102,0,14,98,112
2003,San Luis Obispo County,June,1955,29,20,0,36,26,0,1942,1495,56,31,0,9,33,0,1540,49,62,87,42,0,59,45,104,0,51,85,136
2003,San Luis Obispo County,July,1942,84,16,0,31,34,0,1977,1540,53,21,0,16,22,0,1576,100,65,74,38,0,56,47,103,0,37,137,174
2003,San Luis Obispo County,August,1977,44,24,0,33,23,0,1989,1576,53,11,0,46,15,0,1579,68,56,64,61,0,38,79,117,0,35,97,132
2003,San Luis Obispo County,September,1989,51,15,0,38,31,0,1986,1579,48,6,0,33,16,0,1584,66,69,54,49,0,47,71,118,0,21,99,120
2003,San Luis Obispo County,October,1986,46,18,0,31,29,0,1990,1584,54,13,0,24,17,0,1610,64,60,67,41,0,46,55,101,0,31,100,131
2003,San Luis Obispo County,November,1990,40,11,0,27,36,0,1978,1610,42,10,0,26,19,0,1617,51,63,52,45,0,55,53,108,0,21,82,103
2003,San Luis Obispo County,December,1978,42,12,0,51,16,0,1965,1617,88,16,0,32,32,0,1657,54,67,104,64,0,48,83,131,0,28,130,158
2003,San Mateo County,January,5005,143,78,0,98,82,4,5042,5248,107,30,0,77,50,3,5255,221,184,137,130,7,132,175,314,0,108,250,358
2003,San Mateo County,February,5042,120,63,1,103,48,3,5072,5255,151,48,0,109,60,1,5284,184,154,199,170,4,108,212,324,1,111,271,383
2003,San Mateo County,March,5072,133,75,1,96,69,9,5107,5284,225,54,0,120,71,1,5371,209,174,279,192,10,140,216,366,1,129,358,488
2003,San Mateo County,April,5107,143,86,0,78,106,3,5149,5371,188,78,0,118,86,2,5431,229,187,266,206,5,192,196,393,0,164,331,495
2003,San Mateo County,May,5149,118,87,1,103,98,3,5151,5431,161,66,0,123,61,4,5470,206,204,227,188,7,159,226,392,1,153,279,433
2003,San Mateo County,June,5151,121,52,0,93,74,5,5152,5470,149,63,0,107,56,1,5518,173,172,212,164,6,130,200,336,0,115,270,385
2003,San Mateo County,July,5152,121,93,1,75,96,5,5191,5518,176,48,0,129,87,3,5523,215,176,224,219,8,183,204,395,1,141,297,439
2003,San Mateo County,August,5191,101,81,0,69,50,5,5249,5523,152,68,0,113,73,0,5557,182,124,220,186,5,123,182,310,0,149,253,402
2003,San Mateo County,September,5249,108,87,0,103,52,0,5289,5557,174,74,0,149,78,3,5575,195,155,248,230,3,130,252,385,0,161,282,443
2003,San Mateo County,October,5289,139,98,0,84,76,7,5359,5575,185,66,0,142,64,1,5619,237,167,251,207,8,140,226,374,0,164,324,488
2003,San Mateo County,November,5359,91,68,0,59,61,3,5395,5619,150,80,0,71,53,3,5722,159,123,230,127,6,114,130,250,0,148,241,389
2003,San Mateo County,December,5395,135,73,0,77,57,3,5466,5722,173,57,0,114,79,4,5755,208,137,230,197,7,136,191,334,0,130,308,438
2003,Santa Barbara County,January,2606,76,36,0,46,56,7,2609,2364,180,27,0,58,42,96,2375,112,109,207,196,103,98,104,305,0,63,256,319
2003,Santa Barbara County,February,2592,91,32,0,19,42,10,2644,2362,165,30,0,33,46,74,2404,123,71,195,153,84,88,52,224,0,62,256,318
2003,Santa Barbara County,March,2629,103,28,0,38,62,11,2649,2381,157,35,0,62,55,78,2378,131,111,192,195,89,117,100,306,0,63,260,323
2003,Santa Barbara County,April,2633,93,39,0,43,58,8,2656,2365,189,43,0,50,75,100,2372,132,109,232,225,108,133,93,334,0,82,282,364
2003,Santa Barbara County,May,2640,84,33,0,34,63,15,2645,2372,183,38,0,48,61,88,2396,117,112,221,197,103,124,82,309,0,71,267,338
2003,Santa Barbara County,June,2627,80,32,0,43,69,9,2618,2371,138,35,0,47,65,67,2365,112,121,173,179,76,134,90,300,0,67,218,285
2003,Santa Barbara County,July,2691,94,29,0,34,67,9,2704,2451,178,38,0,55,52,89,2471,123,110,216,196,98,119,89,306,0,67,272,339
2003,Santa Barbara County,August,2699,72,14,0,42,48,12,2683,2463,119,11,0,31,41,107,2414,86,102,130,179,119,89,73,281,0,25,191,216
2003,Santa Barbara County,September,2757,105,12,0,36,56,17,2765,2470,169,8,0,27,61,111,2448,117,109,177,199,128,117,63,308,0,20,274,294
2003,Santa Barbara County,October,2770,89,10,0,27,70,14,2758,2471,151,3,0,45,44,95,2441,99,111,154,184,109,114,72,295,0,13,240,253
2003,Santa Barbara County,November,2781,74,10,0,38,55,9,2763,2460,127,4,0,39,44,84,2424,84,102,131,167,93,99,77,269,0,14,201,215
2003,Santa Barbara County,December,2771,75,10,0,28,55,16,2757,2436,183,7,0,27,52,79,2468,85,99,190,158,95,107,55,257,0,17,258,275
2003,Santa Clara County,January,10945,400,102,0,327,259,0,10861,7258,301,86,0,266,173,0,7206,502,586,387,439,0,432,593,1025,0,188,701,889
2003,Santa Clara County,February,10861,309,110,0,300,264,0,10716,7206,226,131,0,224,163,0,7176,419,564,357,387,0,427,524,951,0,241,535,776
2003,Santa Clara County,March,10716,367,109,0,276,284,0,10632,7176,279,90,0,244,159,0,7142,476,560,369,403,0,443,520,963,0,199,646,845
2003,Santa Clara County,April,10632,291,121,0,294,269,0,10481,7142,267,124,0,215,166,0,7152,412,563,391,381,0,435,509,944,0,245,558,803
2003,Santa Clara County,May,10481,305,110,0,338,313,0,10245,7152,293,91,0,237,187,0,7112,415,651,384,424,0,500,575,1075,0,201,598,799
2003,Santa Clara County,June,10245,366,119,0,284,257,0,10189,7112,248,161,0,227,163,0,7131,485,541,409,390,0,420,511,931,0,280,614,894
2003,Santa Clara County,July,10189,402,184,0,342,297,0,10136,7131,324,112,0,270,182,0,7115,586,639,436,452,0,479,612,1091,0,296,726,1022
2003,Santa Clara County,August,10136,325,138,0,334,270,0,9995,7115,260,152,0,200,185,0,7142,463,604,412,385,0,455,534,989,0,290,585,875
2003,Santa Clara County,September,9995,366,175,0,370,292,0,9874,7142,332,143,0,233,197,0,7187,541,662,475,430,0,489,603,1092,0,318,698,1016
2003,Santa Clara County,October,9874,332,176,0,328,330,0,9724,7187,291,132,0,266,220,0,7124,508,658,423,486,0,550,594,1144,0,308,623,931
2003,Santa Clara County,November,9724,289,158,0,242,197,0,9732,7124,269,132,0,164,153,0,7208,447,439,401,317,0,350,406,756,0,290,558,848
2003,Santa Clara County,December,9732,411,170,0,339,273,0,9701,7208,284,147,0,244,224,0,7171,581,612,431,468,0,497,583,1080,0,317,695,1012
2003,Santa Cruz County,January,2695,90,50,0,40,45,0,2750,2151,51,34,0,27,32,0,2177,140,85,85,59,0,77,67,144,0,84,141,225
2003,Santa Cruz County,February,2750,70,55,0,37,21,0,2817,2177,44,44,0,20,21,0,2224,125,58,88,41,0,42,57,99,0,99,114,213
2003,Santa Cruz County,March,2817,52,37,0,78,44,0,2784,2224,42,31,0,37,45,0,2215,89,122,73,82,0,89,115,204,0,68,94,162
2003,Santa Cruz County,April,2784,70,39,0,61,24,0,2808,2215,50,24,0,38,18,0,2233,109,85,74,56,0,42,99,141,0,63,120,183
2003,Santa Cruz County,May,2808,67,29,0,61,32,0,2811,2233,54,26,0,59,37,0,2217,96,93,80,96,0,69,120,189,0,55,121,176
2003,Santa Cruz County,June,2811,81,41,0,58,40,0,2835,2217,56,27,0,38,41,0,2221,122,98,83,79,0,81,96,177,0,68,137,205
2003,Santa Cruz County,July,2835,82,41,0,55,45,0,2858,2221,53,33,0,48,33,0,2226,123,100,86,81,0,78,103,181,0,74,135,209
2003,Santa Cruz County,August,2858,68,51,0,47,66,0,2864,2226,37,30,0,19,46,0,2228,119,113,67,65,0,112,66,178,0,81,105,186
2003,Santa Cruz County,September,2864,68,45,0,60,49,0,2868,2228,51,31,0,19,42,0,2249,113,109,82,61,0,91,79,170,0,76,119,195
2003,Santa Cruz County,October,2868,60,48,0,48,52,0,2876,2249,64,18,0,32,20,0,2279,108,100,82,52,0,72,80,152,0,66,124,190
2003,Santa Cruz County,November,2876,36,52,0,32,6,0,2926,2279,37,21,0,24,0,0,2313,88,38,58,24,0,6,56,62,0,73,73,146
2003,Santa Cruz County,December,2926,94,50,0,75,60,0,2935,2313,56,20,0,69,60,0,2260,144,135,76,129,0,120,144,264,0,70,150,220
2003,Shasta County,January,1905,39,39,18,78,29,0,1894,790,53,8,0,34,0,0,817,96,107,61,34,0,29,112,141,18,47,92,157
2003,Shasta County,February,1894,41,28,0,68,5,0,1890,817,23,17,0,44,18,0,795,69,73,40,62,0,23,112,135,0,45,64,109
2003,Shasta County,March,1890,46,76,17,45,34,0,1950,795,35,15,0,20,13,0,812,139,79,50,33,0,47,65,112,17,91,81,189
2003,Shasta County,April,1950,41,36,8,53,29,0,1953,812,39,20,0,50,13,0,808,85,82,59,63,0,42,103,145,8,56,80,144
2003,Shasta County,May,1953,48,33,8,60,11,0,1971,808,36,22,0,28,14,0,824,89,71,58,42,0,25,88,113,8,55,84,147
2003,Shasta County,June,1971,30,59,3,71,10,0,1982,824,43,15,0,17,8,0,857,92,81,58,25,0,18,88,106,3,74,73,150
2003,Shasta County,July,1982,45,47,19,51,23,0,2019,857,48,14,0,48,3,0,868,111,74,62,51,0,26,99,125,19,61,93,173
2003,Shasta County,August,2019,21,35,8,58,16,0,2009,868,43,16,0,21,11,0,895,64,74,59,32,0,27,79,106,8,51,64,123
2003,Shasta County,September,2009,34,56,7,55,15,0,2036,895,35,22,0,25,7,0,920,97,70,57,32,0,22,80,102,7,78,69,154
2003,Shasta County,October,2036,49,86,21,72,40,0,2080,920,29,14,0,29,20,0,914,156,112,43,49,0,60,101,161,21,100,78,199
2003,Shasta County,November,2080,38,52,11,38,29,0,2114,914,38,10,0,27,5,0,930,101,67,48,32,0,34,65,99,11,62,76,149
2003,Shasta County,December,2114,15,49,14,33,27,0,2132,930,30,16,0,15,2,0,959,78,60,46,17,0,29,48,77,14,65,45,124
2003,Sierra County,January,46,2,0,0,0,0,1,47,66,1,0,0,1,0,0,66,2,1,1,1,1,0,1,2,0,0,3,3
2003,Sierra County,February,47,2,0,1,2,0,0,48,66,1,0,0,2,0,0,65,3,2,1,2,0,0,4,4,1,0,3,4
2003,Sierra County,March,48,2,0,3,1,0,0,52,65,0,0,0,0,0,0,65,5,1,0,0,0,0,1,1,3,0,2,5
2003,Sierra County,April,52,5,2,0,1,0,0,58,65,0,0,0,0,0,0,65,7,1,0,0,0,0,1,1,0,2,5,7
2003,Sierra County,May,58,0,0,0,0,0,0,58,65,1,0,0,0,0,0,66,0,0,1,0,0,0,0,0,0,0,1,1
2003,Sierra County,June,58,2,0,0,2,0,7,51,66,2,0,0,0,0,13,55,2,9,2,13,20,0,2,22,0,0,4,4
2003,Sierra County,July,51,1,0,-2,1,0,1,48,55,1,0,2,2,0,0,56,-1,2,3,2,1,0,3,4,0,0,2,2
2003,Sierra County,August,48,5,0,0,0,0,0,53,56,4,0,0,2,0,0,58,5,0,4,2,0,0,2,2,0,0,9,9
2003,Sierra County,September,53,2,0,0,0,0,3,52,58,3,0,0,0,0,0,61,2,3,3,0,3,0,0,3,0,0,5,5
2003,Sierra County,October,52,0,1,0,0,0,0,53,61,0,0,0,2,0,0,59,1,0,0,2,0,0,2,2,0,1,0,1
2003,Sierra County,November,53,1,0,0,1,0,1,52,59,3,0,0,4,0,0,58,1,2,3,4,1,0,5,6,0,0,4,4
2003,Sierra County,December,52,2,0,0,2,0,1,51,58,5,0,0,3,0,2,58,2,3,5,5,3,0,5,8,0,0,7,7
2003,Siskiyou County,January,338,8,8,0,5,10,0,339,0,0,0,0,0,0,0,0,16,15,0,0,0,10,5,15,0,8,8,16
2003,Siskiyou County,February,339,17,8,0,6,10,0,348,0,0,0,0,0,0,0,0,25,16,0,0,0,10,6,16,0,8,17,25
2003,Siskiyou County,March,348,13,5,0,4,9,0,353,0,0,0,0,0,0,0,0,18,13,0,0,0,9,4,13,0,5,13,18
2003,Siskiyou County,April,353,13,8,0,9,10,0,355,0,0,0,0,0,0,0,0,21,19,0,0,0,10,9,19,0,8,13,21
2003,Siskiyou County,May,355,13,10,0,6,10,0,362,0,0,0,0,0,0,0,0,23,16,0,0,0,10,6,16,0,10,13,23
2003,Siskiyou County,June,362,15,4,0,16,41,0,324,0,0,0,0,0,0,0,0,19,57,0,0,0,41,16,57,0,4,15,19
2003,Siskiyou County,July,324,22,13,0,12,34,0,313,0,0,0,0,0,0,0,0,35,46,0,0,0,34,12,46,0,13,22,35
2003,Siskiyou County,August,313,22,13,0,12,34,0,302,0,0,0,0,0,0,0,0,35,46,0,0,0,34,12,46,0,13,22,35
2003,Siskiyou County,September,302,16,9,0,13,38,0,276,0,0,0,0,0,0,0,0,25,51,0,0,0,38,13,51,0,9,16,25
2003,Siskiyou County,October,276,27,10,0,25,40,0,248,0,0,0,0,0,0,0,0,37,65,0,0,0,40,25,65,0,10,27,37
2003,Siskiyou County,November,248,15,13,0,11,35,0,230,0,0,0,0,0,0,0,0,28,46,0,0,0,35,11,46,0,13,15,28
2003,Siskiyou County,December,230,15,8,0,6,30,0,217,0,0,0,0,0,0,0,0,23,36,0,0,0,30,6,36,0,8,15,23
2003,Solano County,January,2812,120,0,0,52,25,0,2855,3479,69,0,0,31,6,0,3511,120,77,69,37,0,31,83,114,0,0,189,189
2003,Solano County,February,2855,100,0,0,59,28,0,2868,3511,48,0,0,36,12,0,3511,100,87,48,48,0,40,95,135,0,0,148,148
2003,Solano County,March,2868,144,0,0,60,29,0,2923,3511,40,0,0,50,16,0,3485,144,89,40,66,0,45,110,155,0,0,184,184
2003,Solano County,April,2923,126,0,0,40,41,0,2968,3485,44,0,0,31,12,0,3486,126,81,44,43,0,53,71,124,0,0,170,170
2003,Solano County,May,2968,97,0,0,58,37,0,2970,3486,50,0,0,22,7,0,3507,97,95,50,29,0,44,80,124,0,0,147,147
2003,Solano County,June,2970,89,0,0,50,40,0,2969,3507,48,0,0,26,13,0,3516,89,90,48,39,0,53,76,129,0,0,137,137
2003,Solano County,July,2969,122,0,0,45,14,0,3032,3516,45,0,0,28,5,0,3528,122,59,45,33,0,19,73,92,0,0,167,167
2003,Solano County,August,3032,99,0,0,50,57,0,3024,3528,50,0,0,28,27,0,3523,99,107,50,55,0,84,78,162,0,0,149,149
2003,Solano County,September,3024,85,0,0,50,21,0,3038,3523,73,0,0,25,10,0,3561,85,71,73,35,0,31,75,106,0,0,158,158
2003,Solano County,October,3038,94,0,0,35,38,0,3059,3561,60,0,0,30,20,0,3571,94,73,60,50,0,58,65,123,0,0,154,154
2003,Solano County,November,3059,92,0,0,44,38,0,3069,3571,55,0,0,29,23,0,3574,92,82,55,52,0,61,73,134,0,0,147,147
2003,Solano County,December,3069,126,0,0,40,26,0,3129,3574,54,0,0,27,10,0,3591,126,66,54,37,0,36,67,103,0,0,180,180
2003,Sonoma County,January,1950,87,76,0,52,93,1,1967,1257,55,40,2,48,41,1,1264,163,146,97,90,2,134,100,236,2,116,142,260
2003,Sonoma County,February,1967,61,57,0,65,79,1,1940,1264,41,38,3,36,49,3,1258,118,145,82,88,4,128,101,233,3,95,102,200
2003,Sonoma County,March,1940,77,69,0,67,79,0,1940,1258,41,37,1,63,38,3,1233,146,146,79,104,3,117,130,250,1,106,118,225
2003,Sonoma County,April,1940,60,70,1,61,81,1,2060,1233,48,45,1,34,44,2,1233,131,143,94,80,3,125,95,223,2,115,108,225
2003,Sonoma County,May,2060,49,82,1,83,99,0,2010,1233,59,40,4,67,49,2,1247,132,182,103,118,2,148,150,300,5,122,108,235
2003,Sonoma County,June,2010,57,78,0,60,85,0,2000,1247,62,52,4,50,41,1,1273,135,145,118,92,1,126,110,237,4,130,119,253
2003,Sonoma County,July,2000,70,94,0,68,74,0,2022,1273,66,45,3,54,51,2,1280,164,142,114,107,2,125,122,249,3,139,136,278
2003,Sonoma County,August,2022,74,70,1,66,71,0,2030,1280,52,46,0,54,43,3,1278,145,137,98,100,3,114,120,237,1,116,126,243
2003,Sonoma County,September,2030,59,66,1,76,93,0,1987,1278,51,29,1,42,64,1,1252,126,169,81,107,1,157,118,276,2,95,110,207
2003,Sonoma County,October,1987,71,71,0,65,90,0,1974,1252,37,43,2,42,53,5,1234,142,155,82,100,5,143,107,255,2,114,108,224
2003,Sonoma County,November,1974,53,71,1,50,63,2,1984,1234,42,46,3,51,42,148,1084,125,115,91,241,150,105,101,356,4,117,95,216
2003,Sonoma County,December,1984,67,63,0,69,73,1,1971,1084,28,49,4,50,50,31,1034,130,143,81,131,32,123,119,274,4,112,95,211
2003,Stanislaus County,January,4873,129,22,29,122,49,16,4866,517,10,0,0,8,0,0,519,180,187,10,8,16,49,130,195,29,22,139,190
2003,Stanislaus County,February,4866,124,42,12,262,113,8,4661,519,15,0,0,7,0,0,527,178,383,15,7,8,113,269,390,12,42,139,193
2003,Stanislaus County,March,4661,166,52,10,120,46,12,4711,527,11,0,0,18,4,0,516,228,178,11,22,12,50,138,200,10,52,177,239
2003,Stanislaus County,April,4711,189,24,3,78,32,3,4814,516,10,0,0,10,4,0,512,216,113,10,14,3,36,88,127,3,24,199,226
2003,Stanislaus County,May,4814,190,22,17,140,57,11,4835,512,0,0,0,10,0,0,502,229,208,0,10,11,57,150,218,17,22,190,229
2003,Stanislaus County,June,4835,60,49,13,102,83,4,4768,502,1,0,0,5,0,0,498,122,189,1,5,4,83,107,194,13,49,61,123
2003,Stanislaus County,July,4768,206,52,5,173,8,0,4850,498,1,2,0,15,0,0,486,263,181,3,15,0,8,188,196,5,54,207,266
2003,Stanislaus County,August,4850,217,95,12,165,246,8,4755,486,10,0,0,5,0,2,489,324,419,10,7,10,246,170,426,12,95,227,334
2003,Stanislaus County,September,4755,169,72,8,113,115,5,4771,489,3,8,0,1,7,0,492,249,233,11,8,5,122,114,241,8,80,172,260
2003,Stanislaus County,October,4771,178,101,7,212,84,11,4750,492,4,6,0,1,4,0,497,286,307,10,5,11,88,213,312,7,107,182,296
2003,Stanislaus County,November,4750,152,73,0,93,24,2,4856,497,2,0,0,2,2,0,495,225,119,2,4,2,26,95,123,0,73,154,227
2003,Stanislaus County,December,4856,200,104,9,164,62,4,4939,495,4,1,0,16,5,0,479,313,230,5,21,4,67,180,251,9,105,204,318
2003,Sutter County,January,2377,26,22,7,10,11,4,2407,520,6,4,0,8,0,1,521,55,25,10,9,5,11,18,34,7,26,32,65
2003,Sutter County,February,2407,28,19,0,18,17,2,2417,521,9,8,1,2,0,2,535,47,37,18,4,4,17,20,41,1,27,37,65
2003,Sutter County,March,2417,35,34,0,16,11,1,2458,535,7,2,0,2,1,0,541,69,28,9,3,1,12,18,31,0,36,42,78
2003,Sutter County,April,2458,24,28,0,8,19,2,2481,541,6,6,0,5,0,0,548,52,29,12,5,2,19,13,34,0,34,30,64
2003,Sutter County,May,2481,26,29,0,11,13,3,2509,548,3,7,0,2,3,2,551,55,27,10,7,5,16,13,34,0,36,29,65
2003,Sutter County,June,2509,25,31,3,4,5,9,2550,551,2,3,0,2,0,3,551,59,18,5,5,12,5,6,23,3,34,27,64
2003,Sutter County,July,2550,29,32,5,1,11,15,2589,551,7,0,0,6,0,2,550,66,27,7,8,17,11,7,35,5,32,36,73
2003,Sutter County,August,2589,35,23,2,3,9,11,2626,550,0,5,0,1,1,1,552,60,23,5,3,12,10,4,26,2,28,35,65
2003,Sutter County,September,2626,22,26,5,2,14,6,2657,552,4,5,0,0,0,1,560,53,22,9,1,7,14,2,23,5,31,26,62
2003,Sutter County,October,2657,25,22,1,2,12,10,2681,560,5,2,0,4,2,2,559,48,24,7,8,12,14,6,32,1,24,30,55
2003,Sutter County,November,2681,19,14,1,0,11,8,2696,559,4,5,0,0,0,1,567,34,19,9,1,9,11,0,20,1,19,23,43
2003,Sutter County,December,2696,24,21,2,0,11,2,2730,567,3,6,0,1,0,0,575,47,13,9,1,2,11,1,14,2,27,27,56
2003,Tehama County,January,349,16,0,5,2,2,10,356,248,7,0,12,2,5,6,254,21,14,19,13,16,7,4,27,17,0,23,40
2003,Tehama County,February,356,12,0,9,5,2,14,356,254,5,0,4,3,8,16,236,21,21,9,27,30,10,8,48,13,0,17,30
2003,Tehama County,March,356,14,1,5,10,0,11,355,236,9,9,4,10,1,4,243,20,21,22,15,15,1,20,36,9,10,23,42
2003,Tehama County,April,355,15,0,5,5,5,10,355,243,12,0,1,5,3,5,243,20,20,13,13,15,8,10,33,6,0,27,33
2003,Tehama County,May,355,12,0,6,14,0,7,352,243,12,0,1,15,0,5,236,18,21,13,20,12,0,29,41,7,0,24,31
2003,Tehama County,June,352,13,0,1,14,0,5,347,236,13,0,4,7,1,7,238,14,19,17,15,12,1,21,34,5,0,26,31
2003,Tehama County,July,347,14,1,11,12,4,7,350,238,6,0,2,5,1,4,236,26,23,8,10,11,5,17,33,13,1,20,34
2003,Tehama County,August,350,8,0,5,8,5,1,349,236,8,0,0,6,1,5,232,13,14,8,12,6,6,14,26,5,0,16,21
2003,Tehama County,September,349,13,1,3,5,4,2,355,232,4,0,0,8,1,2,225,17,11,4,11,4,5,13,22,3,1,17,21
2003,Tehama County,October,355,8,0,5,6,10,10,342,225,8,2,2,5,2,4,226,13,26,12,11,14,12,11,37,7,2,16,25
2003,Tehama County,November,342,10,0,9,4,0,12,345,226,11,0,2,2,0,11,226,19,16,13,13,23,0,6,29,11,0,21,32
2003,Tehama County,December,345,12,2,8,8,0,8,351,226,17,0,4,2,1,8,236,22,16,21,11,16,1,10,27,12,2,29,43
2003,Trinity County,January,365,2,0,2,4,0,3,362,13,0,0,0,0,0,0,13,4,7,0,0,3,0,4,7,2,0,2,4
2003,Trinity County,February,362,2,0,0,3,1,0,360,13,0,0,0,0,0,0,13,2,4,0,0,0,1,3,4,0,0,2,2
2003,Trinity County,March,360,2,2,0,6,1,3,354,13,0,0,0,0,0,0,13,4,10,0,0,3,1,6,10,0,2,2,4
2003,Trinity County,April,354,9,1,0,8,1,1,354,13,0,0,0,0,0,0,13,10,10,0,0,1,1,8,10,0,1,9,10
2003,Trinity County,May,354,7,0,0,11,0,1,349,13,0,0,0,0,0,0,13,7,12,0,0,1,0,11,12,0,0,7,7
2003,Trinity County,June,349,6,1,2,7,0,4,347,13,0,0,0,0,0,0,13,9,11,0,0,4,0,7,11,2,1,6,9
2003,Trinity County,July,347,8,0,1,7,0,1,348,13,0,0,0,0,0,0,13,9,8,0,0,1,0,7,8,1,0,8,9
2003,Trinity County,August,348,8,2,0,8,0,0,350,13,0,0,0,0,0,0,13,10,8,0,0,0,0,8,8,0,2,8,10
2003,Trinity County,September,350,7,2,3,14,0,1,347,13,0,0,0,1,0,0,12,12,15,0,1,1,0,15,16,3,2,7,12
2003,Trinity County,October,347,4,4,1,4,2,2,348,12,0,0,0,0,0,0,12,9,8,0,0,2,2,4,8,1,4,4,9
2003,Trinity County,November,348,4,2,0,3,0,2,349,12,0,0,0,0,0,0,12,6,5,0,0,2,0,3,5,0,2,4,6
2003,Trinity County,December,349,3,2,0,5,1,2,346,12,0,0,0,1,0,0,11,5,8,0,1,2,1,6,9,0,2,3,5
2003,Tulare County,January,4002,217,46,0,122,41,0,4102,0,0,0,0,0,0,0,0,263,163,0,0,0,41,122,163,0,46,217,263
2003,Tulare County,February,4102,214,59,0,146,23,0,4206,0,0,0,0,0,0,0,0,273,169,0,0,0,23,146,169,0,59,214,273
2003,Tulare County,March,4206,299,113,0,156,49,0,4413,0,0,0,0,0,0,0,0,412,205,0,0,0,49,156,205,0,113,299,412
2003,Tulare County,April,4413,160,51,0,228,59,0,4337,0,0,0,0,0,0,0,0,211,287,0,0,0,59,228,287,0,51,160,211
2003,Tulare County,May,4337,201,54,0,200,78,0,4314,0,0,0,0,0,0,0,0,255,278,0,0,0,78,200,278,0,54,201,255
2003,Tulare County,June,4314,269,64,0,163,71,0,4413,0,0,0,0,0,0,0,0,333,234,0,0,0,71,163,234,0,64,269,333
2003,Tulare County,July,4413,235,70,0,157,53,0,4508,0,0,0,0,0,0,0,0,305,210,0,0,0,53,157,210,0,70,235,305
2003,Tulare County,August,4508,174,57,0,97,80,0,4562,0,0,0,0,0,0,0,0,231,177,0,0,0,80,97,177,0,57,174,231
2003,Tulare County,September,4562,216,79,0,140,46,0,4671,0,0,0,0,0,0,0,0,295,186,0,0,0,46,140,186,0,79,216,295
2003,Tulare County,October,4671,234,63,0,119,74,0,4775,0,0,0,0,0,0,0,0,297,193,0,0,0,74,119,193,0,63,234,297
2003,Tulare County,November,4775,215,84,0,130,65,0,4879,0,0,0,0,0,0,0,0,299,195,0,0,0,65,130,195,0,84,215,299
2003,Tulare County,December,4879,234,73,0,146,72,0,4968,0,0,0,0,0,0,0,0,307,218,0,0,0,72,146,218,0,73,234,307
2003,Tuolumne County,January,561,24,0,0,1,3,0,581,1097,36,2,0,9,1,0,1125,24,4,38,10,0,4,10,14,0,2,60,62
2003,Tuolumne County,February,581,12,3,0,2,5,0,589,1125,24,11,0,1,0,0,1159,15,7,35,1,0,5,3,8,0,14,36,50
2003,Tuolumne County,March,589,29,14,0,6,2,0,624,1159,51,38,0,15,14,0,1219,43,8,89,29,0,16,21,37,0,52,80,132
2003,Tuolumne County,April,624,26,16,0,67,10,23,566,1219,50,48,0,241,61,4,1011,42,100,98,306,27,71,308,406,0,64,76,140
2003,Tuolumne County,May,566,8,10,0,57,46,142,339,1011,37,12,0,79,22,0,959,18,245,49,101,142,68,136,346,0,22,45,67
2003,Tuolumne County,June,339,7,5,0,42,7,15,287,959,47,30,0,163,30,0,843,12,64,77,193,15,37,205,257,0,35,54,89
2003,Tuolumne County,July,287,14,14,0,16,12,15,272,843,88,21,0,49,30,0,873,28,43,109,79,15,42,65,122,0,35,102,137
2003,Tuolumne County,August,272,27,15,0,17,20,12,265,873,28,43,0,34,41,0,869,42,49,71,75,12,61,51,124,0,58,55,113
2003,Tuolumne County,September,265,28,9,0,16,8,10,268,869,49,18,0,31,36,0,869,37,34,67,67,10,44,47,101,0,27,77,104
2003,Tuolumne County,October,268,30,9,0,7,10,5,285,869,54,42,0,28,58,1,878,39,22,96,87,6,68,35,109,0,51,84,135
2003,Tuolumne County,November,285,19,7,0,19,6,2,284,878,26,26,0,15,24,1,890,26,27,52,40,3,30,34,67,0,33,45,78
2003,Tuolumne County,December,284,37,6,0,12,14,14,287,890,40,23,0,38,30,2,883,43,40,63,70,16,44,50,110,0,29,77,106
2003,Ventura County,January,1285,66,97,0,14,0,0,1434,9524,295,83,0,41,11,0,9850,163,14,378,52,0,11,55,66,0,180,361,541
2003,Ventura County,February,1434,60,67,0,19,0,0,1542,9850,277,55,0,20,422,0,9740,127,19,332,442,0,422,39,461,0,122,337,459
2003,Ventura County,March,1542,85,151,0,31,0,0,1747,9740,267,62,0,47,482,0,9540,236,31,329,529,0,482,78,560,0,213,352,565
2003,Ventura County,April,1747,88,122,0,29,0,0,1928,9540,315,2102,0,41,0,0,11916,210,29,2417,41,0,0,70,70,0,2224,403,2627
2003,Ventura County,May,1928,81,149,0,36,0,0,2122,11916,333,68,0,34,553,0,11730,230,36,401,587,0,553,70,623,0,217,414,631
2003,Ventura County,June,2122,67,50,0,40,0,0,2199,11730,296,64,0,37,446,0,11607,117,40,360,483,0,446,77,523,0,114,363,477
2003,Ventura County,July,2199,77,63,0,30,0,0,2309,11607,246,43,0,30,506,0,11360,140,30,289,536,0,506,60,566,0,106,323,429
2003,Ventura County,August,2309,80,51,0,27,0,0,2413,11360,249,49,0,21,385,0,11252,131,27,298,406,0,385,48,433,0,100,329,429
2003,Ventura County,September,2413,81,31,0,36,0,0,2489,11252,299,55,0,24,435,0,11147,112,36,354,459,0,435,60,495,0,86,380,466
2003,Ventura County,October,2489,80,21,0,20,21,0,2549,11147,297,66,0,28,375,0,11107,101,41,363,403,0,396,48,444,0,87,377,464
2003,Ventura County,November,2549,57,50,0,26,0,0,2630,11107,257,36,0,19,231,0,11150,107,26,293,250,0,231,45,276,0,86,314,400
2003,Ventura County,December,2630,88,22,0,27,12,0,2701,11150,322,46,0,35,298,0,11185,110,39,368,333,0,310,62,372,0,68,410,478
2003,Yolo County,January,3222,90,60,0,38,60,0,3274,0,0,0,0,0,0,0,0,150,98,0,0,0,60,38,98,0,60,90,150
2003,Yolo County,February,3274,63,37,0,35,42,0,3297,0,0,0,0,0,0,0,0,100,77,0,0,0,42,35,77,0,37,63,100
2003,Yolo County,March,3297,99,53,0,40,39,0,3370,0,0,0,0,0,0,0,0,152,79,0,0,0,39,40,79,0,53,99,152
2003,Yolo County,April,3370,103,59,0,41,43,0,3448,0,0,0,0,0,0,0,0,162,84,0,0,0,43,41,84,0,59,103,162
2003,Yolo County,May,3448,86,60,0,52,34,0,3508,0,0,0,0,0,0,0,0,146,86,0,0,0,34,52,86,0,60,86,146
2003,Yolo County,June,3508,80,37,0,9,25,0,3591,0,0,0,0,0,0,0,0,117,34,0,0,0,25,9,34,0,37,80,117
2003,Yolo County,July,3591,88,43,0,72,69,0,3581,0,0,0,0,0,0,0,0,131,141,0,0,0,69,72,141,0,43,88,131
2003,Yolo County,August,3581,73,53,0,85,47,0,3575,0,0,0,0,0,0,0,0,126,132,0,0,0,47,85,132,0,53,73,126
2003,Yolo County,September,3575,71,53,0,78,53,0,3568,0,0,0,0,0,0,0,0,124,131,0,0,0,53,78,131,0,53,71,124
2003,Yolo County,October,3568,78,32,0,35,75,0,3568,0,0,0,0,0,0,0,0,110,110,0,0,0,75,35,110,0,32,78,110
2003,Yolo County,November,3568,53,27,0,31,28,0,3589,0,0,0,0,0,0,0,0,80,59,0,0,0,28,31,59,0,27,53,80
2003,Yolo County,December,3589,82,50,0,11,25,0,3685,0,0,0,0,0,0,0,0,132,36,0,0,0,25,11,36,0,50,82,132
2003,Yuba County,January,373,13,10,0,7,11,0,378,194,9,17,0,6,29,1,184,23,18,26,36,1,40,13,54,0,27,22,49
2003,Yuba County,February,378,7,23,0,7,15,0,386,184,3,16,0,6,21,0,176,30,22,19,27,0,36,13,49,0,39,10,49
2003,Yuba County,March,386,19,7,0,9,3,0,400,176,9,9,0,4,8,0,182,26,12,18,12,0,11,13,24,0,16,28,44
2003,Yuba County,April,400,5,4,0,7,8,0,394,182,12,12,0,6,19,0,181,9,15,24,25,0,27,13,40,0,16,17,33
2003,Yuba County,May,394,8,7,0,9,13,1,386,181,14,13,0,5,29,0,174,15,23,27,34,1,42,14,57,0,20,22,42
2003,Yuba County,June,386,10,13,0,8,8,0,393,174,5,18,0,3,28,0,166,23,16,23,31,0,36,11,47,0,31,15,46
2003,Yuba County,July,393,13,10,0,4,10,0,402,166,3,15,0,7,16,0,161,23,14,18,23,0,26,11,37,0,25,16,41
2003,Yuba County,August,402,0,0,0,0,0,0,402,161,0,0,0,0,0,0,161,0,0,0,0,0,0,0,0,0,0,0,0
2003,Yuba County,September,402,0,0,0,0,0,0,402,161,0,0,0,0,0,0,161,0,0,0,0,0,0,0,0,0,0,0,0
2003,Yuba County,October,402,4,2,0,14,4,1,389,161,5,14,0,4,8,0,168,6,19,19,12,1,12,18,31,0,16,9,25
2003,Yuba County,November,389,6,8,0,9,14,0,380,168,11,13,0,2,6,0,184,14,23,24,8,0,20,11,31,0,21,17,38
2003,Yuba County,December,380,18,13,0,15,7,1,388,184,9,13,0,4,12,0,190,31,23,22,16,1,19,19,39,0,26,27,53
2004,Alameda County,January,15206,351,190,0,188,154,102,15303,2066,32,12,0,10,24,173,1903,541,444,44,207,275,178,198,651,0,202,383,585
2004,Alameda County,February,15303,301,126,2,166,137,32,15397,1903,49,15,0,15,28,89,1835,429,335,64,132,121,165,181,467,2,141,350,493
2004,Alameda County,March,15397,502,220,0,200,186,247,15486,1835,37,13,0,17,27,58,1783,722,633,50,102,305,213,217,735,0,233,539,772
2004,Alameda County,April,15486,341,135,0,199,135,86,15542,1783,50,12,4,27,18,20,1784,476,420,66,65,106,153,226,485,4,147,391,542
2004,Alameda County,May,15542,364,131,0,209,87,195,15546,1784,39,13,0,18,22,39,1757,495,491,52,79,234,109,227,570,0,144,403,547
2004,Alameda County,June,15546,363,168,0,218,191,209,15459,1757,51,7,0,13,34,28,1740,531,618,58,75,237,225,231,693,0,175,414,589
2004,Alameda County,July,15459,362,154,0,181,125,115,15554,1740,67,14,0,27,15,29,1750,516,421,81,71,144,140,208,492,0,168,429,597
2004,Alameda County,August,15554,319,127,0,205,125,130,15540,1750,80,2,0,33,33,54,1712,446,460,82,120,184,158,238,580,0,129,399,528
2004,Alameda County,September,15540,338,147,0,170,117,125,15613,1712,40,3,0,30,18,9,1698,485,412,43,57,134,135,200,469,0,150,378,528
2004,Alameda County,October,15613,306,110,0,194,165,102,15568,1698,42,4,0,26,19,32,1667,416,461,46,77,134,184,220,538,0,114,348,462
2004,Alameda County,November,15568,380,134,0,213,140,141,15588,1667,47,5,0,24,15,8,1672,514,494,52,47,149,155,237,541,0,139,427,566
2004,Alameda County,December,15588,255,78,51,223,82,22,15645,1672,32,5,2,30,20,7,1654,384,327,39,57,29,102,253,384,53,83,287,423
2004,Alpine County,January,26,0,0,0,0,0,0,26,51,0,0,0,1,0,1,49,0,0,0,2,1,0,1,2,0,0,0,0
2004,Alpine County,February,26,1,0,0,2,0,0,25,49,1,1,0,1,1,0,49,1,2,2,2,0,1,3,4,0,1,2,3
2004,Alpine County,March,25,0,1,0,1,0,0,25,49,0,0,0,0,0,1,48,1,1,0,1,1,0,1,2,0,1,0,1
2004,Alpine County,April,25,0,0,0,0,0,1,24,48,1,0,0,0,0,0,49,0,1,1,0,1,0,0,1,0,0,1,1
2004,Alpine County,May,24,0,0,0,0,0,0,24,48,3,0,0,0,1,2,48,0,0,3,3,2,1,0,3,0,0,3,3
2004,Alpine County,June,24,2,0,0,0,0,0,26,48,1,1,0,2,0,0,48,2,0,2,2,0,0,2,2,0,1,3,4
2004,Alpine County,July,26,0,0,0,0,0,0,26,48,0,0,0,1,0,1,46,0,0,0,2,1,0,1,2,0,0,0,0
2004,Alpine County,August,26,0,0,0,1,0,0,25,46,3,1,0,1,0,0,49,0,1,4,1,0,0,2,2,0,1,3,4
2004,Alpine County,September,25,3,0,0,0,2,0,26,49,1,0,0,0,1,1,48,3,2,1,2,1,3,0,4,0,0,4,4
2004,Alpine County,October,26,0,0,0,1,0,0,25,48,2,0,0,1,2,0,47,0,1,2,3,0,2,2,4,0,0,2,2
2004,Alpine County,November,25,0,0,0,0,1,1,23,47,0,0,0,2,1,2,42,0,2,0,5,3,2,2,7,0,0,0,0
2004,Alpine County,December,23,0,0,0,0,0,0,23,42,3,0,0,2,0,0,43,0,0,3,2,0,0,2,2,0,0,3,3
2004,Amador County,January,274,26,9,0,6,12,0,291,535,25,5,0,2,10,0,553,35,18,30,12,0,22,8,30,0,14,51,65
2004,Amador County,February,291,9,11,0,14,18,0,279,553,12,8,0,16,15,0,542,20,32,20,31,0,33,30,63,0,19,21,40
2004,Amador County,March,279,25,8,0,10,18,0,284,542,47,7,0,15,16,0,565,33,28,54,31,0,34,25,59,0,15,72,87
2004,Amador County,April,284,22,10,0,5,15,0,296,565,43,6,0,15,8,0,591,32,20,49,23,0,23,20,43,0,16,65,81
2004,Amador County,May,296,15,7,0,1,11,0,306,591,22,3,0,10,7,0,599,22,12,25,17,0,18,11,29,0,10,37,47
2004,Amador County,June,306,16,6,0,3,15,0,310,599,22,12,0,19,18,0,596,22,18,34,37,0,33,22,55,0,18,38,56
2004,Amador County,July,310,18,7,0,4,31,0,300,596,13,8,0,5,22,0,590,25,35,21,27,0,53,9,62,0,15,31,46
2004,Amador County,August,300,13,4,113,10,14,0,406,590,25,1,185,20,11,0,770,130,24,211,31,0,25,30,55,298,5,38,341
2004,Amador County,September,406,20,10,0,5,18,0,413,770,9,12,0,11,23,0,757,30,23,21,34,0,41,16,57,0,22,29,51
2004,Amador County,October,413,17,13,0,25,14,0,404,757,45,10,0,44,14,0,754,30,39,55,58,0,28,69,97,0,23,62,85
2004,Amador County,November,404,6,15,0,3,16,0,406,754,5,1,0,3,5,0,752,21,19,6,8,0,21,6,27,0,16,11,27
2004,Amador County,December,406,15,5,0,11,21,0,394,752,33,13,0,21,12,0,765,20,32,46,33,0,33,32,65,0,18,48,66
2004,Butte County,January,1124,39,11,0,25,27,3,1119,570,26,1,0,4,13,0,580,50,55,27,17,3,40,29,72,0,12,65,77
2004,Butte County,February,1119,49,14,0,16,30,2,1134,580,23,5,0,1,16,0,591,63,48,28,17,2,46,17,65,0,19,72,91
2004,Butte County,March,1134,54,11,0,26,45,0,1128,591,22,5,0,4,21,1,592,65,71,27,26,1,66,30,97,0,16,76,92
2004,Butte County,April,1128,61,10,1,15,31,1,1153,592,21,13,0,4,16,0,606,72,47,34,20,1,47,19,67,1,23,82,106
2004,Butte County,May,1153,37,9,0,13,25,0,1161,606,12,7,0,4,17,0,604,46,38,19,21,0,42,17,59,0,16,49,65
2004,Butte County,June,1161,60,21,0,19,47,0,1176,604,19,10,0,6,16,0,611,81,66,29,22,0,63,25,88,0,31,79,110
2004,Butte County,July,1176,33,13,1,19,27,1,1176,611,16,4,0,3,13,0,615,47,47,20,16,1,40,22,63,1,17,49,67
2004,Butte County,August,1176,58,11,0,14,38,2,1191,615,17,5,0,3,15,0,619,69,54,22,18,2,53,17,72,0,16,75,91
2004,Butte County,September,1191,48,24,0,20,34,0,1209,619,17,6,0,6,12,0,624,72,54,23,18,0,46,26,72,0,30,65,95
2004,Butte County,October,1209,43,7,0,17,31,4,1207,624,12,6,0,4,15,0,623,50,52,18,19,4,46,21,71,0,13,55,68
2004,Butte County,November,1207,52,18,0,19,47,0,1211,623,23,9,0,2,19,0,634,70,66,32,21,0,66,21,87,0,27,75,102
2004,Butte County,December,1211,31,15,0,9,30,1,1217,634,22,6,0,2,18,0,642,46,40,28,20,1,48,11,60,0,21,53,74
2004,Calaveras County,January,522,18,8,0,25,3,7,513,400,20,5,0,28,4,3,390,26,35,25,35,10,7,53,70,0,13,38,51
2004,Calaveras County,February,513,30,7,0,20,2,6,522,390,26,3,0,17,1,5,396,37,28,29,23,11,3,37,51,0,10,56,66
2004,Calaveras County,March,522,11,0,2,7,2,4,522,396,7,15,0,20,1,2,395,13,13,22,23,6,3,27,36,2,15,18,35
2004,Calaveras County,April,522,12,2,0,13,4,9,510,395,13,20,0,30,3,0,395,14,26,33,33,9,7,43,59,0,22,25,47
2004,Calaveras County,May,510,16,11,0,4,2,7,524,395,10,5,0,14,4,0,392,27,13,15,18,7,6,18,31,0,16,26,42
2004,Calaveras County,June,524,8,12,0,7,4,6,527,392,13,5,0,7,1,2,400,20,17,18,10,8,5,14,27,0,17,21,38
2004,Calaveras County,July,527,7,7,0,7,5,6,523,400,8,5,0,10,5,0,398,14,18,13,15,6,10,17,33,0,12,15,27
2004,Calaveras County,August,523,6,2,0,8,9,3,511,398,12,20,0,24,14,0,392,8,20,32,38,3,23,32,58,0,22,18,40
2004,Calaveras County,September,511,9,9,0,3,11,7,508,392,8,31,0,20,13,1,397,18,21,39,34,8,24,23,55,0,40,17,57
2004,Calaveras County,October,508,6,0,7,5,8,6,502,397,12,0,16,22,11,1,391,13,19,28,34,7,19,27,53,23,0,18,41
2004,Calaveras County,November,502,9,22,0,11,6,3,513,391,20,23,0,20,5,7,402,31,20,43,32,10,11,31,52,0,45,29,74
2004,Calaveras County,December,513,9,29,1,8,8,9,527,402,5,21,0,14,12,2,400,39,25,26,28,11,20,22,53,1,50,14,65
2004,Colusa County,January,187,1,1,0,3,5,0,181,241,1,0,0,1,6,0,235,2,8,1,7,0,11,4,15,0,1,2,3
2004,Colusa County,February,181,3,3,0,1,6,0,180,235,5,1,0,1,4,0,236,6,7,6,5,0,10,2,12,0,4,8,12
2004,Colusa County,March,180,6,4,0,0,5,0,185,236,6,0,0,0,0,0,242,10,5,6,0,0,5,0,5,0,4,12,16
2004,Colusa County,April,185,9,2,0,0,13,0,183,242,4,0,0,2,11,0,233,11,13,4,13,0,24,2,26,0,2,13,15
2004,Colusa County,May,183,5,1,0,0,8,0,181,233,2,0,0,0,3,0,232,6,8,2,3,0,11,0,11,0,1,7,8
2004,Colusa County,June,181,6,3,0,3,2,0,185,232,4,0,0,1,0,0,235,9,5,4,1,0,2,4,6,0,3,10,13
2004,Colusa County,July,185,5,7,0,1,11,0,185,235,4,0,0,2,3,0,234,12,12,4,5,0,14,3,17,0,7,9,16
2004,Colusa County,August,185,3,5,0,4,7,0,182,234,2,2,0,3,2,0,233,8,11,4,5,0,9,7,16,0,7,5,12
2004,Colusa County,September,182,2,8,0,1,5,0,186,233,1,4,0,2,0,0,236,10,6,5,2,0,5,3,8,0,12,3,15
2004,Colusa County,October,186,3,0,0,0,1,0,188,236,3,1,0,4,1,0,235,3,1,4,5,0,2,4,6,0,1,6,7
2004,Colusa County,November,188,11,9,0,0,8,0,200,235,4,1,0,3,2,0,235,20,8,5,5,0,10,3,13,0,10,15,25
2004,Colusa County,December,200,3,2,0,2,1,0,202,235,6,1,0,1,3,0,238,5,3,7,4,0,4,3,7,0,3,9,12
2004,Contra Costa County,January,2958,115,97,19,114,135,29,2911,0,0,0,0,0,0,0,0,231,278,0,0,29,135,114,278,19,97,115,231
2004,Contra Costa County,February,2911,129,53,16,90,138,30,2851,0,0,0,0,0,0,0,0,198,258,0,0,30,138,90,258,16,53,129,198
2004,Contra Costa County,March,2851,163,109,10,122,138,32,2841,0,0,0,0,0,0,0,0,282,292,0,0,32,138,122,292,10,109,163,282
2004,Contra Costa County,April,2841,170,53,12,93,125,26,2832,0,0,0,0,0,0,0,0,235,244,0,0,26,125,93,244,12,53,170,235
2004,Contra Costa County,May,2832,121,78,7,91,121,40,2786,0,0,0,0,0,0,0,0,206,252,0,0,40,121,91,252,7,78,121,206
2004,Contra Costa County,June,2786,149,54,8,73,145,30,2749,0,0,0,0,0,0,0,0,211,248,0,0,30,145,73,248,8,54,149,211
2004,Contra Costa County,July,2749,182,110,12,73,119,27,2834,0,0,0,0,0,0,0,0,304,219,0,0,27,119,73,219,12,110,182,304
2004,Contra Costa County,August,2834,161,65,14,70,119,16,2869,0,0,0,0,0,0,0,0,240,205,0,0,16,119,70,205,14,65,161,240
2004,Contra Costa County,September,2869,149,58,3,140,133,18,2788,0,0,0,0,0,0,0,0,210,291,0,0,18,133,140,291,3,58,149,210
2004,Contra Costa County,October,2788,141,101,18,128,127,30,2763,0,0,0,0,0,0,0,0,260,285,0,0,30,127,128,285,18,101,141,260
2004,Contra Costa County,November,2763,118,60,13,66,122,21,2745,0,0,0,0,0,0,0,0,191,209,0,0,21,122,66,209,13,60,118,191
2004,Contra Costa County,December,2745,120,61,2,62,125,12,2729,0,0,0,0,0,0,0,0,183,199,0,0,12,125,62,199,2,61,120,183
2004,Del Norte County,January,145,5,0,0,6,0,0,144,57,1,0,0,1,0,0,57,5,6,1,1,0,0,7,7,0,0,6,6
2004,Del Norte County,February,230,5,0,0,0,0,0,235,25,3,0,0,0,0,0,28,5,0,3,0,0,0,0,0,0,0,8,8
2004,Del Norte County,March,235,13,0,0,5,0,0,243,28,7,0,0,3,0,0,32,13,5,7,3,0,0,8,8,0,0,20,20
2004,Del Norte County,April,243,7,0,0,7,0,0,243,32,3,0,0,3,0,0,32,7,7,3,3,0,0,10,10,0,0,10,10
2004,Del Norte County,May,243,8,0,0,2,0,0,249,32,4,0,0,3,0,0,33,8,2,4,3,0,0,5,5,0,0,12,12
2004,Del Norte County,June,249,4,0,0,2,0,0,251,33,6,0,0,2,0,0,37,4,2,6,2,0,0,4,4,0,0,10,10
2004,Del Norte County,July,251,0,0,0,6,0,0,245,37,0,0,0,1,0,0,36,0,6,0,1,0,0,7,7,0,0,0,0
2004,Del Norte County,August,245,6,0,0,5,0,0,246,36,1,0,0,6,0,0,31,6,5,1,6,0,0,11,11,0,0,7,7
2004,Del Norte County,September,246,8,0,0,3,0,0,251,31,0,0,0,1,0,0,30,8,3,0,1,0,0,4,4,0,0,8,8
2004,Del Norte County,October,251,9,0,0,4,0,0,256,30,3,0,0,3,0,0,30,9,4,3,3,0,0,7,7,0,0,12,12
2004,Del Norte County,November,256,4,0,0,9,0,0,251,30,1,0,0,3,0,0,28,4,9,1,3,0,0,12,12,0,0,5,5
2004,Del Norte County,December,251,4,0,0,6,0,0,249,28,4,0,0,3,0,0,29,4,6,4,3,0,0,9,9,0,0,8,8
2004,El Dorado County,January,821,72,10,4,31,16,5,855,775,21,2,0,11,7,2,778,86,52,23,20,7,23,42,72,4,12,93,109
2004,El Dorado County,February,855,89,3,6,74,21,11,847,778,9,3,1,24,4,10,753,98,106,13,38,21,25,98,144,7,6,98,111
2004,El Dorado County,March,847,76,8,10,42,20,10,869,753,11,4,0,11,4,10,743,94,72,15,25,20,24,53,97,10,12,87,109
2004,El Dorado County,April,869,19,10,3,41,12,3,845,743,12,0,0,13,4,2,736,32,56,12,19,5,16,54,75,3,10,31,44
2004,El Dorado County,May,845,54,9,1,21,21,5,862,736,12,3,0,9,3,0,739,64,47,15,12,5,24,30,59,1,12,66,79
2004,El Dorado County,June,862,57,4,0,40,14,3,866,739,9,0,0,6,5,1,736,61,57,9,12,4,19,46,69,0,4,66,70
2004,El Dorado County,July,866,35,12,0,10,16,0,887,736,9,3,0,4,2,0,742,47,26,12,6,0,18,14,32,0,15,44,59
2004,El Dorado County,August,887,47,9,10,34,30,1,888,742,10,4,1,10,7,1,739,66,65,15,18,2,37,44,83,11,13,57,81
2004,El Dorado County,September,888,35,6,6,14,21,1,899,739,4,1,4,3,11,0,734,47,36,9,14,1,32,17,50,10,7,39,56
2004,El Dorado County,October,899,17,16,9,18,21,1,901,734,6,8,0,3,6,0,739,42,40,14,9,1,27,21,49,9,24,23,56
2004,El Dorado County,November,901,33,12,27,38,15,9,911,739,14,3,1,11,6,0,740,72,62,18,17,9,21,49,79,28,15,47,90
2004,El Dorado County,December,911,47,8,21,30,22,6,929,740,10,7,2,10,0,1,748,76,58,19,11,7,22,40,69,23,15,57,95
2004,Fresno County,January,7991,243,150,0,163,268,0,7953,3787,56,44,0,82,56,0,3749,393,431,100,138,0,324,245,569,0,194,299,493
2004,Fresno County,February,7953,264,153,0,145,210,2,8013,3749,61,52,2,90,65,0,3709,417,357,115,155,2,275,235,512,2,205,325,532
2004,Fresno County,March,8013,342,191,0,178,408,1,7959,3709,117,65,1,66,80,0,3746,533,587,183,146,1,488,244,733,1,256,459,716
2004,Fresno County,April,7959,291,180,0,108,334,1,7987,3746,89,51,1,98,58,0,3731,471,443,141,156,1,392,206,599,1,231,380,612
2004,Fresno County,May,7987,281,220,0,231,307,1,7949,3731,58,58,1,91,47,0,3710,501,539,117,138,1,354,322,677,1,278,339,618
2004,Fresno County,June,7949,288,216,0,160,353,0,7940,3710,83,70,0,150,90,0,3623,504,513,153,240,0,443,310,753,0,286,371,657
2004,Fresno County,July,7940,274,180,0,186,293,0,7915,3623,109,73,0,75,106,0,3624,454,479,182,181,0,399,261,660,0,253,383,636
2004,Fresno County,August,7915,346,206,0,150,427,0,7890,3624,137,89,0,146,74,0,3630,552,577,226,220,0,501,296,797,0,295,483,778
2004,Fresno County,September,7890,304,183,0,111,362,0,7904,3630,90,68,0,97,49,0,3642,487,473,158,146,0,411,208,619,0,251,394,645
2004,Fresno County,October,8299,297,191,0,109,322,2,8354,2483,86,72,2,78,108,0,2457,488,433,160,186,2,430,187,619,2,263,383,648
2004,Fresno County,November,8354,328,220,0,130,359,0,8413,2457,38,37,0,101,34,0,2397,548,489,75,135,0,393,231,624,0,257,366,623
2004,Fresno County,December,8413,306,197,0,102,474,4,8336,2397,89,55,4,67,89,0,2389,503,580,148,156,4,563,169,736,4,252,395,651
2004,Glenn County,January,452,13,4,0,2,0,0,467,254,5,6,0,1,0,0,264,17,2,11,1,0,0,3,3,0,10,18,28
2004,Glenn County,February,467,22,6,0,17,0,0,478,264,12,10,0,11,0,0,275,28,17,22,11,0,0,28,28,0,16,34,50
2004,Glenn County,March,478,15,0,0,5,0,0,488,275,8,0,0,3,0,0,280,15,5,8,3,0,0,8,8,0,0,23,23
2004,Glenn County,April,488,16,3,0,4,0,0,503,280,4,4,0,1,0,0,287,19,4,8,1,0,0,5,5,0,7,20,27
2004,Glenn County,May,503,17,7,0,0,0,0,527,287,2,3,0,0,0,0,292,24,0,5,0,0,0,0,0,0,10,19,29
2004,Glenn County,June,527,13,5,0,0,1,3,541,292,5,3,0,4,0,0,296,18,4,8,4,3,1,4,8,0,8,18,26
2004,Glenn County,July,541,12,13,0,2,0,0,564,296,3,4,0,0,0,0,303,25,2,7,0,0,0,2,2,0,17,15,32
2004,Glenn County,August,564,9,6,0,2,0,0,577,303,6,2,0,1,0,0,310,15,2,8,1,0,0,3,3,0,8,15,23
2004,Glenn County,September,577,20,5,0,2,0,3,597,310,4,4,0,2,0,0,316,25,5,8,2,3,0,4,7,0,9,24,33
2004,Glenn County,October,597,12,6,0,3,0,2,610,316,8,2,0,0,0,0,326,18,5,10,0,2,0,3,5,0,8,20,28
2004,Glenn County,November,610,9,7,0,0,0,3,623,326,4,3,0,1,0,0,332,16,3,7,1,3,0,1,4,0,10,13,23
2004,Glenn County,December,623,11,5,0,3,0,0,636,332,8,2,0,0,0,0,342,16,3,10,0,0,0,3,3,0,7,19,26
2004,Humboldt County,January,1579,27,0,0,11,9,1,1585,69,1,0,0,1,1,0,68,27,21,1,2,1,10,12,23,0,0,28,28
2004,Humboldt County,February,1585,28,0,0,26,16,2,1569,68,1,0,0,1,2,0,66,28,44,1,3,2,18,27,47,0,0,29,29
2004,Humboldt County,March,1569,41,0,0,25,16,5,1564,66,0,0,0,5,0,0,61,41,46,0,5,5,16,30,51,0,0,41,41
2004,Humboldt County,April,1564,30,0,0,24,19,3,1548,61,1,0,1,3,0,1,59,30,46,2,4,4,19,27,50,1,0,31,32
2004,Humboldt County,May,1548,35,0,0,43,5,4,1531,59,0,0,0,1,0,0,58,35,52,0,1,4,5,44,53,0,0,35,35
2004,Humboldt County,June,1531,28,0,0,31,9,4,1515,58,0,0,0,0,0,0,58,28,44,0,0,4,9,31,44,0,0,28,28
2004,Humboldt County,July,1515,37,0,0,20,14,7,1511,58,0,0,0,0,0,0,58,37,41,0,0,7,14,20,41,0,0,37,37
2004,Humboldt County,August,1511,29,0,0,27,6,3,1504,58,1,0,0,0,0,0,59,29,36,1,0,3,6,27,36,0,0,30,30
2004,Humboldt County,September,1504,35,0,0,11,7,5,1516,59,0,0,0,1,0,0,58,35,23,0,1,5,7,12,24,0,0,35,35
2004,Humboldt County,October,1516,23,0,0,34,14,13,1478,58,1,0,0,0,0,0,59,23,61,1,0,13,14,34,61,0,0,24,24
2004,Humboldt County,November,1478,29,0,0,12,8,3,1484,59,3,0,0,2,0,0,60,29,23,3,2,3,8,14,25,0,0,32,32
2004,Humboldt County,December,1484,40,0,0,17,6,0,1501,60,1,0,0,4,0,0,57,40,23,1,4,0,6,21,27,0,0,41,41
2004,Imperial County,January,1128,9,2,0,38,5,0,1096,1,1,0,7,7,0,0,2,11,43,8,7,0,5,45,50,7,2,10,19
2004,Imperial County,February,1096,12,4,0,55,2,0,1055,2,0,0,9,9,0,0,2,16,57,9,9,0,2,64,66,9,4,12,25
2004,Imperial County,March,1055,0,1,0,13,1,0,1042,2,2,0,0,0,0,0,4,1,14,2,0,0,1,13,14,0,1,2,3
2004,Imperial County,April,1042,7,7,0,81,6,0,969,4,3,0,3,7,0,0,3,14,87,6,7,0,6,88,94,3,7,10,20
2004,Imperial County,May,969,8,12,0,76,14,0,899,3,0,0,7,7,0,0,3,20,90,7,7,0,14,83,97,7,12,8,27
2004,Imperial County,June,899,26,17,0,50,14,0,878,3,4,0,0,1,0,0,6,43,64,4,1,0,14,51,65,0,17,30,47
2004,Imperial County,July,878,7,10,0,45,11,0,839,6,5,0,0,1,0,0,10,17,56,5,1,0,11,46,57,0,10,12,22
2004,Imperial County,August,839,22,11,0,10,7,0,855,10,3,0,0,1,0,0,12,33,17,3,1,0,7,11,18,0,11,25,36
2004,Imperial County,September,855,48,24,0,40,14,0,873,12,11,0,0,2,0,0,21,72,54,11,2,0,14,42,56,0,24,59,83
2004,Imperial County,October,873,59,18,0,56,23,0,871,21,5,0,0,5,0,0,21,77,79,5,5,0,23,61,84,0,18,64,82
2004,Imperial County,November,871,12,15,0,29,14,0,855,21,1,0,0,2,0,0,20,27,43,1,2,0,14,31,45,0,15,13,28
2004,Imperial County,December,855,20,13,0,112,11,0,765,20,1,0,0,4,0,0,17,33,123,1,4,0,11,116,127,0,13,21,34
2004,Inyo County,January,537,24,0,2,2,0,6,555,567,36,0,0,14,1,0,588,26,8,36,15,6,1,16,23,2,0,60,62
2004,Inyo County,February,555,19,0,0,7,2,4,561,588,24,0,0,4,1,0,607,19,13,24,5,4,3,11,18,0,0,43,43
2004,Inyo County,March,561,21,0,0,11,0,4,567,607,22,9,3,9,0,6,626,21,15,34,15,10,0,20,30,3,9,43,55
2004,Inyo County,April,567,6,2,0,9,3,5,558,626,25,0,0,15,2,5,629,8,17,25,22,10,5,24,39,0,2,31,33
2004,Inyo County,May,558,17,4,0,6,2,0,571,629,36,4,0,8,9,8,644,21,8,40,25,8,11,14,33,0,8,53,61
2004,Inyo County,June,571,5,0,0,4,7,0,565,644,19,5,0,7,13,0,648,5,11,24,20,0,20,11,31,0,5,24,29
2004,Inyo County,July,565,5,3,0,4,10,0,559,648,6,1,0,2,3,0,650,8,14,7,5,0,13,6,19,0,4,11,15
2004,Inyo County,August,559,6,2,0,4,4,0,559,650,21,6,0,2,6,0,669,8,8,27,8,0,10,6,16,0,8,27,35
2004,Inyo County,September,559,5,4,0,1,11,0,556,669,19,3,0,2,10,0,679,9,12,22,12,0,21,3,24,0,7,24,31
2004,Inyo County,October,556,1,3,0,0,4,0,556,679,11,3,0,6,4,0,683,4,4,14,10,0,8,6,14,0,6,12,18
2004,Inyo County,November,556,4,3,0,2,4,0,557,683,11,1,0,5,3,0,687,7,6,12,8,0,7,7,14,0,4,15,19
2004,Inyo County,December,557,3,2,1,4,4,0,555,687,7,1,0,2,6,0,687,6,8,8,8,0,10,6,16,1,3,10,14
2004,Kern County,January,6367,227,0,0,132,37,0,6425,787,33,0,0,6,5,0,809,227,169,33,11,0,42,138,180,0,0,260,260
2004,Kern County,February,6425,177,0,0,183,53,0,6366,809,20,0,0,4,10,0,815,177,236,20,14,0,63,187,250,0,0,197,197
2004,Kern County,March,6366,276,0,0,140,60,0,6442,815,26,0,0,38,12,0,791,276,200,26,50,0,72,178,250,0,0,302,302
2004,Kern County,April,6442,246,0,0,157,72,0,6459,791,9,0,0,22,12,0,766,246,229,9,34,0,84,179,263,0,0,255,255
2004,Kern County,May,6459,163,0,0,101,71,0,6450,766,15,0,0,3,20,0,758,163,172,15,23,0,91,104,195,0,0,178,178
2004,Kern County,June,6450,280,0,0,57,79,0,6594,758,12,0,0,31,23,0,716,280,136,12,54,0,102,88,190,0,0,292,292
2004,Kern County,July,6594,210,0,0,128,80,0,6596,716,17,0,0,3,14,0,716,210,208,17,17,0,94,131,225,0,0,227,227
2004,Kern County,August,6596,262,0,0,172,75,0,6611,716,10,0,0,2,8,0,716,262,247,10,10,0,83,174,257,0,0,272,272
2004,Kern County,September,6611,235,0,0,124,59,0,6663,716,22,0,0,13,8,0,717,235,183,22,21,0,67,137,204,0,0,257,257
2004,Kern County,October,6663,163,0,0,153,54,0,6619,717,42,0,0,11,3,0,745,163,207,42,14,0,57,164,221,0,0,205,205
2004,Kern County,November,6619,213,0,0,118,67,0,6647,745,24,0,0,10,9,0,750,213,185,24,19,0,76,128,204,0,0,237,237
2004,Kern County,December,6647,168,0,0,130,83,0,6602,750,4,0,0,23,3,0,728,168,213,4,26,0,86,153,239,0,0,172,172
2004,Kings County,January,734,3,0,0,4,3,0,730,1582,15,0,0,9,7,0,1581,3,7,15,16,0,10,13,23,0,0,18,18
2004,Kings County,February,730,9,0,0,0,2,0,737,1581,11,0,0,4,2,0,1586,9,2,11,6,0,4,4,8,0,0,20,20
2004,Kings County,March,737,13,0,0,4,2,0,744,1586,15,0,0,11,7,0,1583,13,6,15,18,0,9,15,24,0,0,28,28
2004,Kings County,April,744,7,0,0,4,0,0,747,1583,8,0,0,12,3,0,1576,7,4,8,15,0,3,16,19,0,0,15,15
2004,Kings County,May,747,10,2,0,5,3,0,751,1576,11,0,0,15,7,0,1565,12,8,11,22,0,10,20,30,0,2,21,23
2004,Kings County,June,751,4,0,0,3,0,0,752,1565,13,2,0,8,4,0,1568,4,3,15,12,0,4,11,15,0,2,17,19
2004,Kings County,July,752,8,2,0,4,6,0,752,1568,17,2,0,9,6,0,1572,10,10,19,15,0,12,13,25,0,4,25,29
2004,Kings County,August,752,2,0,0,3,4,0,747,1572,11,0,0,5,3,0,1575,2,7,11,8,0,7,8,15,0,0,13,13
2004,Kings County,September,747,5,1,0,9,0,0,744,1575,8,2,0,7,4,0,1574,6,9,10,11,0,4,16,20,0,3,13,16
2004,Kings County,October,744,7,2,0,8,3,0,742,1574,13,0,0,8,4,0,1575,9,11,13,12,0,7,16,23,0,2,20,22
2004,Kings County,November,742,6,1,0,4,4,0,741,1575,7,3,0,0,5,0,1580,7,8,10,5,0,9,4,13,0,4,13,17
2004,Kings County,December,741,9,0,0,0,0,0,750,1580,13,0,0,7,3,0,1583,9,0,13,10,0,3,7,10,0,0,22,22
2004,Lake County,January,368,11,0,0,1,2,0,376,31,0,0,0,0,0,0,31,11,3,0,0,0,2,1,3,0,0,11,11
2004,Lake County,February,376,12,11,0,2,17,0,380,31,0,0,0,0,0,0,31,23,19,0,0,0,17,2,19,0,11,12,23
2004,Lake County,March,380,22,8,0,4,20,0,386,31,0,0,0,0,0,0,31,30,24,0,0,0,20,4,24,0,8,22,30
2004,Lake County,April,386,21,7,0,3,9,0,402,31,0,0,0,0,0,0,31,28,12,0,0,0,9,3,12,0,7,21,28
2004,Lake County,May,402,9,4,0,6,5,0,404,31,0,0,0,0,0,0,31,13,11,0,0,0,5,6,11,0,4,9,13
2004,Lake County,June,404,3,5,0,7,7,0,398,31,0,0,0,0,0,0,31,8,14,0,0,0,7,7,14,0,5,3,8
2004,Lake County,July,398,18,19,0,4,18,0,413,31,0,0,0,0,0,0,31,37,22,0,0,0,18,4,22,0,19,18,37
2004,Lake County,August,413,9,7,0,2,12,0,415,31,0,0,0,0,0,0,31,16,14,0,0,0,12,2,14,0,7,9,16
2004,Lake County,September,415,14,9,0,4,20,0,414,31,0,0,0,0,0,0,31,23,24,0,0,0,20,4,24,0,9,14,23
2004,Lake County,October,414,33,12,0,4,16,0,439,31,0,0,0,0,0,0,31,45,20,0,0,0,16,4,20,0,12,33,45
2004,Lake County,November,439,22,5,0,7,18,0,441,31,0,0,0,0,0,0,31,27,25,0,0,0,18,7,25,0,5,22,27
2004,Lake County,December,441,15,11,0,9,6,0,452,31,0,0,0,0,0,0,31,26,15,0,0,0,6,9,15,0,11,15,26
2004,Lassen County,January,231,6,0,0,4,0,0,233,306,8,0,0,10,0,0,304,6,4,8,10,0,0,14,14,0,0,14,14
2004,Lassen County,February,233,2,0,0,6,0,0,229,304,9,0,0,8,0,0,305,2,6,9,8,0,0,14,14,0,0,11,11
2004,Lassen County,March,229,3,0,0,5,0,0,227,305,10,0,0,8,0,0,307,3,5,10,8,0,0,13,13,0,0,13,13
2004,Lassen County,April,227,9,0,0,7,0,0,229,307,22,0,0,14,0,0,315,9,7,22,14,0,0,21,21,0,0,31,31
2004,Lassen County,May,229,9,0,0,2,0,0,236,315,11,0,0,5,0,0,321,9,2,11,5,0,0,7,7,0,0,20,20
2004,Lassen County,June,236,7,0,0,3,0,0,240,321,11,0,0,4,0,0,328,7,3,11,4,0,0,7,7,0,0,18,18
2004,Lassen County,July,240,9,0,0,7,0,0,242,328,18,0,0,12,0,0,334,9,7,18,12,0,0,19,19,0,0,27,27
2004,Lassen County,August,242,12,4,0,2,0,0,256,334,0,0,0,18,0,0,316,16,2,0,18,0,0,20,20,0,4,12,16
2004,Lassen County,September,256,12,6,0,0,1,0,273,316,0,0,0,9,3,0,304,18,1,0,12,0,4,9,13,0,6,12,18
2004,Lassen County,October,273,10,5,0,2,0,0,286,304,0,0,0,15,2,0,287,15,2,0,17,0,2,17,19,0,5,10,15
2004,Lassen County,November,286,8,4,0,1,0,0,297,287,0,0,0,9,2,22,254,12,1,0,33,22,2,10,34,0,4,8,12
2004,Lassen County,December,297,2,0,0,2,0,0,297,254,0,0,0,10,2,2,240,2,2,0,14,2,2,12,16,0,0,2,2
2004,Los Angeles County,January,50951,1266,769,0,910,1395,106,50575,10390,233,152,0,178,123,104,10370,2035,2411,385,405,210,1518,1088,2816,0,921,1499,2420
2004,Los Angeles County,February,50940,1123,650,0,796,1223,50,50644,10362,194,143,0,189,110,120,10280,1773,2069,337,419,170,1333,985,2488,0,793,1317,2110
2004,Los Angeles County,March,51035,1481,883,0,908,1705,95,50691,10320,212,155,0,191,139,142,10215,2364,2708,367,472,237,1844,1099,3180,0,1038,1693,2731
2004,Los Angeles County,April,51079,1396,938,0,946,1700,117,50650,10366,185,146,0,202,208,127,10160,2334,2763,331,537,244,1908,1148,3300,0,1084,1581,2665
2004,Los Angeles County,May,51162,1229,812,0,798,1400,108,50897,10459,186,133,0,189,143,160,10286,2041,2306,319,492,268,1543,987,2798,0,945,1415,2360
2004,Los Angeles County,June,51273,1442,842,0,874,1444,97,51142,10429,254,155,0,191,110,100,10437,2284,2415,409,401,197,1554,1065,2816,0,997,1696,2693
2004,Los Angeles County,July,51335,1393,855,0,785,1488,97,51213,10529,205,117,0,160,169,147,10375,2248,2370,322,476,244,1657,945,2846,0,972,1598,2570
2004,Los Angeles County,August,51448,1358,903,0,872,1648,77,51112,10385,210,138,0,151,192,164,10226,2261,2597,348,507,241,1840,1023,3104,0,1041,1568,2609
2004,Los Angeles County,September,51484,1395,962,0,810,1526,81,51424,10273,242,162,0,173,109,153,10242,2357,2417,404,435,234,1635,983,2852,0,1124,1637,2761
2004,Los Angeles County,October,51692,1281,874,0,801,1417,76,51553,10331,188,135,0,185,154,123,10192,2155,2294,323,462,199,1571,986,2756,0,1009,1469,2478
2004,Los Angeles County,November,51950,1202,742,0,667,1256,61,51910,10159,160,145,0,154,126,144,10040,1944,1984,305,424,205,1382,821,2408,0,887,1362,2249
2004,Los Angeles County,December,52110,1230,630,0,862,1115,77,51916,9999,183,112,0,194,102,111,9887,1860,2054,295,407,188,1217,1056,2461,0,742,1413,2155
2004,Madera County,January,1917,63,26,0,21,51,0,1934,856,30,6,0,16,12,0,864,89,72,36,28,0,63,37,100,0,32,93,125
2004,Madera County,February,1934,33,44,0,5,89,0,1917,864,9,9,0,2,17,0,863,77,94,18,19,0,106,7,113,0,53,42,95
2004,Madera County,March,1917,33,39,0,10,59,0,1920,863,25,19,0,13,27,0,867,72,69,44,40,0,86,23,109,0,58,58,116
2004,Madera County,April,2474,37,36,0,10,47,0,2490,1396,12,10,0,8,18,0,1392,73,57,22,26,0,65,18,83,0,46,49,95
2004,Madera County,May,2490,39,24,0,11,40,0,2502,1392,13,15,0,15,28,0,1377,63,51,28,43,0,68,26,94,0,39,52,91
2004,Madera County,June,2502,36,51,0,20,69,0,2500,1377,13,11,0,12,33,0,1356,87,89,24,45,0,102,32,134,0,62,49,111
2004,Madera County,July,2500,51,43,0,15,67,0,2512,1356,20,15,0,7,26,0,1358,94,82,35,33,0,93,22,115,0,58,71,129
2004,Madera County,August,2512,36,31,0,13,48,0,2518,1358,18,14,0,10,33,0,1347,67,61,32,43,0,81,23,104,0,45,54,99
2004,Madera County,September,2518,28,17,0,23,33,0,2507,1347,14,7,0,33,17,0,1318,45,56,21,50,0,50,56,106,0,24,42,66
2004,Madera County,October,2507,55,33,0,5,49,0,2541,1318,23,14,0,3,22,0,1330,88,54,37,25,0,71,8,79,0,47,78,125
2004,Madera County,November,2541,20,13,0,16,48,0,2510,1330,12,9,0,14,18,0,1319,33,64,21,32,0,66,30,96,0,22,32,54
2004,Madera County,December,2510,25,21,0,32,21,0,2503,1319,14,8,0,21,12,0,1308,46,53,22,33,0,33,53,86,0,29,39,68
2004,Marin County,January,1135,46,9,0,60,14,0,1116,1131,52,12,0,66,16,0,1113,55,74,64,82,0,30,126,156,0,21,98,119
2004,Marin County,February,1116,40,10,0,28,21,0,1117,1113,48,11,0,27,25,0,1120,50,49,59,52,0,46,55,101,0,21,88,109
2004,Marin County,March,1117,38,9,0,22,15,0,1127,1120,72,15,0,23,20,0,1164,47,37,87,43,0,35,45,80,0,24,110,134
2004,Marin County,April,1127,41,10,0,31,27,0,1120,1164,65,14,0,28,24,0,1191,51,58,79,52,0,51,59,110,0,24,106,130
2004,Marin County,May,1120,61,16,0,26,15,0,1156,1191,60,15,0,32,19,0,1215,77,41,75,51,0,34,58,92,0,31,121,152
2004,Marin County,June,1156,64,15,0,20,30,0,1185,1215,67,17,0,21,36,0,1242,79,50,84,57,0,66,41,107,0,32,131,163
2004,Marin County,July,1185,64,17,0,22,22,0,1222,1242,46,13,0,21,23,0,1257,81,44,59,44,0,45,43,88,0,30,110,140
2004,Marin County,August,1222,40,10,0,21,21,0,1230,1257,45,11,0,19,19,0,1275,50,42,56,38,0,40,40,80,0,21,85,106
2004,Marin County,September,1230,43,10,0,17,16,0,1250,1275,46,11,0,17,12,0,1303,53,33,57,29,0,28,34,62,0,21,89,110
2004,Marin County,October,1250,28,7,0,31,17,0,1237,1303,21,5,0,30,17,0,1282,35,48,26,47,0,34,61,95,0,12,49,61
2004,Marin County,November,1237,36,9,0,12,10,0,1260,1282,29,7,0,31,17,0,1270,45,22,36,48,0,27,43,70,0,16,65,81
2004,Marin County,December,1260,28,7,0,31,22,0,1242,1270,42,10,0,39,25,0,1258,35,53,52,64,0,47,70,117,0,17,70,87
2004,Mariposa County,January,87,4,0,0,0,0,0,91,236,0,0,0,3,0,0,233,4,0,0,3,0,0,3,3,0,0,4,4
2004,Mariposa County,February,91,1,0,0,0,1,0,91,233,13,0,0,5,0,0,241,1,1,13,5,0,1,5,6,0,0,14,14
2004,Mariposa County,March,91,2,0,0,3,0,1,89,241,6,9,0,17,0,0,239,2,4,15,17,1,0,20,21,0,9,8,17
2004,Mariposa County,April,89,5,2,0,2,2,0,92,239,10,3,0,3,3,0,246,7,4,13,6,0,5,5,10,0,5,15,20
2004,Mariposa County,May,92,3,2,0,0,3,0,94,246,9,4,0,0,8,4,247,5,3,13,12,4,11,0,15,0,6,12,18
2004,Mariposa County,June,94,4,1,0,0,1,0,98,247,6,2,0,0,2,1,252,5,1,8,3,1,3,0,4,0,3,10,13
2004,Mariposa County,July,98,6,2,0,0,3,0,103,252,3,6,0,0,6,0,255,8,3,9,6,0,9,0,9,0,8,9,17
2004,Mariposa County,August,103,1,5,0,0,5,0,104,255,8,3,0,0,3,0,263,6,5,11,3,0,8,0,8,0,8,9,17
2004,Mariposa County,September,104,3,1,0,0,1,0,107,263,9,4,0,0,5,0,271,4,1,13,5,0,6,0,6,0,5,12,17
2004,Mariposa County,October,107,8,2,0,0,2,0,115,271,11,11,0,9,11,0,273,10,2,22,20,0,13,9,22,0,13,19,32
2004,Mariposa County,November,115,2,4,0,1,5,0,115,273,9,1,0,0,1,0,282,6,6,10,1,0,6,1,7,0,5,11,16
2004,Mariposa County,December,115,4,3,0,0,4,0,118,282,4,6,0,0,7,0,285,7,4,10,7,0,11,0,11,0,9,8,17
2004,Mendocino County,January,858,12,3,0,3,8,0,862,166,1,2,0,0,3,0,166,15,11,3,3,0,11,3,14,0,5,13,18
2004,Mendocino County,February,862,6,4,0,7,6,0,859,166,0,0,0,0,2,0,164,10,13,0,2,0,8,7,15,0,4,6,10
2004,Mendocino County,March,859,20,7,0,7,7,0,872,164,0,0,0,1,2,0,161,27,14,0,3,0,9,8,17,0,7,20,27
2004,Mendocino County,April,872,13,11,0,8,12,0,876,161,0,1,0,6,4,0,152,24,20,1,10,0,16,14,30,0,12,13,25
2004,Mendocino County,May,876,17,6,0,8,5,0,886,152,0,6,0,4,3,0,151,23,13,6,7,0,8,12,20,0,12,17,29
2004,Mendocino County,June,886,12,9,0,12,7,0,888,151,0,3,0,0,3,0,151,21,19,3,3,0,10,12,22,0,12,12,24
2004,Mendocino County,July,888,17,11,0,13,3,0,900,151,0,2,0,1,0,0,152,28,16,2,1,0,3,14,17,0,13,17,30
2004,Mendocino County,August,900,24,12,0,11,9,0,916,152,0,2,0,4,3,0,147,36,20,2,7,0,12,15,27,0,14,24,38
2004,Mendocino County,September,916,22,6,0,9,11,0,924,147,0,4,0,2,4,0,145,28,20,4,6,0,15,11,26,0,10,22,32
2004,Mendocino County,October,924,12,12,0,11,9,0,928,145,2,8,0,1,4,0,150,24,20,10,5,0,13,12,25,0,20,14,34
2004,Mendocino County,November,928,20,9,0,0,11,0,946,150,0,4,0,0,2,0,152,29,11,4,2,0,13,0,13,0,13,20,33
2004,Mendocino County,December,946,12,11,0,6,11,0,952,152,0,4,0,4,2,0,150,23,17,4,6,0,13,10,23,0,15,12,27
2004,Merced County,January,3430,74,61,0,48,69,6,3442,0,0,0,0,0,0,0,0,135,123,0,0,6,69,48,123,0,61,74,135
2004,Merced County,February,3442,80,57,0,30,45,3,3501,0,0,0,0,0,0,0,0,137,78,0,0,3,45,30,78,0,57,80,137
2004,Merced County,March,3501,204,41,0,28,63,13,3642,0,0,0,0,0,0,0,0,245,104,0,0,13,63,28,104,0,41,204,245
2004,Merced County,April,3642,157,80,0,37,118,8,3716,0,0,0,0,0,0,0,0,237,163,0,0,8,118,37,163,0,80,157,237
2004,Merced County,May,3716,117,52,0,99,89,2,3695,0,0,0,0,0,0,0,0,169,190,0,0,2,89,99,190,0,52,117,169
2004,Merced County,June,3695,87,85,0,65,52,9,3741,0,0,0,0,0,0,0,0,172,126,0,0,9,52,65,126,0,85,87,172
2004,Merced County,July,3741,107,64,0,18,63,2,3829,0,0,0,0,0,0,0,0,171,83,0,0,2,63,18,83,0,64,107,171
2004,Merced County,August,3829,92,70,0,123,63,8,3797,0,0,0,0,0,0,0,0,162,194,0,0,8,63,123,194,0,70,92,162
2004,Merced County,September,3797,85,95,0,73,48,2,3854,0,0,0,0,0,0,0,0,180,123,0,0,2,48,73,123,0,95,85,180
2004,Merced County,October,3854,128,56,0,65,31,9,3933,0,0,0,0,0,0,0,0,184,105,0,0,9,31,65,105,0,56,128,184
2004,Merced County,November,3933,84,40,0,140,59,5,3853,0,0,0,0,0,0,0,0,124,204,0,0,5,59,140,204,0,40,84,124
2004,Merced County,December,3853,132,58,0,128,50,15,3850,0,0,0,0,0,0,0,0,190,193,0,0,15,50,128,193,0,58,132,190
2004,Modoc County,January,113,2,3,0,4,1,0,113,170,1,1,0,2,1,0,169,5,5,2,3,0,2,6,8,0,4,3,7
2004,Modoc County,February,113,2,1,0,4,1,0,111,169,1,0,0,0,0,0,170,3,5,1,0,0,1,4,5,0,1,3,4
2004,Modoc County,March,111,3,0,0,1,0,0,113,170,2,0,0,2,1,0,169,3,1,2,3,0,1,3,4,0,0,5,5
2004,Modoc County,April,113,0,2,0,0,0,0,115,169,0,0,0,0,1,0,168,2,0,0,1,0,1,0,1,0,2,0,2
2004,Modoc County,May,115,1,0,0,0,1,0,115,168,1,0,0,1,0,0,168,1,1,1,1,0,1,1,2,0,0,2,2
2004,Modoc County,June,115,2,0,0,1,0,0,116,168,2,0,0,0,1,0,169,2,1,2,1,0,1,1,2,0,0,4,4
2004,Modoc County,July,116,1,0,0,2,1,0,114,169,1,0,0,2,0,0,168,1,3,1,2,0,1,4,5,0,0,2,2
2004,Modoc County,August,114,6,0,0,3,0,0,117,168,1,0,0,0,0,0,169,6,3,1,0,0,0,3,3,0,0,7,7
2004,Modoc County,September,117,4,0,0,5,3,0,113,169,1,0,0,1,0,0,169,4,8,1,1,0,3,6,9,0,0,5,5
2004,Modoc County,October,113,2,1,0,2,3,0,111,169,1,0,0,1,0,0,169,3,5,1,1,0,3,3,6,0,1,3,4
2004,Modoc County,November,111,2,0,0,1,1,0,111,169,0,0,0,4,1,0,164,2,2,0,5,0,2,5,7,0,0,2,2
2004,Modoc County,December,115,2,0,0,3,1,0,113,164,2,0,0,2,2,0,162,2,4,2,4,0,3,5,8,0,0,4,4
2004,Mono County,January,123,4,0,0,1,3,0,123,115,1,0,0,2,0,0,114,4,4,1,2,0,3,3,6,0,0,5,5
2004,Mono County,February,123,5,0,0,1,1,0,126,114,0,0,0,4,0,0,110,5,2,0,4,0,1,5,6,0,0,5,5
2004,Mono County,March,126,4,0,0,4,0,0,126,110,1,0,0,2,0,0,109,4,4,1,2,0,0,6,6,0,0,5,5
2004,Mono County,April,126,3,1,0,3,0,0,127,109,2,0,0,6,0,0,105,4,3,2,6,0,0,9,9,0,1,5,6
2004,Mono County,May,127,6,0,0,0,0,0,133,105,2,0,0,3,0,0,104,6,0,2,3,0,0,3,3,0,0,8,8
2004,Mono County,June,133,2,0,0,2,0,0,133,104,3,0,0,0,0,0,107,2,2,3,0,0,0,2,2,0,0,5,5
2004,Mono County,July,133,0,0,0,0,0,0,133,107,3,0,0,0,0,0,110,0,0,3,0,0,0,0,0,0,0,3,3
2004,Mono County,August,133,7,0,0,8,0,0,132,110,6,0,0,8,0,0,108,7,8,6,8,0,0,16,16,0,0,13,13
2004,Mono County,September,132,1,0,0,10,0,0,123,108,6,0,0,6,0,0,108,1,10,6,6,0,0,16,16,0,0,7,7
2004,Mono County,October,123,9,0,0,3,0,0,129,108,7,0,0,3,0,0,112,9,3,7,3,0,0,6,6,0,0,16,16
2004,Mono County,November,129,10,0,0,7,0,0,132,112,14,0,0,8,0,0,118,10,7,14,8,0,0,15,15,0,0,24,24
2004,Mono County,December,132,0,0,0,2,0,0,130,118,2,0,0,0,0,0,120,0,2,2,0,0,0,2,2,0,0,2,2
2004,Monterey County,January,3831,59,36,0,69,15,0,3842,3074,45,0,0,39,0,0,3080,95,84,45,39,0,15,108,123,0,36,104,140
2004,Monterey County,February,3842,62,35,0,25,14,0,3900,3080,25,0,0,30,0,0,3075,97,39,25,30,0,14,55,69,0,35,87,122
2004,Monterey County,March,3900,72,0,0,40,19,0,3913,3075,29,0,0,21,0,0,3083,72,59,29,21,0,19,61,80,0,0,101,101
2004,Monterey County,April,3913,66,0,0,14,12,0,3953,3083,45,0,0,26,0,0,3102,66,26,45,26,0,12,40,52,0,0,111,111
2004,Monterey County,May,3953,32,0,0,7,5,0,3973,3102,25,0,0,33,0,0,3094,32,12,25,33,0,5,40,45,0,0,57,57
2004,Monterey County,June,3973,42,20,0,2,3,0,4030,3094,35,0,0,13,0,0,3116,62,5,35,13,0,3,15,18,0,20,77,97
2004,Monterey County,July,4030,95,0,0,3,9,0,4113,3116,50,0,0,17,0,0,3149,95,12,50,17,0,9,20,29,0,0,145,145
2004,Monterey County,August,4113,48,0,0,11,27,0,4123,3149,57,0,0,15,0,0,3191,48,38,57,15,0,27,26,53,0,0,105,105
2004,Monterey County,September,4123,65,20,0,0,1,0,4207,3191,40,0,0,4,0,0,3227,85,1,40,4,0,1,4,5,0,20,105,125
2004,Monterey County,October,4207,31,20,0,50,11,0,4197,3227,40,0,0,10,0,0,3257,51,61,40,10,0,11,60,71,0,20,71,91
2004,Monterey County,November,4197,40,35,0,11,37,0,4224,3257,34,0,0,8,0,0,3283,75,48,34,8,0,37,19,56,0,35,74,109
2004,Monterey County,December,4224,62,0,0,59,0,0,4227,3283,18,0,0,4,0,0,3297,62,59,18,4,0,0,63,63,0,0,80,80
2004,Napa County,January,1042,9,14,5,0,7,0,1063,866,7,4,7,2,4,3,875,28,7,18,9,3,11,2,16,12,18,16,46
2004,Napa County,February,1063,15,12,8,1,8,7,1082,875,10,4,3,0,3,12,877,35,16,17,15,19,11,1,31,11,16,25,52
2004,Napa County,March,1082,32,23,16,1,15,7,1130,877,46,17,6,3,12,7,924,71,23,69,22,14,27,4,45,22,40,78,140
2004,Napa County,April,1130,47,25,11,12,2,14,1185,924,48,16,8,8,11,23,954,83,28,72,42,37,13,20,70,19,41,95,155
2004,Napa County,May,1185,43,12,11,14,15,14,1208,954,39,8,5,11,9,5,981,66,43,52,25,19,24,25,68,16,20,82,118
2004,Napa County,June,1208,16,8,5,8,15,11,1203,981,22,3,2,2,10,8,988,29,34,27,20,19,25,10,54,7,11,38,56
2004,Napa County,July,1203,30,5,12,52,15,11,1172,988,26,6,6,51,23,8,944,47,78,38,82,19,38,103,160,18,11,56,85
2004,Napa County,August,1172,27,5,12,15,15,11,1175,944,23,6,6,7,23,8,941,44,41,35,38,19,38,22,79,18,11,50,79
2004,Napa County,September,1175,30,13,2,14,9,12,1185,941,46,10,2,11,20,17,951,45,35,58,48,29,29,25,83,4,23,76,103
2004,Napa County,October,1185,14,7,5,15,5,8,1183,951,17,14,2,18,6,21,939,26,28,33,45,29,11,33,73,7,21,31,59
2004,Napa County,November,1183,15,13,4,10,10,8,1187,939,19,4,2,8,5,4,947,32,28,25,17,12,15,18,45,6,17,34,57
2004,Napa County,December,1187,27,9,9,11,7,21,1193,947,27,8,13,11,14,19,951,45,39,48,44,40,21,22,83,22,17,54,93
2004,Nevada County,January,556,5,8,0,9,1,0,559,170,1,3,0,3,0,0,171,13,10,4,3,0,1,12,13,0,11,6,17
2004,Nevada County,February,559,25,1,0,6,8,0,571,171,9,2,0,6,4,2,170,26,14,11,12,2,12,12,26,0,3,34,37
2004,Nevada County,March,571,19,6,0,7,4,1,584,170,9,2,0,5,5,2,169,25,12,11,12,3,9,12,24,0,8,28,36
2004,Nevada County,April,584,9,9,0,13,6,1,582,169,2,2,0,6,1,0,166,18,20,4,7,1,7,19,27,0,11,11,22
2004,Nevada County,May,582,22,10,0,9,4,1,600,166,17,5,0,2,5,0,181,32,14,22,7,1,9,11,21,0,15,39,54
2004,Nevada County,June,600,11,1,0,7,8,0,597,181,9,4,0,6,5,1,182,12,15,13,12,1,13,13,27,0,5,20,25
2004,Nevada County,July,597,4,8,0,7,17,1,584,182,2,4,0,10,8,1,169,12,25,6,19,2,25,17,44,0,12,6,18
2004,Nevada County,August,584,5,7,0,14,18,0,564,169,0,7,0,9,9,2,156,12,32,7,20,2,27,23,52,0,14,5,19
2004,Nevada County,September,564,12,7,0,12,8,1,562,156,6,3,0,3,2,2,158,19,21,9,7,3,10,15,28,0,10,18,28
2004,Nevada County,October,562,11,7,0,14,4,0,562,158,6,2,0,9,4,2,151,18,18,8,15,2,8,23,33,0,9,17,26
2004,Nevada County,November,562,9,5,0,4,6,1,565,151,6,2,0,1,1,2,155,14,11,8,4,3,7,5,15,0,7,15,22
2004,Nevada County,December,565,18,3,0,12,2,0,572,155,7,1,0,6,3,2,152,21,14,8,11,2,5,18,25,0,4,25,29
2004,Orange County,January,18296,665,169,6,387,427,75,18247,3902,156,41,0,62,66,6,3965,840,889,197,134,81,493,449,1023,6,210,821,1037
2004,Orange County,February,18247,457,191,4,437,550,73,17839,3965,186,36,0,81,80,8,4018,652,1060,222,169,81,630,518,1229,4,227,643,874
2004,Orange County,March,17839,980,328,1,545,612,74,17917,4018,263,59,0,101,121,4,4114,1309,1231,322,226,78,733,646,1457,1,387,1243,1631
2004,Orange County,April,17917,705,379,1,528,594,108,17772,4114,213,93,0,125,132,10,4153,1085,1230,306,267,118,726,653,1497,1,472,918,1391
2004,Orange County,May,17772,1126,305,8,483,503,97,18128,4153,241,47,0,104,126,20,4191,1439,1083,288,250,117,629,587,1333,8,352,1367,1727
2004,Orange County,June,18128,911,379,1,602,628,113,18076,4191,172,75,0,148,132,5,4153,1291,1343,247,285,118,760,750,1628,1,454,1083,1538
2004,Orange County,July,18076,771,338,0,480,564,66,18075,4153,191,69,0,115,114,4,4180,1109,1110,260,233,70,678,595,1343,0,407,962,1369
2004,Orange County,August,18075,688,364,1,532,615,112,17869,4180,166,93,0,161,150,6,4122,1053,1259,259,317,118,765,693,1576,1,457,854,1312
2004,Orange County,September,17869,605,292,1,494,568,87,17618,4122,151,69,0,128,133,5,4076,898,1149,220,266,92,701,622,1415,1,361,756,1118
2004,Orange County,October,17618,855,423,0,526,580,78,17712,4076,72,57,0,127,114,10,3954,1278,1184,129,251,88,694,653,1435,0,480,927,1407
2004,Orange County,November,17712,709,248,0,366,428,66,17809,3954,38,63,0,86,98,22,3849,957,860,101,206,88,526,452,1066,0,311,747,1058
2004,Orange County,December,17809,661,260,0,356,411,62,17901,3849,30,68,0,73,52,7,3815,921,829,98,132,69,463,429,961,0,328,691,1019
2004,Placer County,January,1676,37,13,0,1,0,0,1725,944,9,6,0,0,0,0,959,50,1,15,0,0,0,1,1,0,19,46,65
2004,Placer County,February,1725,61,5,0,20,44,51,1676,959,15,3,0,7,6,0,964,66,115,18,13,51,50,27,128,0,8,76,84
2004,Placer County,March,1676,81,27,0,79,43,63,1599,964,16,16,0,30,11,1,954,108,185,32,42,64,54,109,227,0,43,97,140
2004,Placer County,April,1599,51,27,0,10,8,29,1630,954,6,6,0,6,1,0,959,78,47,12,7,29,9,16,54,0,33,57,90
2004,Placer County,May,1630,53,21,0,23,20,12,1649,959,5,9,0,5,0,0,968,74,55,14,5,12,20,28,60,0,30,58,88
2004,Placer County,June,1649,74,34,0,39,13,16,1689,968,10,4,0,6,1,0,975,108,68,14,7,16,14,45,75,0,38,84,122
2004,Placer County,July,1689,85,24,1,110,57,60,1572,975,7,4,0,23,12,0,951,110,227,11,35,60,69,133,262,1,28,92,121
2004,Placer County,August,1572,57,25,0,43,13,11,1587,951,8,18,0,7,5,0,965,82,67,26,12,11,18,50,79,0,43,65,108
2004,Placer County,September,1587,68,18,0,26,19,31,1597,965,12,13,0,12,3,0,975,86,76,25,15,31,22,38,91,0,31,80,111
2004,Placer County,October,1597,58,20,0,57,25,63,1530,975,12,14,0,19,1,0,981,78,145,26,20,63,26,76,165,0,34,70,104
2004,Placer County,November,1530,47,20,0,21,30,34,1512,981,12,11,0,10,27,0,967,67,85,23,37,34,57,31,122,0,31,59,90
2004,Placer County,December,1512,133,22,0,51,36,31,1549,967,20,13,0,14,24,0,962,155,118,33,38,31,60,65,156,0,35,153,188
2004,Plumas County,January,185,16,0,0,5,0,0,196,196,13,0,0,4,0,0,205,16,5,13,4,0,0,9,9,0,0,29,29
2004,Plumas County,February,196,8,0,0,6,0,0,198,205,11,0,0,6,0,0,210,8,6,11,6,0,0,12,12,0,0,19,19
2004,Plumas County,March,198,8,0,0,4,0,0,202,210,8,0,0,2,0,0,216,8,4,8,2,0,0,6,6,0,0,16,16
2004,Plumas County,April,202,6,0,0,4,0,0,204,216,10,0,0,7,0,0,219,6,4,10,7,0,0,11,11,0,0,16,16
2004,Plumas County,May,204,9,0,0,3,0,0,210,219,11,13,0,3,0,0,240,9,3,24,3,0,0,6,6,0,13,20,33
2004,Plumas County,June,210,10,0,0,7,0,0,213,240,13,0,0,3,0,0,250,10,7,13,3,0,0,10,10,0,0,23,23
2004,Plumas County,July,213,12,0,0,5,0,0,220,250,4,0,0,9,0,0,245,12,5,4,9,0,0,14,14,0,0,16,16
2004,Plumas County,August,220,7,0,0,4,0,0,223,245,13,0,0,11,0,0,247,7,4,13,11,0,0,15,15,0,0,20,20
2004,Plumas County,September,223,6,0,0,2,0,0,227,247,9,0,0,7,0,0,249,6,2,9,7,0,0,9,9,0,0,15,15
2004,Plumas County,October,227,9,0,0,5,0,0,231,249,8,0,0,11,0,0,246,9,5,8,11,0,0,16,16,0,0,17,17
2004,Plumas County,November,231,6,0,0,6,0,0,231,246,10,0,0,8,0,0,248,6,6,10,8,0,0,14,14,0,0,16,16
2004,Plumas County,December,231,7,0,0,7,0,0,231,248,6,0,0,8,0,0,246,7,7,6,8,0,0,15,15,0,0,13,13
2004,Riverside County,January,11038,593,117,0,332,192,0,11224,2102,113,22,0,63,36,0,2138,710,524,135,99,0,228,395,623,0,139,706,845
2004,Riverside County,February,11224,522,163,0,403,238,0,11268,2138,99,31,0,77,45,0,2146,685,641,130,122,0,283,480,763,0,194,621,815
2004,Riverside County,March,11268,645,222,0,465,337,0,11333,2146,123,42,0,88,64,0,2159,867,802,165,152,0,401,553,954,0,264,768,1032
2004,Riverside County,April,11333,542,255,0,311,370,0,11449,2159,103,49,0,60,70,0,2181,797,681,152,130,0,440,371,811,0,304,645,949
2004,Riverside County,May,11449,526,231,0,446,307,0,11453,2181,100,44,0,85,58,0,2182,757,753,144,143,0,365,531,896,0,275,626,901
2004,Riverside County,June,11453,598,285,0,374,336,0,11626,2182,114,54,0,71,64,0,2215,883,710,168,135,0,400,445,845,0,339,712,1051
2004,Riverside County,July,11626,433,184,0,280,339,0,11624,2215,82,35,0,52,65,0,2215,617,619,117,117,0,404,332,736,0,219,515,734
2004,Riverside County,August,11624,603,264,0,461,281,0,11749,2215,115,50,0,88,53,0,2239,867,742,165,141,0,334,549,883,0,314,718,1032
2004,Riverside County,September,11749,469,176,0,431,227,0,11736,2239,89,34,0,82,43,0,2237,645,658,123,125,0,270,513,783,0,210,558,768
2004,Riverside County,October,11736,458,226,0,348,261,0,11811,2237,87,43,0,66,50,0,2251,684,609,130,116,0,311,414,725,0,269,545,814
2004,Riverside County,November,11811,432,237,0,543,309,0,11628,2251,82,45,0,35,59,0,2284,669,852,127,94,0,368,578,946,0,282,514,796
2004,Riverside County,December,11628,547,198,0,420,293,0,11660,2284,104,38,0,80,56,0,2290,745,713,142,136,0,349,500,849,0,236,651,887
2004,Sacramento County,January,18225,458,412,226,742,404,3,18172,0,0,0,0,0,0,0,0,1096,1149,0,0,3,404,742,1149,226,412,458,1096
2004,Sacramento County,February,18172,440,419,46,581,321,1,18174,0,0,0,0,0,0,0,0,905,903,0,0,1,321,581,903,46,419,440,905
2004,Sacramento County,March,18174,437,449,310,884,444,0,18042,0,0,0,0,0,0,0,0,1196,1328,0,0,0,444,884,1328,310,449,437,1196
2004,Sacramento County,April,18042,471,409,93,995,288,2,17730,0,0,0,0,0,0,0,0,973,1285,0,0,2,288,995,1285,93,409,471,973
2004,Sacramento County,May,17730,384,373,254,537,432,3,17769,0,0,0,0,0,0,0,0,1011,972,0,0,3,432,537,972,254,373,384,1011
2004,Sacramento County,June,17769,461,449,116,894,326,6,17569,0,0,0,0,0,0,0,0,1026,1226,0,0,6,326,894,1226,116,449,461,1026
2004,Sacramento County,July,17569,448,409,53,682,276,2,17519,0,0,0,0,0,0,0,0,910,960,0,0,2,276,682,960,53,409,448,910
2004,Sacramento County,August,17519,410,394,72,619,358,6,17412,0,0,0,0,0,0,0,0,876,983,0,0,6,358,619,983,72,394,410,876
2004,Sacramento County,September,17412,489,374,186,627,275,0,17559,0,0,0,0,0,0,0,0,1049,902,0,0,0,275,627,902,186,374,489,1049
2004,Sacramento County,October,17559,410,384,272,655,471,4,17495,0,0,0,0,0,0,0,0,1066,1130,0,0,4,471,655,1130,272,384,410,1066
2004,Sacramento County,November,17495,445,342,178,494,356,0,17610,0,0,0,0,0,0,0,0,965,850,0,0,0,356,494,850,178,342,445,965
2004,Sacramento County,December,17610,484,408,81,640,363,0,17580,0,0,0,0,0,0,0,0,973,1003,0,0,0,363,640,1003,81,408,484,973
2004,San Benito County,January,403,10,4,0,13,8,5,391,159,27,1,0,2,8,1,176,14,26,28,11,6,16,15,37,0,5,37,42
2004,San Benito County,February,391,8,1,0,9,6,1,384,176,17,3,0,0,8,0,188,9,16,20,8,1,14,9,24,0,4,25,29
2004,San Benito County,March,384,17,3,0,16,5,5,378,188,3,10,0,4,5,0,192,20,26,13,9,5,10,20,35,0,13,20,33
2004,San Benito County,April,378,7,4,0,8,13,3,365,192,10,8,0,3,8,0,199,11,24,18,11,3,21,11,35,0,12,17,29
2004,San Benito County,May,365,8,0,0,3,7,5,358,199,9,6,0,11,9,0,194,8,15,15,20,5,16,14,35,0,6,17,23
2004,San Benito County,June,358,14,3,0,9,6,3,357,194,12,1,0,0,4,0,203,17,18,13,4,3,10,9,22,0,4,26,30
2004,San Benito County,July,357,18,6,0,7,12,3,359,203,27,2,0,4,11,0,217,24,22,29,15,3,23,11,37,0,8,45,53
2004,San Benito County,August,359,13,2,0,5,5,3,361,217,25,4,0,0,5,0,237,15,13,29,5,3,10,5,18,0,6,38,44
2004,San Benito County,September,361,22,3,0,3,9,5,369,237,14,3,0,4,7,0,243,25,17,17,11,5,16,7,28,0,6,36,42
2004,San Benito County,October,369,24,0,0,11,15,5,362,243,11,3,0,6,19,0,232,24,31,14,25,5,34,17,56,0,3,35,38
2004,San Benito County,November,362,13,2,0,3,11,2,361,232,5,4,0,1,16,0,224,15,16,9,17,2,27,4,33,0,6,18,24
2004,San Benito County,December,361,7,6,0,2,17,0,355,224,5,6,0,2,5,0,228,13,19,11,7,0,22,4,26,0,12,12,24
2004,San Bernardino County,January,17546,428,5,21,164,127,325,17384,2044,61,1,2,127,47,23,1911,454,616,64,197,348,174,291,813,23,6,489,518
2004,San Bernardino County,February,17383,317,2,21,164,127,273,17159,1960,64,1,9,127,47,12,1848,340,564,74,186,285,174,291,750,30,3,381,414
2004,San Bernardino County,March,17043,136,1,50,141,123,450,16516,1819,78,1,13,109,47,62,1693,187,714,92,218,512,170,250,932,63,2,214,279
2004,San Bernardino County,April,16810,99,0,41,166,127,207,16450,1757,63,1,24,132,47,86,1580,140,500,88,265,293,174,298,765,65,1,162,228
2004,San Bernardino County,May,16820,75,1,45,172,129,85,16555,1810,52,13,21,134,49,62,1651,121,386,86,245,147,178,306,631,66,14,127,207
2004,San Bernardino County,June,17097,108,2,32,181,129,276,16653,1872,47,0,10,135,49,1,1744,142,586,57,185,277,178,316,771,42,2,155,199
2004,San Bernardino County,July,17293,122,1,47,182,129,117,17035,1847,77,0,16,135,49,9,1747,170,428,93,193,126,178,317,621,63,1,199,263
2004,San Bernardino County,August,17035,240,1,82,182,129,255,16792,1747,61,0,44,137,51,42,1622,323,566,105,230,297,180,319,796,126,1,301,428
2004,San Bernardino County,September,16792,133,0,76,186,133,344,16338,1622,68,0,32,142,54,16,1510,209,663,100,212,360,187,328,875,108,0,201,309
2004,San Bernardino County,October,16338,129,0,56,186,133,202,16002,1510,58,0,11,142,54,60,1323,185,521,69,256,262,187,328,777,67,0,187,254
2004,San Bernardino County,November,16002,96,2,45,187,133,229,15596,1323,64,0,23,143,55,56,1156,143,549,87,254,285,188,330,803,68,2,160,230
2004,San Bernardino County,December,15596,87,2,35,188,133,246,15153,1156,50,1,24,143,55,54,979,124,567,75,252,300,188,331,819,59,3,137,199
2004,San Diego County,January,28229,620,299,0,391,619,0,28138,3065,172,0,0,21,85,0,3131,919,1010,172,106,0,704,412,1116,0,299,792,1091
2004,San Diego County,February,28138,613,242,0,248,319,0,28426,3131,45,1,0,68,6,0,3103,855,567,46,74,0,325,316,641,0,243,658,901
2004,San Diego County,March,28426,812,364,0,619,391,0,28592,3103,59,0,0,85,8,0,3069,1176,1010,59,93,0,399,704,1103,0,364,871,1235
2004,San Diego County,April,28592,913,466,0,545,476,0,28950,3069,52,0,0,87,6,0,3028,1379,1021,52,93,0,482,632,1114,0,466,965,1431
2004,San Diego County,May,28950,921,125,0,507,487,0,29002,3028,57,13,0,40,7,0,3051,1046,994,70,47,0,494,547,1041,0,138,978,1116
2004,San Diego County,June,29002,686,296,0,264,361,0,29359,3051,70,1,0,92,0,0,3030,982,625,71,92,0,361,356,717,0,297,756,1053
2004,San Diego County,July,29359,714,348,0,159,380,0,29882,3030,91,4,0,51,3,0,3071,1062,539,95,54,0,383,210,593,0,352,805,1157
2004,San Diego County,August,29882,669,285,0,187,356,0,30293,3071,66,18,0,67,5,0,3083,954,543,84,72,0,361,254,615,0,303,735,1038
2004,San Diego County,September,30293,843,361,0,2760,238,0,28499,3083,101,8,0,47,0,0,3145,1204,2998,109,47,0,238,2807,3045,0,369,944,1313
2004,San Diego County,October,28499,644,278,0,410,243,0,28768,3145,45,6,0,29,2,0,3165,922,653,51,31,0,245,439,684,0,284,689,973
2004,San Diego County,November,28768,665,309,26,1191,35,0,28542,3165,46,2,0,53,6,0,3154,1000,1226,48,59,0,41,1244,1285,26,311,711,1048
2004,San Diego County,December,28542,1059,124,0,1206,135,2,28382,3154,56,4,0,72,5,0,3137,1183,1343,60,77,2,140,1278,1420,0,128,1115,1243
2004,San Francisco County,January,0,0,0,0,0,0,0,0,0,0,0,0,0,0,0,0,0,0,0,0,0,0,0,0,0,0,0,0
2004,San Francisco County,February,0,0,0,0,0,0,0,0,0,0,0,0,0,0,0,0,0,0,0,0,0,0,0,0,0,0,0,0
2004,San Francisco County,March,0,0,0,0,0,0,0,0,0,0,0,0,0,0,0,0,0,0,0,0,0,0,0,0,0,0,0,0
2004,San Francisco County,April,0,0,0,0,0,0,0,0,0,0,0,0,0,0,0,0,0,0,0,0,0,0,0,0,0,0,0,0
2004,San Francisco County,May,0,0,0,0,0,0,0,0,0,0,0,0,0,0,0,0,0,0,0,0,0,0,0,0,0,0,0,0
2004,San Francisco County,June,0,0,0,0,0,0,0,0,0,0,0,0,0,0,0,0,0,0,0,0,0,0,0,0,0,0,0,0
2004,San Francisco County,July,0,0,0,0,0,0,0,0,0,0,0,0,0,0,0,0,0,0,0,0,0,0,0,0,0,0,0,0
2004,San Francisco County,August,0,0,0,0,0,0,0,0,0,0,0,0,0,0,0,0,0,0,0,0,0,0,0,0,0,0,0,0
2004,San Francisco County,September,0,0,0,0,0,0,0,0,0,0,0,0,0,0,0,0,0,0,0,0,0,0,0,0,0,0,0,0
2004,San Francisco County,October,0,0,0,0,0,0,0,0,0,0,0,0,0,0,0,0,0,0,0,0,0,0,0,0,0,0,0,0
2004,San Francisco County,November,0,0,0,0,0,0,0,0,0,0,0,0,0,0,0,0,0,0,0,0,0,0,0,0,0,0,0,0
2004,San Francisco County,December,0,0,0,0,0,0,0,0,0,0,0,0,0,0,0,0,0,0,0,0,0,0,0,0,0,0,0,0
2004,San Joaquin County,January,288,181,232,0,11,323,0,367,2497,575,382,0,62,606,0,2786,413,334,957,668,0,929,73,1002,0,614,756,1370
2004,San Joaquin County,February,367,248,177,0,18,286,0,488,2786,581,390,0,85,466,0,3206,425,304,971,551,0,752,103,855,0,567,829,1396
2004,San Joaquin County,March,488,205,215,0,88,308,0,512,3206,585,395,0,42,408,0,3736,420,396,980,450,0,716,130,846,0,610,790,1400
2004,San Joaquin County,April,512,151,250,0,36,402,0,475,3736,426,413,0,72,642,0,3861,401,438,839,714,0,1044,108,1152,0,663,577,1240
2004,San Joaquin County,May,475,141,104,0,15,197,0,508,3861,441,277,0,32,315,0,4232,245,212,718,347,0,512,47,559,0,381,582,963
2004,San Joaquin County,June,508,213,219,0,31,348,0,561,4232,504,428,0,95,507,0,4562,432,379,932,602,0,855,126,981,0,647,717,1364
2004,San Joaquin County,July,561,127,187,0,24,210,2,639,4562,222,289,0,20,388,3,4662,314,236,511,411,5,598,44,647,0,476,349,825
2004,San Joaquin County,August,639,126,109,0,25,448,0,401,4662,195,254,0,90,325,0,4696,235,473,449,415,0,773,115,888,0,363,321,684
2004,San Joaquin County,September,401,96,173,9,15,312,0,352,4696,228,391,13,112,354,8,4854,278,327,632,474,8,666,127,801,22,564,324,910
2004,San Joaquin County,October,352,100,99,7,24,191,17,326,4854,160,298,15,93,455,20,4759,206,232,473,568,37,646,117,800,22,397,260,679
2004,San Joaquin County,November,326,116,89,42,65,195,17,296,4759,136,272,0,127,409,1,4630,247,277,408,537,18,604,192,814,42,361,252,655
2004,San Joaquin County,December,296,129,114,8,96,305,11,135,4630,175,197,9,104,445,11,4451,251,412,381,560,22,750,200,972,17,311,304,632
2004,San Luis Obispo County,January,1965,59,8,0,13,24,0,1995,1657,46,6,0,24,12,0,1673,67,37,52,36,0,36,37,73,0,14,105,119
2004,San Luis Obispo County,February,1995,19,14,0,34,36,0,1958,1673,69,23,0,20,37,0,1708,33,70,92,57,0,73,54,127,0,37,88,125
2004,San Luis Obispo County,March,1958,62,26,0,53,19,0,1974,1708,75,22,0,50,23,1,1731,88,72,97,74,1,42,103,146,0,48,137,185
2004,San Luis Obispo County,April,1974,47,19,0,30,16,0,1994,1731,60,16,0,36,17,0,1754,66,46,76,53,0,33,66,99,0,35,107,142
2004,San Luis Obispo County,May,1994,60,8,0,5,8,0,2049,1754,47,8,0,16,4,0,1789,68,13,55,20,0,12,21,33,0,16,107,123
2004,San Luis Obispo County,June,2049,52,24,0,30,25,0,2070,1789,49,11,0,59,23,0,1767,76,55,60,82,0,48,89,137,0,35,101,136
2004,San Luis Obispo County,July,2070,76,19,0,30,16,0,2119,1767,78,11,0,23,13,0,1820,95,46,89,36,0,29,53,82,0,30,154,184
2004,San Luis Obispo County,August,2119,48,10,0,63,31,0,2083,1820,50,10,0,66,15,0,1799,58,94,60,81,0,46,129,175,0,20,98,118
2004,San Luis Obispo County,September,2083,63,10,0,37,32,0,2087,1799,65,22,0,45,15,0,1826,73,69,87,60,0,47,82,129,0,32,128,160
2004,San Luis Obispo County,October,2087,36,14,0,37,17,0,2083,1826,74,7,0,26,9,0,1872,50,54,81,35,0,26,63,89,0,21,110,131
2004,San Luis Obispo County,November,2083,42,22,0,54,6,0,2087,1872,45,15,0,65,21,0,1846,64,60,60,86,0,27,119,146,0,37,87,124
2004,San Luis Obispo County,December,2087,52,8,0,14,7,0,2126,1846,54,37,0,43,34,0,1860,60,21,91,77,0,41,57,98,0,45,106,151
2004,San Mateo County,January,5826,117,80,1,79,78,7,5860,5755,154,73,0,130,81,1,5770,198,164,227,212,8,159,209,376,1,153,271,425
2004,San Mateo County,February,5860,103,59,0,52,53,4,5913,5770,166,58,0,117,63,0,5814,162,109,224,180,4,116,169,289,0,117,269,386
2004,San Mateo County,March,5553,152,61,0,94,51,2,5619,5814,179,48,0,141,88,10,5802,213,147,227,239,12,139,235,386,0,109,331,440
2004,San Mateo County,April,5619,175,55,2,69,76,4,5702,5802,181,64,0,95,101,8,5843,232,149,245,204,12,177,164,353,2,119,356,477
2004,San Mateo County,May,5702,146,62,1,79,57,4,5771,5843,164,51,0,105,77,2,5874,209,140,215,184,6,134,184,324,1,113,310,424
2004,San Mateo County,June,5771,155,70,0,85,79,0,5832,5874,198,62,0,138,80,3,5913,225,164,260,221,3,159,223,385,0,132,353,485
2004,San Mateo County,July,5832,134,42,0,72,57,4,5875,5913,192,71,1,139,82,6,5950,176,133,264,227,10,139,211,360,1,113,326,440
2004,San Mateo County,August,5875,163,71,0,62,72,1,5974,5950,175,73,0,89,70,6,6033,234,135,248,165,7,142,151,300,0,144,338,482
2004,San Mateo County,September,5974,149,66,0,58,76,2,6053,6033,192,54,0,128,72,1,6078,215,136,246,201,3,148,186,337,0,120,341,461
2004,San Mateo County,October,6053,135,54,2,80,77,2,6085,6078,181,46,0,117,94,0,6094,191,159,227,211,2,171,197,370,2,100,316,418
2004,San Mateo County,November,6085,136,45,0,59,88,1,6118,6094,172,56,0,123,64,1,6134,181,148,228,188,2,152,182,336,0,101,308,409
2004,San Mateo County,December,6118,121,70,0,48,66,4,6191,6134,154,56,0,127,87,3,6127,191,118,210,217,7,153,175,335,0,126,275,401
2004,Santa Barbara County,January,2782,87,13,0,41,44,7,2790,2535,178,8,0,112,55,9,2545,100,92,186,176,16,99,153,268,0,21,265,286
2004,Santa Barbara County,February,2803,104,8,0,42,43,6,2824,2565,120,3,0,117,52,13,2506,112,91,123,182,19,95,159,273,0,11,224,235
2004,Santa Barbara County,March,2829,104,23,0,57,56,7,2836,2535,148,12,0,128,58,10,2499,127,120,160,196,17,114,185,316,0,35,252,287
2004,Santa Barbara County,April,2869,86,19,0,29,72,7,2866,2508,138,20,0,91,65,8,2502,105,108,158,164,15,137,120,272,0,39,224,263
2004,Santa Barbara County,May,2882,89,24,0,44,65,11,2875,2524,147,16,0,120,80,12,2475,113,120,163,212,23,145,164,332,0,40,236,276
2004,Santa Barbara County,June,2894,96,22,0,39,82,7,2884,2507,147,11,0,114,71,12,2468,118,128,158,197,19,153,153,325,0,33,243,276
2004,Santa Barbara County,July,2904,81,13,0,45,63,4,2886,2500,143,4,0,98,93,6,2450,94,112,147,197,10,156,143,309,0,17,224,241
2004,Santa Barbara County,August,2935,96,9,0,49,80,8,2903,2477,159,10,0,105,78,7,2456,105,137,169,190,15,158,154,327,0,19,255,274
2004,Santa Barbara County,September,2914,111,21,0,35,87,9,2915,2491,138,7,0,101,83,13,2439,132,131,145,197,22,170,136,328,0,28,249,277
2004,Santa Barbara County,October,2931,81,14,0,54,70,6,2896,2484,155,3,0,116,83,8,2435,95,130,158,207,14,153,170,337,0,17,236,253
2004,Santa Barbara County,November,2926,71,8,0,35,56,8,2906,2475,131,5,0,53,76,13,2469,79,99,136,142,21,132,88,241,0,13,202,215
2004,Santa Barbara County,December,3079,87,6,0,39,80,12,3041,2548,138,13,0,70,80,9,2540,93,131,151,159,21,160,109,290,0,19,225,244
2004,Santa Clara County,January,10723,301,173,520,323,271,461,10662,7450,255,153,422,301,264,346,7369,994,1055,830,911,807,535,624,1966,942,326,556,1824
2004,Santa Clara County,February,10662,401,141,423,167,206,535,10719,7369,347,118,256,155,173,348,7414,965,908,721,676,883,379,322,1584,679,259,748,1686
2004,Santa Clara County,March,10719,394,206,532,229,243,632,11219,7414,340,165,381,172,223,572,7333,1132,1104,886,967,1204,466,401,2071,913,371,734,2018
2004,Santa Clara County,April,11219,309,172,615,223,181,766,11145,7333,338,160,412,79,190,500,7474,1096,1170,910,769,1266,371,302,1939,1027,332,647,2006
2004,Santa Clara County,May,11145,310,142,463,190,207,574,11089,7474,269,133,359,78,170,515,7472,915,971,761,763,1089,377,268,1734,822,275,579,1676
2004,Santa Clara County,June,11089,336,130,569,246,189,679,11010,7472,284,123,553,113,267,562,7490,1035,1114,960,942,1241,456,359,2056,1122,253,620,1995
2004,Santa Clara County,July,11010,322,128,535,280,228,478,11009,7490,284,138,324,165,184,383,7504,985,986,746,732,861,412,445,1718,859,266,606,1731
2004,Santa Clara County,August,11009,275,107,1581,312,269,1557,10834,7504,220,97,995,192,165,1015,7444,1963,2138,1312,1372,2572,434,504,3510,2576,204,495,3275
2004,Santa Clara County,September,10834,245,160,572,254,248,608,10701,7444,264,136,443,148,210,534,7395,977,1110,843,892,1142,458,402,2002,1015,296,509,1820
2004,Santa Clara County,October,10701,352,124,555,234,248,517,10733,7395,359,106,433,185,321,397,7390,1031,999,898,903,914,569,419,1902,988,230,711,1929
2004,Santa Clara County,November,10733,284,97,522,226,221,457,10732,7390,240,105,397,108,154,399,7471,903,904,742,661,856,375,334,1565,919,202,524,1645
2004,Santa Clara County,December,10732,338,160,547,278,256,385,10858,7471,310,160,511,189,249,439,7575,1045,919,981,877,824,505,467,1796,1058,320,648,2026
2004,Santa Cruz County,January,2939,85,45,0,57,42,0,2970,2260,60,24,0,31,31,0,2282,130,99,84,62,0,73,88,161,0,69,145,214
2004,Santa Cruz County,February,2970,61,46,0,73,41,0,2963,2282,44,28,0,38,37,0,2279,107,114,72,75,0,78,111,189,0,74,105,179
2004,Santa Cruz County,March,2963,86,56,0,46,54,0,3005,2279,47,13,0,36,17,0,2286,142,100,60,53,0,71,82,153,0,69,133,202
2004,Santa Cruz County,April,3005,112,54,0,73,76,0,3022,2286,51,31,0,46,37,0,2285,166,149,82,83,0,113,119,232,0,85,163,248
2004,Santa Cruz County,May,3022,47,56,0,24,33,0,3068,2285,41,28,0,8,29,0,2317,103,57,69,37,0,62,32,94,0,84,88,172
2004,Santa Cruz County,June,3068,96,50,0,38,60,0,3116,2317,49,15,0,37,29,0,2315,146,98,64,66,0,89,75,164,0,65,145,210
2004,Santa Cruz County,July,3116,60,56,0,16,13,0,3203,2315,59,17,0,20,30,0,2341,116,29,76,50,0,43,36,79,0,73,119,192
2004,Santa Cruz County,August,3203,70,40,0,73,97,0,3143,2341,44,27,0,30,51,0,2331,110,170,71,81,0,148,103,251,0,67,114,181
2004,Santa Cruz County,September,3143,60,40,0,35,33,0,3175,2331,25,30,0,22,24,0,2340,100,68,55,46,0,57,57,114,0,70,85,155
2004,Santa Cruz County,October,3175,76,65,0,32,73,0,3211,2340,41,32,0,43,31,0,2339,141,105,73,74,0,104,75,179,0,97,117,214
2004,Santa Cruz County,November,3211,79,52,0,23,70,0,3249,2339,41,30,0,30,35,0,2345,131,93,71,65,0,105,53,158,0,82,120,202
2004,Santa Cruz County,December,3249,44,47,0,41,37,0,3262,2345,23,16,0,48,41,0,2295,91,78,39,89,0,78,89,167,0,63,67,130
2004,Shasta County,January,2131,49,56,11,62,11,0,2174,959,42,21,0,24,3,0,995,116,73,63,27,0,14,86,100,11,77,91,179
2004,Shasta County,February,2174,27,43,16,66,17,0,2177,995,38,19,0,23,9,0,1020,86,83,57,32,0,26,89,115,16,62,65,143
2004,Shasta County,March,2177,49,41,10,71,26,0,2180,1020,55,12,0,35,4,0,1048,100,97,67,39,0,30,106,136,10,53,104,167
2004,Shasta County,April,2180,39,64,14,47,11,0,2239,1048,47,10,0,49,9,0,1047,117,58,57,58,0,20,96,116,14,74,86,174
2004,Shasta County,May,2239,31,31,5,50,34,0,2222,1047,38,19,0,33,9,0,1062,67,84,57,42,0,43,83,126,5,50,69,124
2004,Shasta County,June,2222,30,31,11,58,10,0,2226,1062,33,9,0,17,6,0,1081,72,68,42,23,0,16,75,91,11,40,63,114
2004,Shasta County,July,2226,39,50,15,69,11,0,2250,1081,28,0,0,16,0,0,1093,104,80,28,16,0,11,85,96,15,50,67,132
2004,Shasta County,August,2250,35,40,7,53,12,0,2267,1093,28,0,0,33,0,0,1088,82,65,28,33,0,12,86,98,7,40,63,110
2004,Shasta County,September,2267,37,40,12,31,4,0,2321,1088,21,2,0,46,0,0,1065,89,35,23,46,0,4,77,81,12,42,58,112
2004,Shasta County,October,2321,62,34,7,37,12,0,2375,1065,17,1,0,26,0,0,1057,103,49,18,26,0,12,63,75,7,35,79,121
2004,Shasta County,November,2375,34,44,10,55,20,0,2388,1057,29,2,0,28,0,0,1060,88,75,31,28,0,20,83,103,10,46,63,119
2004,Shasta County,December,2388,41,36,12,32,15,0,2430,1060,22,3,0,36,0,0,1049,89,47,25,36,0,15,68,83,12,39,63,114
2004,Sierra County,January,53,3,0,0,1,0,0,55,58,1,0,0,1,0,0,58,3,1,1,1,0,0,2,2,0,0,4,4
2004,Sierra County,February,55,0,0,0,1,0,0,54,58,0,0,0,3,0,0,55,0,1,0,3,0,0,4,4,0,0,0,0
2004,Sierra County,March,54,4,0,0,2,0,2,54,55,1,0,0,4,0,0,52,4,4,1,4,2,0,6,8,0,0,5,5
2004,Sierra County,April,54,3,0,0,3,0,0,54,52,3,0,0,9,0,0,46,3,3,3,9,0,0,12,12,0,0,6,6
2004,Sierra County,May,54,0,0,0,4,0,0,50,46,4,0,0,1,0,0,49,0,4,4,1,0,0,5,5,0,0,4,4
2004,Sierra County,June,50,0,0,0,0,0,1,49,49,0,0,0,1,0,0,48,0,1,0,1,1,0,1,2,0,0,0,0
2004,Sierra County,July,49,0,0,0,1,0,2,46,48,2,0,0,5,0,0,45,0,3,2,5,2,0,6,8,0,0,2,2
2004,Sierra County,August,46,0,0,0,1,0,1,44,45,1,0,0,2,0,0,44,0,2,1,2,1,0,3,4,0,0,1,1
2004,Sierra County,September,44,0,0,2,1,0,0,45,44,0,0,0,0,0,0,44,2,1,0,0,0,0,1,1,2,0,0,2
2004,Sierra County,October,45,0,0,0,0,0,0,45,44,3,0,0,0,0,0,47,0,0,3,0,0,0,0,0,0,0,3,3
2004,Sierra County,November,45,0,0,0,2,0,0,43,47,0,0,0,1,0,0,46,0,2,0,1,0,0,3,3,0,0,0,0
2004,Sierra County,December,43,0,0,0,1,0,0,42,46,1,0,0,1,0,0,46,0,1,1,1,0,0,2,2,0,0,1,1
2004,Siskiyou County,January,207,27,8,0,22,38,0,182,0,0,0,0,0,0,0,0,35,60,0,0,0,38,22,60,0,8,27,35
2004,Siskiyou County,February,182,11,8,0,16,47,0,138,0,0,0,0,0,0,0,0,19,63,0,0,0,47,16,63,0,8,11,19
2004,Siskiyou County,March,545,0,0,0,0,0,0,545,0,0,0,0,0,0,0,0,0,0,0,0,0,0,0,0,0,0,0,0
2004,Siskiyou County,April,545,11,10,0,10,19,0,537,0,0,0,0,0,0,0,0,21,29,0,0,0,19,10,29,0,10,11,21
2004,Siskiyou County,May,537,13,7,1,11,19,0,528,0,0,0,0,0,0,0,0,21,30,0,0,0,19,11,30,1,7,13,21
2004,Siskiyou County,June,528,14,8,0,6,12,1,531,0,0,0,0,0,0,0,0,22,19,0,0,1,12,6,19,0,8,14,22
2004,Siskiyou County,July,531,13,11,0,8,15,0,532,0,0,0,0,0,0,0,0,24,23,0,0,0,15,8,23,0,11,13,24
2004,Siskiyou County,August,532,24,14,0,9,10,0,551,0,0,0,0,0,0,0,0,38,19,0,0,0,10,9,19,0,14,24,38
2004,Siskiyou County,September,551,15,8,0,17,12,0,545,0,0,0,0,0,0,0,0,23,29,0,0,0,12,17,29,0,8,15,23
2004,Siskiyou County,October,545,15,13,3,7,12,2,555,0,0,0,0,0,0,0,0,31,21,0,0,2,12,7,21,3,13,15,31
2004,Siskiyou County,November,555,13,13,0,8,14,4,555,0,0,0,0,0,0,0,0,26,26,0,0,4,14,8,26,0,13,13,26
2004,Siskiyou County,December,555,10,9,0,9,15,0,550,0,0,0,0,0,0,0,0,19,24,0,0,0,15,9,24,0,9,10,19
2004,Solano County,January,3123,99,0,0,56,21,0,3145,3559,51,0,0,46,3,0,3561,99,77,51,49,0,24,102,126,0,0,150,150
2004,Solano County,February,3145,122,0,0,71,35,0,3161,3561,43,0,0,39,15,0,3550,122,106,43,54,0,50,110,160,0,0,165,165
2004,Solano County,March,3161,109,0,0,59,31,0,3180,3550,77,0,0,57,18,0,3552,109,90,77,75,0,49,116,165,0,0,186,186
2004,Solano County,April,3180,138,0,0,36,18,0,3264,3552,42,0,0,41,7,0,3546,138,54,42,48,0,25,77,102,0,0,180,180
2004,Solano County,May,3264,108,0,0,66,28,0,3278,3546,40,0,0,54,0,1,3531,108,94,40,55,1,28,120,149,0,0,148,148
2004,Solano County,June,3278,104,0,0,51,25,1,3305,3531,44,0,0,65,4,5,3501,104,77,44,74,6,29,116,151,0,0,148,148
2004,Solano County,July,3305,95,0,0,62,27,1,3310,3501,38,0,0,44,3,6,3486,95,90,38,53,7,30,106,143,0,0,133,133
2004,Solano County,August,3310,109,0,0,69,32,1,3317,3486,50,0,0,54,4,3,3475,109,102,50,61,4,36,123,163,0,0,159,159
2004,Solano County,September,3317,82,0,0,80,27,2,3290,3475,43,0,0,50,6,1,3461,82,109,43,57,3,33,130,166,0,0,125,125
2004,Solano County,October,3290,102,0,0,63,25,2,3302,3461,48,0,0,48,2,5,3454,102,90,48,55,7,27,111,145,0,0,150,150
2004,Solano County,November,3302,111,0,0,52,22,0,3339,3454,42,0,0,33,5,5,3453,111,74,42,43,5,27,85,117,0,0,153,153
2004,Solano County,December,3339,92,0,0,66,8,0,3357,3453,28,0,0,42,2,2,3435,92,74,28,46,2,10,108,120,0,0,120,120
2004,Sonoma County,January,1793,54,67,1,70,84,0,1761,1084,28,54,8,36,61,17,1060,122,154,90,114,17,145,106,268,9,121,82,212
2004,Sonoma County,February,1761,73,86,0,70,76,1,1773,1060,38,51,2,34,39,13,1065,159,147,91,86,14,115,104,233,2,137,111,250
2004,Sonoma County,March,1773,99,78,0,53,70,1,1826,1065,47,48,0,23,47,24,1066,177,124,95,94,25,117,76,218,0,126,146,272
2004,Sonoma County,April,1826,79,77,3,65,88,3,1829,1066,44,53,7,37,44,28,1061,159,156,104,109,31,132,102,265,10,130,123,263
2004,Sonoma County,May,1829,87,59,1,48,88,2,1838,1061,45,39,1,23,51,23,1049,147,138,85,97,25,139,71,235,2,98,132,232
2004,Sonoma County,June,1838,78,84,1,76,76,1,1848,1049,42,50,2,29,45,31,1038,163,153,94,105,32,121,105,258,3,134,120,257
2004,Sonoma County,July,1848,77,73,0,47,77,1,1873,1038,46,54,2,42,47,19,1032,150,125,102,108,20,124,89,233,2,127,123,252
2004,Sonoma County,August,1873,70,74,2,63,77,0,1879,1032,62,44,1,31,47,21,995,146,140,107,99,21,124,94,239,3,118,132,253
2004,Sonoma County,September,1879,71,65,1,59,65,0,1892,995,38,43,0,27,37,12,1056,137,124,81,76,12,102,86,200,1,108,109,218
2004,Sonoma County,October,1892,73,76,1,66,73,2,1901,1056,49,32,0,33,41,16,1047,150,141,81,90,18,114,99,231,1,108,122,231
2004,Sonoma County,November,1901,78,70,0,74,58,3,1914,1047,33,42,3,25,42,21,1037,148,135,78,88,24,100,99,223,3,112,111,226
2004,Sonoma County,December,1914,66,59,1,60,85,6,1889,1037,42,38,0,36,31,27,1023,126,151,80,94,33,116,96,245,1,97,108,206
2004,Stanislaus County,January,4940,117,107,12,181,121,9,4865,479,5,1,0,25,2,0,458,236,311,6,27,9,123,206,338,12,108,122,242
2004,Stanislaus County,February,4865,146,76,19,162,87,0,4857,458,4,0,0,16,3,0,443,241,249,4,19,0,90,178,268,19,76,150,245
2004,Stanislaus County,March,4857,190,94,19,280,95,0,4785,443,5,3,0,39,3,0,409,303,375,8,42,0,98,319,417,19,97,195,311
2004,Stanislaus County,April,4785,150,53,19,206,98,3,4700,409,4,0,0,30,0,0,383,222,307,4,30,3,98,236,337,19,53,154,226
2004,Stanislaus County,May,4700,118,79,11,282,19,1,4606,383,1,0,0,19,1,0,364,208,302,1,20,1,20,301,322,11,79,119,209
2004,Stanislaus County,June,4606,153,91,12,205,93,1,4563,364,3,2,0,34,0,0,335,256,299,5,34,1,93,239,333,12,93,156,261
2004,Stanislaus County,July,4563,122,93,18,218,34,0,4544,335,2,3,0,33,2,0,305,233,252,5,35,0,36,251,287,18,96,124,238
2004,Stanislaus County,August,4544,165,47,30,159,54,5,4568,305,2,2,0,2,7,0,300,242,218,4,9,5,61,161,227,30,49,167,246
2004,Stanislaus County,September,4568,182,42,13,219,55,0,4531,300,2,1,0,6,2,0,295,237,274,3,8,0,57,225,282,13,43,184,240
2004,Stanislaus County,October,4531,65,60,12,122,121,0,4425,295,3,1,0,4,5,0,290,137,243,4,9,0,126,126,252,12,61,68,141
2004,Stanislaus County,November,4425,188,39,5,114,63,0,4480,290,5,0,0,0,3,0,292,232,177,5,3,0,66,114,180,5,39,193,237
2004,Stanislaus County,December,4480,113,90,22,170,43,0,4492,292,5,2,0,5,1,0,293,225,213,7,6,0,44,175,219,22,92,118,232
2004,Sutter County,January,2700,23,28,1,1,14,22,2715,475,3,5,0,2,1,2,478,52,37,8,5,24,15,3,42,1,33,26,60
2004,Sutter County,February,2715,32,24,1,0,10,5,2757,478,3,7,0,1,0,0,487,57,15,10,1,5,10,1,16,1,31,35,67
2004,Sutter County,March,2757,55,20,0,4,17,6,2805,487,1,5,0,1,2,1,489,75,27,6,4,7,19,5,31,0,25,56,81
2004,Sutter County,April,2805,32,14,0,1,11,24,2815,489,7,1,0,1,0,1,495,46,36,8,2,25,11,2,38,0,15,39,54
2004,Sutter County,May,2815,33,12,0,1,10,11,2838,495,2,1,0,2,0,0,496,45,22,3,2,11,10,3,24,0,13,35,48
2004,Sutter County,June,2838,45,26,2,1,14,10,2886,496,2,4,0,1,0,0,501,73,25,6,1,10,14,2,26,2,30,47,79
2004,Sutter County,July,2886,32,17,2,2,9,13,2913,501,2,1,0,3,0,0,501,51,24,3,3,13,9,5,27,2,18,34,54
2004,Sutter County,August,2913,42,28,2,2,15,10,2958,501,4,1,0,1,0,3,502,72,27,5,4,13,15,3,31,2,29,46,77
2004,Sutter County,September,2958,31,28,4,2,10,24,2985,502,4,7,0,4,0,1,508,63,36,11,5,25,10,6,41,4,35,35,74
2004,Sutter County,October,2985,35,39,2,2,10,3,3046,508,3,8,0,1,0,0,518,76,15,11,1,3,10,3,16,2,47,38,87
2004,Sutter County,November,3046,34,30,0,5,7,16,3082,518,3,7,0,0,0,0,528,64,28,10,0,16,7,5,28,0,37,37,74
2004,Sutter County,December,3082,34,25,0,2,7,4,3128,528,2,1,0,1,0,0,530,59,13,3,1,4,7,3,14,0,26,36,62
2004,Tehama County,January,351,18,0,5,10,3,46,315,228,8,0,13,10,1,0,238,23,59,21,11,46,4,20,70,18,0,26,44
2004,Tehama County,February,315,9,0,6,0,1,0,329,238,0,0,0,5,0,3,230,15,1,0,8,3,1,5,9,6,0,9,15
2004,Tehama County,March,329,11,1,8,9,4,16,320,230,6,0,0,5,1,2,228,20,29,6,8,18,5,14,37,8,1,17,26
2004,Tehama County,April,320,13,1,0,13,0,0,321,228,2,0,0,7,0,8,215,14,13,2,15,8,0,20,28,0,1,15,16
2004,Tehama County,May,321,14,0,9,5,1,9,329,215,4,0,0,6,0,13,200,23,15,4,19,22,1,11,34,9,0,18,27
2004,Tehama County,June,329,18,0,17,4,2,25,333,200,6,14,14,2,1,3,228,35,31,34,6,28,3,6,37,31,14,24,69
2004,Tehama County,July,333,11,0,3,10,2,6,329,228,9,0,0,9,3,1,224,14,18,9,13,7,5,19,31,3,0,20,23
2004,Tehama County,August,329,13,0,4,9,6,20,311,224,8,0,1,5,1,14,213,17,35,9,20,34,7,14,55,5,0,21,26
2004,Tehama County,September,311,7,0,17,7,1,7,320,213,5,0,11,2,2,4,221,24,15,16,8,11,3,9,23,28,0,12,40
2004,Tehama County,October,320,25,0,5,11,2,10,327,221,3,0,1,7,0,6,212,30,23,4,13,16,2,18,36,6,0,28,34
2004,Tehama County,November,327,17,0,4,6,1,13,328,212,6,0,0,3,0,8,207,21,20,6,11,21,1,9,31,4,0,23,27
2004,Tehama County,December,328,15,1,3,10,1,5,331,207,7,0,3,3,0,2,212,19,16,10,5,7,1,13,21,6,1,22,29
2004,Trinity County,January,348,7,5,0,10,0,1,349,11,0,0,0,0,0,0,11,12,11,0,0,1,0,10,11,0,5,7,12
2004,Trinity County,February,349,7,5,0,5,0,1,355,11,0,0,0,0,0,0,11,12,6,0,0,1,0,5,6,0,5,7,12
2004,Trinity County,March,355,8,4,1,7,1,6,354,11,0,0,0,0,0,0,11,13,14,0,0,6,1,7,14,1,4,8,13
2004,Trinity County,April,354,11,4,1,4,0,6,360,11,0,0,0,0,0,0,11,16,10,0,0,6,0,4,10,1,4,11,16
2004,Trinity County,May,360,10,2,2,5,2,2,365,11,0,0,0,0,0,0,11,14,9,0,0,2,2,5,9,2,2,10,14
2004,Trinity County,June,365,6,6,1,6,1,2,369,11,0,0,0,2,0,0,9,13,9,0,2,2,1,8,11,1,6,6,13
2004,Trinity County,July,369,6,3,0,2,3,3,370,9,0,0,0,1,0,0,8,9,8,0,1,3,3,3,9,0,3,6,9
2004,Trinity County,August,370,1,5,2,5,2,2,369,8,0,0,0,1,0,0,7,8,9,0,1,2,2,6,10,2,5,1,8
2004,Trinity County,September,369,6,0,1,8,0,2,366,7,0,0,0,0,1,0,6,7,10,0,1,2,1,8,11,1,0,6,7
2004,Trinity County,October,366,1,2,0,0,0,0,369,6,0,0,0,0,1,0,5,3,0,0,1,0,1,0,1,0,2,1,3
2004,Trinity County,November,369,1,3,2,1,2,3,369,5,0,0,0,0,1,0,4,6,6,0,1,3,3,1,7,2,3,1,6
2004,Trinity County,December,369,5,5,0,6,0,1,372,4,1,0,0,1,0,0,4,10,7,1,1,1,0,7,8,0,5,6,11
2004,Tulare County,January,4868,231,100,0,173,73,0,4953,0,0,0,0,0,0,0,0,331,246,0,0,0,73,173,246,0,100,231,331
2004,Tulare County,February,4953,225,75,0,869,62,0,4322,0,0,0,0,0,0,0,0,300,931,0,0,0,62,869,931,0,75,225,300
2004,Tulare County,March,4322,315,146,0,704,163,0,3916,0,0,0,0,0,0,0,0,461,867,0,0,0,163,704,867,0,146,315,461
2004,Tulare County,April,3916,431,173,0,382,139,0,3999,0,0,0,0,0,0,0,0,604,521,0,0,0,139,382,521,0,173,431,604
2004,Tulare County,May,3999,313,123,0,248,156,0,4031,0,0,0,0,0,0,0,0,436,404,0,0,0,156,248,404,0,123,313,436
2004,Tulare County,June,4031,301,145,0,238,337,0,3902,0,0,0,0,0,0,0,0,446,575,0,0,0,337,238,575,0,145,301,446
2004,Tulare County,July,3902,352,130,0,230,90,0,4064,0,0,0,0,0,0,0,0,482,320,0,0,0,90,230,320,0,130,352,482
2004,Tulare County,August,4064,382,125,0,195,79,0,4297,0,0,0,0,0,0,0,0,507,274,0,0,0,79,195,274,0,125,382,507
2004,Tulare County,September,4297,313,120,0,214,75,0,4441,0,0,0,0,0,0,0,0,433,289,0,0,0,75,214,289,0,120,313,433
2004,Tulare County,October,4441,252,119,0,195,89,0,4528,0,0,0,0,0,0,0,0,371,284,0,0,0,89,195,284,0,119,252,371
2004,Tulare County,November,4528,318,88,0,222,60,0,4652,0,0,0,0,0,0,0,0,406,282,0,0,0,60,222,282,0,88,318,406
2004,Tulare County,December,4652,262,73,0,169,63,0,4755,0,0,0,0,0,0,0,0,335,232,0,0,0,63,169,232,0,73,262,335
2004,Tuolumne County,January,287,60,2,0,12,5,16,316,879,38,22,0,30,35,0,874,62,33,60,65,16,40,42,98,0,24,98,122
2004,Tuolumne County,February,316,37,6,0,23,10,7,319,874,44,47,0,26,41,1,897,43,40,91,68,8,51,49,108,0,53,81,134
2004,Tuolumne County,March,319,15,15,0,12,21,9,307,897,28,29,0,64,34,1,855,30,42,57,99,10,55,76,141,0,44,43,87
2004,Tuolumne County,April,307,50,10,0,22,6,13,326,855,87,37,0,28,37,0,914,60,41,124,65,13,43,50,106,0,47,137,184
2004,Tuolumne County,May,326,22,4,0,7,7,7,331,914,77,22,0,32,38,2,941,26,21,99,72,9,45,39,93,0,26,99,125
2004,Tuolumne County,June,331,45,4,0,17,3,24,336,941,31,28,0,42,28,0,930,49,44,59,70,24,31,59,114,0,32,76,108
2004,Tuolumne County,July,336,43,8,0,13,2,19,353,930,52,27,0,23,29,2,955,51,34,79,54,21,31,36,88,0,35,95,130
2004,Tuolumne County,August,353,31,1,0,9,8,10,358,955,51,40,0,63,35,2,946,32,27,91,100,12,43,72,127,0,41,82,123
2004,Tuolumne County,September,358,29,7,0,9,10,9,366,946,39,51,0,48,35,1,952,36,28,90,84,10,45,57,112,0,58,68,126
2004,Tuolumne County,October,704,29,5,0,22,10,9,697,1577,41,29,0,101,34,5,1507,34,41,70,140,14,44,123,181,0,34,70,104
2004,Tuolumne County,November,697,45,4,0,18,7,13,708,1507,38,19,0,40,31,1,1492,49,38,57,72,14,38,58,110,0,23,83,106
2004,Tuolumne County,December,708,36,6,0,13,16,17,704,1492,21,28,0,41,65,1,1434,42,46,49,107,18,81,54,153,0,34,57,91
2004,Ventura County,January,2701,72,26,0,43,42,0,2714,11185,341,55,0,21,325,0,11235,98,85,396,346,0,367,64,431,0,81,413,494
2004,Ventura County,February,2714,63,32,0,29,19,0,2761,11235,260,53,0,23,222,0,11303,95,48,313,245,0,241,52,293,0,85,323,408
2004,Ventura County,March,2761,82,34,0,40,0,0,2837,11303,318,71,0,21,338,0,11333,116,40,389,359,0,338,61,399,0,105,400,505
2004,Ventura County,April,2837,73,28,0,36,20,0,2882,11333,344,46,0,27,351,0,11345,101,56,390,378,0,371,63,434,0,74,417,491
2004,Ventura County,May,2882,57,20,0,35,56,0,2868,11345,310,59,0,11,355,0,11348,77,91,369,366,0,411,46,457,0,79,367,446
2004,Ventura County,June,2868,101,49,0,31,0,0,2987,11348,331,48,0,32,292,0,11403,150,31,379,324,0,292,63,355,0,97,432,529
2004,Ventura County,July,2987,85,27,0,34,13,0,3052,11403,319,54,0,22,292,0,11462,112,47,373,314,0,305,56,361,0,81,404,485
2004,Ventura County,August,3052,87,116,0,163,0,0,3092,11462,299,47,0,156,247,0,11405,203,163,346,403,0,247,319,566,0,163,386,549
2004,Ventura County,September,3092,79,24,0,60,50,0,3085,11405,316,40,0,52,450,0,11259,103,110,356,502,0,500,112,612,0,64,395,459
2004,Ventura County,October,3085,69,28,0,46,111,0,3025,11259,316,45,0,22,402,0,11196,97,157,361,424,0,513,68,581,0,73,385,458
2004,Ventura County,November,3025,113,28,0,40,74,0,3052,11196,283,32,0,30,241,0,11240,141,114,315,271,0,315,70,385,0,60,396,456
2004,Ventura County,December,3052,92,30,0,44,0,0,3130,11240,275,37,0,43,303,0,11206,122,44,312,346,0,303,87,390,0,67,367,434
2004,Yolo County,January,3591,65,45,0,39,48,0,3614,0,0,0,0,0,0,0,0,110,87,0,0,0,48,39,87,0,45,65,110
2004,Yolo County,February,3614,79,40,0,24,34,0,3675,0,0,0,0,0,0,0,0,119,58,0,0,0,34,24,58,0,40,79,119
2004,Yolo County,March,3675,82,60,0,47,49,0,3721,0,0,0,0,0,0,0,0,142,96,0,0,0,49,47,96,0,60,82,142
2004,Yolo County,April,3721,133,71,0,37,43,0,3845,0,0,0,0,0,0,0,0,204,80,0,0,0,43,37,80,0,71,133,204
2004,Yolo County,May,3845,103,51,0,48,37,0,3914,0,0,0,0,0,0,0,0,154,85,0,0,0,37,48,85,0,51,103,154
2004,Yolo County,June,3914,97,49,0,46,34,0,3980,0,0,0,0,0,0,0,0,146,80,0,0,0,34,46,80,0,49,97,146
2004,Yolo County,July,3980,90,43,0,49,40,0,4024,0,0,0,0,0,0,0,0,133,89,0,0,0,40,49,89,0,43,90,133
2004,Yolo County,August,4024,97,40,0,63,60,0,4038,0,0,0,0,0,0,0,0,137,123,0,0,0,60,63,123,0,40,97,137
2004,Yolo County,September,4038,79,37,0,56,29,0,4069,0,0,0,0,0,0,0,0,116,85,0,0,0,29,56,85,0,37,79,116
2004,Yolo County,October,4069,112,46,0,63,67,0,4097,0,0,0,0,0,0,0,0,158,130,0,0,0,67,63,130,0,46,112,158
2004,Yolo County,November,4097,73,45,0,50,38,0,4127,0,0,0,0,0,0,0,0,118,88,0,0,0,38,50,88,0,45,73,118
2004,Yolo County,December,4127,58,31,0,33,26,0,4157,0,0,0,0,0,0,0,0,89,59,0,0,0,26,33,59,0,31,58,89
2004,Yuba County,January,450,19,7,1,8,9,3,457,236,8,13,4,7,16,2,236,27,20,25,25,5,25,15,45,5,20,27,52
2004,Yuba County,February,457,18,9,1,13,5,1,466,236,6,7,0,4,15,1,229,28,19,13,20,2,20,17,39,1,16,24,41
2004,Yuba County,March,466,31,9,1,1,6,5,495,229,7,16,5,7,14,1,235,41,12,28,22,6,20,8,34,6,25,38,69
2004,Yuba County,April,495,30,8,2,16,6,3,510,235,10,8,0,4,9,2,238,40,25,18,15,5,15,20,40,2,16,40,58
2004,Yuba County,May,510,16,15,3,8,9,8,519,238,15,13,0,3,14,0,249,34,25,28,17,8,23,11,42,3,28,31,62
2004,Yuba County,June,519,11,15,3,8,9,7,524,249,12,13,0,3,15,0,256,29,24,25,18,7,24,11,42,3,28,23,54
2004,Yuba County,July,524,17,9,3,6,5,7,535,256,5,10,1,4,11,0,257,29,18,16,15,7,16,10,33,4,19,22,45
2004,Yuba County,August,535,31,27,2,13,19,4,559,257,8,11,5,7,5,1,268,60,36,24,13,5,24,20,49,7,38,39,84
2004,Yuba County,September,559,59,36,6,22,5,17,616,268,16,18,1,11,24,2,266,101,44,35,37,19,29,33,81,7,54,75,136
2004,Yuba County,October,616,18,13,4,7,4,1,639,266,5,9,1,3,15,0,263,35,12,15,18,1,19,10,30,5,22,23,50
2004,Yuba County,November,639,21,12,5,7,3,3,664,263,11,10,0,3,0,0,281,38,13,21,3,3,3,10,16,5,22,32,59
2004,Yuba County,December,664,10,3,0,14,6,0,657,281,3,4,1,4,10,4,271,13,20,8,18,4,16,18,38,1,7,13,21
2005,Alameda County,January,15645,303,109,0,251,110,57,15639,1654,26,0,2,19,18,8,1637,412,418,28,45,65,128,270,463,2,109,329,440
2005,Alameda County,February,15639,255,148,12,219,128,22,15685,1637,27,6,5,21,21,10,1623,415,369,38,52,32,149,240,421,17,154,282,453
2005,Alameda County,March,15685,449,195,0,236,176,250,15667,1623,27,3,3,30,13,21,1592,644,662,33,64,271,189,266,726,3,198,476,677
2005,Alameda County,April,15667,380,123,0,226,112,190,15642,1592,39,4,0,27,30,42,1536,503,528,43,99,232,142,253,627,0,127,419,546
2005,Alameda County,May,15642,298,89,0,217,131,30,15651,1536,66,1,0,34,17,28,1524,387,378,67,79,58,148,251,457,0,90,364,454
2005,Alameda County,June,15651,313,79,13,193,68,11,15784,1524,38,3,0,16,6,16,1527,405,272,41,38,27,74,209,310,13,82,351,446
2005,Alameda County,July,15784,434,234,0,197,186,351,15718,1527,48,8,0,30,23,46,1484,668,734,56,99,397,209,227,833,0,242,482,724
2005,Alameda County,August,15718,360,122,0,236,140,97,15727,1484,44,2,17,34,24,11,1478,482,473,63,69,108,164,270,542,17,124,404,545
2005,Alameda County,September,15727,302,140,0,193,114,139,15723,1478,32,7,12,32,33,8,1456,442,446,51,73,147,147,225,519,12,147,334,493
2005,Alameda County,October,15723,251,93,0,217,123,121,15606,1456,31,1,4,27,13,6,1446,344,461,36,46,127,136,244,507,4,94,282,380
2005,Alameda County,November,15606,209,119,1,163,125,19,15628,1446,27,5,0,32,13,18,1415,329,307,32,63,37,138,195,370,1,124,236,361
2005,Alameda County,December,15628,339,86,0,170,86,126,15671,1415,49,1,14,31,27,9,1412,425,382,64,67,135,113,201,449,14,87,388,489
2005,Alpine County,January,23,0,0,0,0,1,0,22,43,1,0,0,1,0,1,42,0,1,1,2,1,1,1,3,0,0,1,1
2005,Alpine County,February,22,1,1,0,1,0,0,23,42,1,1,0,0,0,1,43,2,1,2,1,1,0,1,2,0,2,2,4
2005,Alpine County,March,23,1,0,0,2,1,0,21,43,3,1,0,1,0,0,46,1,3,4,1,0,1,3,4,0,1,4,5
2005,Alpine County,April,22,0,0,0,1,0,0,21,45,2,1,0,1,1,1,45,0,1,3,3,1,1,2,4,0,1,2,3
2005,Alpine County,May,21,0,0,0,0,0,0,21,45,2,0,0,1,0,0,46,0,0,2,1,0,0,1,1,0,0,2,2
2005,Alpine County,June,21,1,0,0,0,0,0,22,46,1,0,0,1,3,3,40,1,0,1,7,3,3,1,7,0,0,2,2
2005,Alpine County,July,22,1,0,0,1,0,0,22,40,3,0,0,0,1,0,42,1,1,3,1,0,1,1,2,0,0,4,4
2005,Alpine County,August,22,2,0,0,2,0,0,22,42,0,0,0,0,0,1,41,2,2,0,1,1,0,2,3,0,0,2,2
2005,Alpine County,September,22,0,0,0,0,0,0,22,41,1,0,0,0,1,0,41,0,0,1,1,0,1,0,1,0,0,1,1
2005,Alpine County,October,22,1,0,0,1,0,0,22,41,2,1,0,1,1,0,42,1,1,3,2,0,1,2,3,0,1,3,4
2005,Alpine County,November,22,0,0,0,0,0,0,22,42,1,1,0,1,1,0,42,0,0,2,2,0,1,1,2,0,1,1,2
2005,Alpine County,December,22,0,0,0,0,0,0,22,42,1,1,0,0,1,1,42,0,0,2,2,1,1,0,2,0,1,1,2
2005,Amador County,January,394,14,11,0,10,20,0,389,765,20,12,0,27,21,0,749,25,30,32,48,0,41,37,78,0,23,34,57
2005,Amador County,February,389,19,9,0,18,14,0,385,749,6,13,0,8,16,0,744,28,32,19,24,0,30,26,56,0,22,25,47
2005,Amador County,March,385,24,8,0,9,17,0,391,744,23,4,0,40,9,0,722,32,26,27,49,0,26,49,75,0,12,47,59
2005,Amador County,April,391,19,10,0,16,18,0,386,722,21,6,0,9,16,0,724,29,34,27,25,0,34,25,59,0,16,40,56
2005,Amador County,May,386,19,10,0,5,18,0,392,724,16,6,0,10,18,0,718,29,23,22,28,0,36,15,51,0,16,35,51
2005,Amador County,June,392,17,7,0,13,23,0,380,718,13,8,0,30,15,0,694,24,36,21,45,0,38,43,81,0,15,30,45
2005,Amador County,July,380,18,12,0,14,18,0,378,694,32,6,0,26,8,0,698,30,32,38,34,0,26,40,66,0,18,50,68
2005,Amador County,August,378,17,13,0,7,5,0,396,698,43,7,0,18,6,0,724,30,12,50,24,0,11,25,36,0,20,60,80
2005,Amador County,September,396,21,12,0,9,24,0,396,724,7,7,0,10,13,0,715,33,33,14,23,0,37,19,56,0,19,28,47
2005,Amador County,October,396,26,5,0,16,21,0,390,715,11,5,0,9,7,0,715,31,37,16,16,0,28,25,53,0,10,37,47
2005,Amador County,November,390,24,9,0,11,24,0,388,715,24,4,0,26,8,0,709,33,35,28,34,0,32,37,69,0,13,48,61
2005,Amador County,December,388,11,12,0,8,18,0,385,709,30,3,0,23,7,0,712,23,26,33,30,0,25,31,56,0,15,41,56
2005,Butte County,January,1218,46,21,0,10,32,2,1241,641,20,6,0,0,14,1,652,67,44,26,15,3,46,10,59,0,27,66,93
2005,Butte County,February,1241,34,15,1,14,17,3,1257,652,10,1,0,1,11,0,651,50,34,11,12,3,28,15,46,1,16,44,61
2005,Butte County,March,1257,46,12,0,15,21,1,1278,651,16,6,0,3,22,0,648,58,37,22,25,1,43,18,62,0,18,62,80
2005,Butte County,April,1278,41,19,1,11,48,2,1278,648,21,7,0,7,15,0,654,61,61,28,22,2,63,18,83,1,26,62,89
2005,Butte County,May,1278,49,21,0,22,27,2,1297,654,14,5,0,9,10,0,654,70,51,19,19,2,37,31,70,0,26,63,89
2005,Butte County,June,1297,34,16,0,23,45,0,1279,654,20,8,0,5,10,0,667,50,68,28,15,0,55,28,83,0,24,54,78
2005,Butte County,July,1279,40,17,0,13,46,0,1277,667,9,1,0,3,14,0,660,57,59,10,17,0,60,16,76,0,18,49,67
2005,Butte County,August,1277,47,18,0,28,46,1,1267,660,25,10,0,5,14,0,676,65,75,35,19,1,60,33,94,0,28,72,100
2005,Butte County,September,1267,42,21,1,8,24,0,1299,676,17,5,0,1,13,0,684,64,32,22,14,0,37,9,46,1,26,59,86
2005,Butte County,October,1299,63,16,1,16,46,0,1317,684,10,8,0,3,17,1,681,80,62,18,21,1,63,19,83,1,24,73,98
2005,Butte County,November,1317,44,32,1,19,30,0,1345,681,18,5,0,7,7,0,690,77,49,23,14,0,37,26,63,1,37,62,100
2005,Butte County,December,1345,35,9,1,15,35,1,1339,690,10,5,0,5,18,0,682,45,51,15,23,1,53,20,74,1,14,45,60
2005,Calaveras County,January,520,3,28,0,12,9,58,472,400,8,16,54,20,11,0,447,31,79,78,31,58,20,32,110,54,44,11,109
2005,Calaveras County,February,472,7,7,0,17,12,2,455,447,11,8,0,6,18,3,439,14,31,19,27,5,30,23,58,0,15,18,33
2005,Calaveras County,March,455,21,4,0,12,15,0,453,439,12,1,0,14,7,0,431,25,27,13,21,0,22,26,48,0,5,33,38
2005,Calaveras County,April,453,11,4,0,32,11,0,425,431,11,4,0,10,13,0,423,15,43,15,23,0,24,42,66,0,8,22,30
2005,Calaveras County,May,425,20,10,4,3,22,0,434,423,9,9,0,3,12,7,419,34,25,18,22,7,34,6,47,4,19,29,52
2005,Calaveras County,June,434,10,5,5,14,11,0,429,419,9,10,2,9,28,0,403,20,25,21,37,0,39,23,62,7,15,19,41
2005,Calaveras County,July,429,12,15,0,10,20,9,417,403,9,9,1,18,14,4,386,27,39,19,36,13,34,28,75,1,24,21,46
2005,Calaveras County,August,298,10,9,5,9,20,7,286,172,8,6,3,12,7,0,170,24,36,17,19,7,27,21,55,8,15,18,41
2005,Calaveras County,September,286,3,6,1,10,17,2,267,170,4,3,1,6,7,2,163,10,29,8,15,4,24,16,44,2,9,7,18
2005,Calaveras County,October,267,12,4,9,4,7,1,280,163,2,0,9,6,9,1,158,25,12,11,16,2,16,10,28,18,4,14,36
2005,Calaveras County,November,280,7,6,7,4,9,3,284,158,7,3,6,8,6,2,158,20,16,16,16,5,15,12,32,13,9,14,36
2005,Calaveras County,December,284,7,8,2,2,6,3,290,158,7,4,2,3,5,3,160,17,11,13,11,6,11,5,22,4,12,14,30
2005,Colusa County,January,202,6,4,0,3,3,0,206,238,2,0,0,7,7,0,226,10,6,2,14,0,10,10,20,0,4,8,12
2005,Colusa County,February,206,5,1,0,3,8,0,201,226,3,2,0,0,6,0,225,6,11,5,6,0,14,3,17,0,3,8,11
2005,Colusa County,March,201,6,3,0,2,8,0,200,225,5,1,0,1,4,0,226,9,10,6,5,0,12,3,15,0,4,11,15
2005,Colusa County,April,200,6,2,0,5,2,0,201,226,3,3,0,4,2,0,226,8,7,6,6,0,4,9,13,0,5,9,14
2005,Colusa County,May,201,2,2,0,11,5,0,189,226,1,1,0,4,1,0,223,4,16,2,5,0,6,15,21,0,3,3,6
2005,Colusa County,June,189,1,1,0,3,14,0,174,223,16,2,0,2,1,0,238,2,17,18,3,0,15,5,20,0,3,17,20
2005,Colusa County,July,174,2,0,0,4,5,0,167,238,1,1,0,0,1,0,239,2,9,2,1,0,6,4,10,0,1,3,4
2005,Colusa County,August,167,7,8,0,3,8,0,171,239,8,0,0,1,6,0,240,15,11,8,7,0,14,4,18,0,8,15,23
2005,Colusa County,September,171,5,2,0,2,9,0,167,240,3,0,0,1,2,0,240,7,11,3,3,0,11,3,14,0,2,8,10
2005,Colusa County,October,167,6,5,0,5,4,0,169,240,2,0,0,5,4,0,233,11,9,2,9,0,8,10,18,0,5,8,13
2005,Colusa County,November,169,13,1,0,6,6,0,171,233,9,0,0,3,1,0,238,14,12,9,4,0,7,9,16,0,1,22,23
2005,Colusa County,December,171,11,2,0,3,4,0,177,238,12,0,0,5,2,0,243,13,7,12,7,0,6,8,14,0,2,23,25
2005,Contra Costa County,January,2729,127,73,18,103,135,30,2679,0,0,0,0,0,0,0,0,218,268,0,0,30,135,103,268,18,73,127,218
2005,Contra Costa County,February,2679,122,92,17,72,93,17,2728,0,0,0,0,0,0,0,0,231,182,0,0,17,93,72,182,17,92,122,231
2005,Contra Costa County,March,2728,156,108,5,88,147,17,2745,0,0,0,0,0,0,0,0,269,252,0,0,17,147,88,252,5,108,156,269
2005,Contra Costa County,April,2745,128,82,20,97,110,19,2749,0,0,0,0,0,0,0,0,230,226,0,0,19,110,97,226,20,82,128,230
2005,Contra Costa County,May,2749,125,45,10,62,100,14,2753,0,0,0,0,0,0,0,0,180,176,0,0,14,100,62,176,10,45,125,180
2005,Contra Costa County,June,2753,143,101,15,90,113,17,2792,0,0,0,0,0,0,0,0,259,220,0,0,17,113,90,220,15,101,143,259
2005,Contra Costa County,July,2792,107,70,12,115,125,12,2729,0,0,0,0,0,0,0,0,189,252,0,0,12,125,115,252,12,70,107,189
2005,Contra Costa County,August,2729,102,75,3,87,97,18,2707,0,0,0,0,0,0,0,0,180,202,0,0,18,97,87,202,3,75,102,180
2005,Contra Costa County,September,2707,178,92,5,122,110,16,2734,0,0,0,0,0,0,0,0,275,248,0,0,16,110,122,248,5,92,178,275
2005,Contra Costa County,October,2734,124,67,13,86,106,29,2717,0,0,0,0,0,0,0,0,204,221,0,0,29,106,86,221,13,67,124,204
2005,Contra Costa County,November,2717,178,66,15,52,98,19,2807,0,0,0,0,0,0,0,0,259,169,0,0,19,98,52,169,15,66,178,259
2005,Contra Costa County,December,2807,131,97,6,98,126,13,2804,0,0,0,0,0,0,0,0,234,237,0,0,13,126,98,237,6,97,131,234
2005,Del Norte County,January,245,7,0,0,11,0,0,241,29,12,0,0,2,0,0,39,7,11,12,2,0,0,13,13,0,0,19,19
2005,Del Norte County,February,230,6,0,0,3,0,0,233,39,3,0,0,4,1,0,37,6,3,3,5,0,1,7,8,0,0,9,9
2005,Del Norte County,March,233,12,0,0,10,0,0,235,37,6,0,0,2,0,0,41,12,10,6,2,0,0,12,12,0,0,18,18
2005,Del Norte County,April,235,8,0,0,12,0,0,231,41,0,0,0,4,0,0,37,8,12,0,4,0,0,16,16,0,0,8,8
2005,Del Norte County,May,231,8,0,0,6,4,0,229,37,6,0,0,0,0,0,43,8,10,6,0,0,4,6,10,0,0,14,14
2005,Del Norte County,June,229,10,0,0,4,3,0,232,43,6,0,0,5,3,0,41,10,7,6,8,0,6,9,15,0,0,16,16
2005,Del Norte County,July,232,2,0,0,5,0,0,229,41,5,0,0,5,4,0,37,2,5,5,9,0,4,10,14,0,0,7,7
2005,Del Norte County,August,229,4,0,0,3,2,0,228,37,7,0,0,6,2,0,36,4,5,7,8,0,4,9,13,0,0,11,11
2005,Del Norte County,September,228,1,0,0,7,4,0,218,36,4,0,0,2,5,0,33,1,11,4,7,0,9,9,18,0,0,5,5
2005,Del Norte County,October,218,12,1,0,5,2,0,224,33,3,4,0,4,4,0,32,13,7,7,8,0,6,9,15,0,5,15,20
2005,Del Norte County,November,224,0,0,0,3,4,0,217,32,4,0,0,2,0,0,34,0,7,4,2,0,4,5,9,0,0,4,4
2005,Del Norte County,December,217,8,2,0,4,2,0,221,34,3,3,0,2,3,0,35,10,6,6,5,0,5,6,11,0,5,11,16
2005,El Dorado County,January,929,74,34,9,41,33,13,959,748,14,10,0,11,9,0,752,117,87,24,20,13,42,52,107,9,44,88,141
2005,El Dorado County,February,959,59,12,26,22,35,4,995,752,16,3,4,6,10,0,759,97,61,23,16,4,45,28,77,30,15,75,120
2005,El Dorado County,March,995,64,27,37,29,37,69,988,759,13,1,3,9,11,1,755,128,135,17,21,70,48,38,156,40,28,77,145
2005,El Dorado County,April,988,35,11,7,21,21,13,986,755,10,3,0,8,6,1,753,53,55,13,15,14,27,29,70,7,14,45,66
2005,El Dorado County,May,986,34,9,30,26,25,25,983,753,44,1,3,47,7,0,747,73,76,48,54,25,32,73,130,33,10,78,121
2005,El Dorado County,June,983,47,13,22,26,22,11,1006,747,43,4,0,44,6,2,742,82,59,47,52,13,28,70,111,22,17,90,129
2005,El Dorado County,July,1006,42,12,12,30,27,10,1005,742,16,2,0,28,7,0,725,66,67,18,35,10,34,58,102,12,14,58,84
2005,El Dorado County,August,1005,54,14,35,45,28,13,1022,725,39,2,3,48,4,0,717,103,86,44,52,13,32,93,138,38,16,93,147
2005,El Dorado County,September,1022,56,14,25,50,40,26,1001,717,35,10,0,45,4,3,710,95,116,45,52,29,44,95,168,25,24,91,140
2005,El Dorado County,October,1001,29,12,271,51,29,107,1126,710,48,4,102,21,7,6,830,312,187,154,34,113,36,72,221,373,16,77,466
2005,El Dorado County,November,1126,56,13,20,40,27,10,1138,830,31,6,6,28,8,1,836,89,77,43,37,11,35,68,114,26,19,87,132
2005,El Dorado County,December,1138,34,14,30,49,32,19,1116,836,18,5,2,54,10,1,796,78,100,25,65,20,42,103,165,32,19,52,103
2005,Fresno County,January,8336,289,253,0,127,475,2,8274,2389,129,35,2,52,79,0,2424,542,604,166,131,2,554,179,735,2,288,418,708
2005,Fresno County,February,8274,258,181,0,191,462,2,8058,2424,79,95,2,80,176,0,2344,439,655,176,256,2,638,271,911,2,276,337,615
2005,Fresno County,March,8058,318,257,0,113,448,2,8070,2344,94,93,1,126,97,0,2309,575,563,188,223,2,545,239,786,1,350,412,763
2005,Fresno County,April,8070,293,318,0,247,537,4,7893,2309,95,65,2,129,86,0,2256,611,788,162,215,4,623,376,1003,2,383,388,773
2005,Fresno County,May,7893,294,233,0,161,425,6,7828,2256,69,70,2,76,77,0,2244,527,592,141,153,6,502,237,745,2,303,363,668
2005,Fresno County,June,7828,256,353,0,159,488,1,7789,2244,98,67,1,120,110,0,2180,609,648,166,230,1,598,279,878,1,420,354,775
2005,Fresno County,July,7789,310,267,0,229,364,6,7767,2180,107,85,4,127,66,1,2182,577,599,196,194,7,430,356,793,4,352,417,773
2005,Fresno County,August,7767,297,274,0,109,396,0,7833,2182,154,72,0,97,94,0,2217,571,505,226,191,0,490,206,696,0,346,451,797
2005,Fresno County,September,7833,270,229,0,174,390,5,7763,2217,116,65,4,106,88,0,2208,499,569,185,194,5,478,280,763,4,294,386,684
2005,Fresno County,October,7763,287,279,0,114,471,9,7735,2208,134,61,4,91,101,0,2215,566,594,199,192,9,572,205,786,4,340,421,765
2005,Fresno County,November,7735,239,209,0,144,455,4,7580,2215,89,81,1,58,100,1,2227,448,603,171,159,5,555,202,762,1,290,328,619
2005,Fresno County,December,7580,246,251,0,250,352,2,7473,2227,111,61,2,39,73,0,2289,497,604,174,112,2,425,289,716,2,312,357,671
2005,Glenn County,January,616,20,3,0,1,1,0,637,336,2,2,0,0,0,0,340,23,2,4,0,0,1,1,2,0,5,22,27
2005,Glenn County,February,637,12,4,0,0,1,0,652,340,8,3,0,0,0,0,351,16,1,11,0,0,1,0,1,0,7,20,27
2005,Glenn County,March,652,15,8,0,0,0,5,670,351,7,4,0,0,0,0,362,23,5,11,0,5,0,0,5,0,12,22,34
2005,Glenn County,April,670,13,4,0,0,0,4,683,362,9,5,0,2,0,0,374,17,4,14,2,4,0,2,6,0,9,22,31
2005,Glenn County,May,683,18,5,0,0,0,2,704,374,6,4,0,0,0,0,384,23,2,10,0,2,0,0,2,0,9,24,33
2005,Glenn County,June,704,17,2,0,0,0,4,719,384,7,3,0,2,0,0,392,19,4,10,2,4,0,2,6,0,5,24,29
2005,Glenn County,July,719,8,4,0,0,0,2,729,392,10,2,0,0,0,0,404,12,2,12,0,2,0,0,2,0,6,18,24
2005,Glenn County,August,729,10,5,0,0,0,3,741,404,3,2,0,0,0,0,409,15,3,5,0,3,0,0,3,0,7,13,20
2005,Glenn County,September,741,7,6,0,0,0,4,750,409,4,2,0,0,0,0,415,13,4,6,0,4,0,0,4,0,8,11,19
2005,Glenn County,October,750,8,3,0,0,0,3,758,415,6,0,0,0,0,0,421,11,3,6,0,3,0,0,3,0,3,14,17
2005,Glenn County,November,758,12,5,0,0,3,2,770,421,8,2,0,0,0,0,431,17,5,10,0,2,3,0,5,0,7,20,27
2005,Glenn County,December,770,12,3,0,2,4,5,774,431,6,4,0,0,0,0,441,15,11,10,0,5,4,2,11,0,7,18,25
2005,Humboldt County,January,1501,24,0,0,15,9,6,1495,57,1,0,0,0,0,0,58,24,30,1,0,6,9,15,30,0,0,25,25
2005,Humboldt County,February,1495,35,0,0,19,8,1,1502,58,0,0,0,2,1,0,55,35,28,0,3,1,9,21,31,0,0,35,35
2005,Humboldt County,March,1502,39,0,4,27,10,0,1508,55,0,0,0,0,0,0,55,43,37,0,0,0,10,27,37,4,0,39,43
2005,Humboldt County,April,1508,35,0,0,61,10,1,1471,55,0,0,0,4,0,0,51,35,72,0,4,1,10,65,76,0,0,35,35
2005,Humboldt County,May,1471,26,0,4,30,5,0,1466,51,0,0,0,3,0,0,48,30,35,0,3,0,5,33,38,4,0,26,30
2005,Humboldt County,June,1466,46,0,0,23,21,6,1462,48,1,0,0,0,1,2,46,46,50,1,3,8,22,23,53,0,0,47,47
2005,Humboldt County,July,1462,30,0,4,6,7,0,1483,46,0,0,0,2,1,0,43,34,13,0,3,0,8,8,16,4,0,30,34
2005,Humboldt County,August,1483,36,0,5,22,11,3,1488,43,0,0,0,1,0,0,42,41,36,0,1,3,11,23,37,5,0,36,41
2005,Humboldt County,September,1488,36,0,0,3,11,2,1508,42,1,0,0,0,0,0,43,36,16,1,0,2,11,3,16,0,0,37,37
2005,Humboldt County,October,1508,33,0,0,2,15,1,1523,43,0,0,0,2,0,0,41,33,18,0,2,1,15,4,20,0,0,33,33
2005,Humboldt County,November,1523,27,0,2,11,9,2,1530,41,0,0,0,2,0,0,39,29,22,0,2,2,9,13,24,2,0,27,29
2005,Humboldt County,December,1530,47,0,2,27,3,3,1546,39,0,0,0,2,0,0,37,49,33,0,2,3,3,29,35,2,0,47,49
2005,Imperial County,January,765,21,17,1,24,16,6,758,15,7,0,0,2,0,0,20,39,46,7,2,6,16,26,48,1,17,28,46
2005,Imperial County,February,758,23,12,0,29,14,0,750,20,2,0,0,1,0,0,21,35,43,2,1,0,14,30,44,0,12,25,37
2005,Imperial County,March,750,19,5,0,32,8,0,734,21,9,0,0,1,0,0,29,24,40,9,1,0,8,33,41,0,5,28,33
2005,Imperial County,April,734,7,1,0,41,11,0,690,29,3,0,0,1,0,0,31,8,52,3,1,0,11,42,53,0,1,10,11
2005,Imperial County,May,690,21,16,0,33,14,0,680,31,2,0,0,1,0,0,32,37,47,2,1,0,14,34,48,0,16,23,39
2005,Imperial County,June,680,14,5,0,48,7,0,644,32,1,0,0,1,0,0,32,19,55,1,1,0,7,49,56,0,5,15,20
2005,Imperial County,July,644,5,9,0,98,13,0,547,32,9,0,0,4,0,0,37,14,111,9,4,0,13,102,115,0,9,14,23
2005,Imperial County,August,547,17,9,0,52,7,0,514,37,10,0,0,5,0,0,42,26,59,10,5,0,7,57,64,0,9,27,36
2005,Imperial County,September,514,21,2,0,57,3,0,477,42,5,0,0,3,0,0,44,23,60,5,3,0,3,60,63,0,2,26,28
2005,Imperial County,October,477,11,9,0,37,9,0,451,44,17,0,0,0,0,0,61,20,46,17,0,0,9,37,46,0,9,28,37
2005,Imperial County,November,451,3,0,0,36,0,0,418,61,0,0,3,0,0,0,64,3,36,3,0,0,0,36,36,3,0,3,6
2005,Imperial County,December,418,4,5,0,62,5,0,360,64,1,0,0,0,0,0,65,9,67,1,0,0,5,62,67,0,5,5,10
2005,Inyo County,January,555,0,1,0,0,3,0,553,687,21,4,0,7,13,0,692,1,3,25,20,0,16,7,23,0,5,21,26
2005,Inyo County,February,553,0,1,0,1,8,0,545,692,10,4,0,3,3,0,700,1,9,14,6,0,11,4,15,0,5,10,15
2005,Inyo County,March,545,6,3,0,3,5,0,546,700,16,10,0,5,19,0,702,9,8,26,24,0,24,8,32,0,13,22,35
2005,Inyo County,April,546,2,0,0,0,4,0,544,702,9,3,0,3,7,0,704,2,4,12,10,0,11,3,14,0,3,11,14
2005,Inyo County,May,544,0,7,0,14,6,1,530,704,6,6,1,4,8,0,705,7,21,13,12,1,14,18,33,1,13,6,20
2005,Inyo County,June,530,2,1,0,4,5,0,524,705,14,10,0,6,9,0,714,3,9,24,15,0,14,10,24,0,11,16,27
2005,Inyo County,July,524,1,1,0,1,4,0,521,714,7,3,0,2,6,0,716,2,5,10,8,0,10,3,13,0,4,8,12
2005,Inyo County,August,521,3,3,0,1,8,0,518,716,1,9,0,1,9,0,716,6,9,10,10,0,17,2,19,0,12,4,16
2005,Inyo County,September,518,11,0,0,3,0,0,526,716,17,0,0,11,1,0,721,11,3,17,12,0,1,14,15,0,0,28,28
2005,Inyo County,October,526,7,0,0,7,0,0,526,721,19,0,0,15,1,0,724,7,7,19,16,0,1,22,23,0,0,26,26
2005,Inyo County,November,526,10,1,0,9,0,0,528,724,20,0,0,12,3,0,729,11,9,20,15,0,3,21,24,0,1,30,31
2005,Inyo County,December,528,4,0,0,8,3,0,521,729,24,0,0,10,1,0,742,4,11,24,11,0,4,18,22,0,0,28,28
2005,Kern County,January,6659,256,0,0,121,63,0,6731,744,78,0,0,14,6,0,802,256,184,78,20,0,69,135,204,0,0,334,334
2005,Kern County,February,6731,203,0,0,50,60,0,6824,802,30,0,0,8,5,0,819,203,110,30,13,0,65,58,123,0,0,233,233
2005,Kern County,March,6824,336,0,0,155,56,0,6949,819,35,0,0,9,12,0,833,336,211,35,21,0,68,164,232,0,0,371,371
2005,Kern County,April,6949,253,0,0,126,65,0,7011,833,37,0,0,5,5,0,860,253,191,37,10,0,70,131,201,0,0,290,290
2005,Kern County,May,7011,253,0,0,126,25,0,7113,860,37,0,0,5,5,0,887,253,151,37,10,0,30,131,161,0,0,290,290
2005,Kern County,June,7113,174,0,0,161,71,0,7055,887,27,0,0,4,5,0,905,174,232,27,9,0,76,165,241,0,0,201,201
2005,Kern County,July,7055,207,76,0,134,99,0,7105,905,53,0,0,21,4,0,933,283,233,53,25,0,103,155,258,0,76,260,336
2005,Kern County,August,7105,251,0,0,131,117,0,7108,933,23,0,0,3,7,0,946,251,248,23,10,0,124,134,258,0,0,274,274
2005,Kern County,September,7108,157,0,0,84,93,0,7088,946,50,0,0,38,8,0,950,157,177,50,46,0,101,122,223,0,0,207,207
2005,Kern County,October,7088,178,0,0,86,92,0,7088,950,68,0,0,22,20,0,976,178,178,68,42,0,112,108,220,0,0,246,246
2005,Kern County,November,7088,198,0,0,63,31,0,7192,976,24,0,0,28,28,0,944,198,94,24,56,0,59,91,150,0,0,222,222
2005,Kern County,December,7192,160,0,0,24,78,183,7067,944,30,0,0,16,25,39,894,160,285,30,80,222,103,40,365,0,0,190,190
2005,Kings County,January,742,8,3,0,5,4,0,744,3541,15,0,0,3,6,0,3547,11,9,15,9,0,10,8,18,0,3,23,26
2005,Kings County,February,744,48,27,0,41,16,0,762,3547,25,14,0,21,8,0,3557,75,57,39,29,0,24,62,86,0,41,73,114
2005,Kings County,March,762,51,34,0,75,9,0,763,3557,27,18,0,40,4,0,3558,85,84,45,44,0,13,115,128,0,52,78,130
2005,Kings County,April,763,49,19,0,93,15,0,723,3558,26,10,0,50,7,0,3537,68,108,36,57,0,22,143,165,0,29,75,104
2005,Kings County,May,723,54,23,0,65,25,0,710,3537,29,11,0,34,12,0,3531,77,90,40,46,0,37,99,136,0,34,83,117
2005,Kings County,June,710,45,18,0,63,31,0,679,3531,23,9,0,33,16,0,3514,63,94,32,49,0,47,96,143,0,27,68,95
2005,Kings County,July,679,49,33,0,67,27,0,667,3514,25,18,0,36,15,0,3506,82,94,43,51,0,42,103,145,0,51,74,125
2005,Kings County,August,667,69,22,0,27,9,0,722,3506,35,7,0,14,4,0,3530,91,36,42,18,0,13,41,54,0,29,104,133
2005,Kings County,September,722,46,8,0,22,25,8,721,3530,109,30,0,72,68,0,3529,54,55,139,140,8,93,94,195,0,38,155,193
2005,Kings County,October,721,44,11,9,12,18,4,751,3529,83,30,0,5,0,0,3637,64,34,113,5,4,18,17,39,9,41,127,177
2005,Kings County,November,751,35,11,5,8,36,6,752,3637,96,40,0,10,129,0,3634,51,50,136,139,6,165,18,189,5,51,131,187
2005,Kings County,December,752,28,21,3,9,23,4,768,3634,100,51,0,11,64,0,3710,52,36,151,75,4,87,20,111,3,72,128,203
2005,Lake County,January,454,13,8,0,11,13,0,451,31,0,0,0,0,0,0,31,21,24,0,0,0,13,11,24,0,8,13,21
2005,Lake County,February,451,11,4,0,4,15,0,447,31,0,0,0,0,0,0,31,15,19,0,0,0,15,4,19,0,4,11,15
2005,Lake County,March,447,17,25,0,5,10,0,474,31,0,0,0,0,0,0,31,42,15,0,0,0,10,5,15,0,25,17,42
2005,Lake County,April,474,8,8,0,8,9,0,473,31,0,0,0,0,0,0,31,16,17,0,0,0,9,8,17,0,8,8,16
2005,Lake County,May,473,22,10,0,5,4,0,496,31,0,0,0,0,0,0,31,32,9,0,0,0,4,5,9,0,10,22,32
2005,Lake County,June,496,7,1,0,3,8,0,493,31,0,0,0,0,0,0,31,8,11,0,0,0,8,3,11,0,1,7,8
2005,Lake County,July,493,14,2,0,4,4,0,501,31,0,0,0,0,0,0,31,16,8,0,0,0,4,4,8,0,2,14,16
2005,Lake County,August,501,14,8,0,4,4,0,515,31,0,0,0,0,0,0,31,22,8,0,0,0,4,4,8,0,8,14,22
2005,Lake County,September,515,6,1,0,2,14,0,506,31,0,0,0,0,0,0,31,7,16,0,0,0,14,2,16,0,1,6,7
2005,Lake County,October,506,14,5,0,8,0,0,517,31,0,0,0,0,0,0,31,19,8,0,0,0,0,8,8,0,5,14,19
2005,Lake County,November,517,14,8,0,2,21,0,516,31,0,0,0,0,0,0,31,22,23,0,0,0,21,2,23,0,8,14,22
2005,Lake County,December,516,8,2,0,7,0,0,519,31,0,0,0,0,0,0,31,10,7,0,0,0,0,7,7,0,2,8,10
2005,Lassen County,January,302,1,0,0,6,3,3,291,260,2,0,0,9,4,2,247,1,12,2,15,5,7,15,27,0,0,3,3
2005,Lassen County,February,291,4,0,0,4,0,0,291,247,1,0,0,8,5,0,235,4,4,1,13,0,5,12,17,0,0,5,5
2005,Lassen County,March,291,3,0,0,8,6,3,277,235,2,0,0,10,4,0,223,3,17,2,14,3,10,18,31,0,0,5,5
2005,Lassen County,April,277,3,2,0,16,8,0,258,223,2,0,0,5,3,0,217,5,24,2,8,0,11,21,32,0,2,5,7
2005,Lassen County,May,258,2,0,0,7,3,0,250,217,3,0,0,12,5,0,203,2,10,3,17,0,8,19,27,0,0,5,5
2005,Lassen County,June,250,1,0,0,16,2,0,233,203,2,0,0,14,6,0,185,1,18,2,20,0,8,30,38,0,0,3,3
2005,Lassen County,July,233,6,0,0,15,2,0,222,185,4,0,0,3,1,0,185,6,17,4,4,0,3,18,21,0,0,10,10
2005,Lassen County,August,222,4,2,0,4,0,0,224,185,6,0,0,9,0,0,182,6,4,6,9,0,0,13,13,0,2,10,12
2005,Lassen County,September,224,5,0,0,2,0,0,227,182,2,0,0,4,0,0,180,5,2,2,4,0,0,6,6,0,0,7,7
2005,Lassen County,October,227,3,0,0,3,0,0,227,180,3,0,0,4,0,0,179,3,3,3,4,0,0,7,7,0,0,6,6
2005,Lassen County,November,227,2,0,0,8,0,0,221,179,1,0,0,5,0,0,175,2,8,1,5,0,0,13,13,0,0,3,3
2005,Lassen County,December,221,3,0,0,10,0,0,214,175,2,0,0,6,0,0,171,3,10,2,6,0,0,16,16,0,0,5,5
2005,Los Angeles County,January,52251,1272,622,0,943,1424,81,51697,9854,152,118,0,213,168,127,9616,1894,2448,270,508,208,1592,1156,2956,0,740,1424,2164
2005,Los Angeles County,February,52030,1214,570,0,808,1234,65,51707,9540,156,104,0,183,112,101,9404,1784,2107,260,396,166,1346,991,2503,0,674,1370,2044
2005,Los Angeles County,March,52032,1541,813,0,1042,1595,101,51648,9404,157,142,0,221,186,161,9135,2354,2738,299,568,262,1781,1263,3306,0,955,1698,2653
2005,Los Angeles County,April,52186,1402,688,0,909,1425,80,51862,9260,123,131,0,216,142,116,9040,2090,2414,254,474,196,1567,1125,2888,0,819,1525,2344
2005,Los Angeles County,May,52202,1399,716,0,929,1444,80,51864,9167,114,147,0,189,148,173,8918,2115,2453,261,510,253,1592,1118,2963,0,863,1513,2376
2005,Los Angeles County,June,52360,1396,679,0,869,1389,68,52109,9036,119,119,0,195,142,140,8797,2075,2326,238,477,208,1531,1064,2803,0,798,1515,2313
2005,Los Angeles County,July,52447,1187,689,0,886,1286,85,52066,8842,105,101,0,183,106,130,8629,1876,2257,206,419,215,1392,1069,2676,0,790,1292,2082
2005,Los Angeles County,August,52410,1495,704,0,869,1532,81,52127,8684,111,93,0,188,123,103,8474,2199,2482,204,414,184,1655,1057,2896,0,797,1606,2403
2005,Los Angeles County,September,52636,1368,640,0,947,1428,64,52205,8693,80,105,0,161,71,87,8559,2008,2439,185,319,151,1499,1108,2758,0,745,1448,2193
2005,Los Angeles County,October,52636,1268,633,0,809,1160,59,52509,8775,71,109,0,213,77,102,8563,1901,2028,180,392,161,1237,1022,2420,0,742,1339,2081
2005,Los Angeles County,November,53082,1191,553,0,793,1232,51,52750,8610,77,75,0,181,56,92,8433,1744,2076,152,329,143,1288,974,2405,0,628,1268,1896
2005,Los Angeles County,December,53122,1085,587,0,858,1062,58,52816,8532,62,85,0,173,98,102,8306,1672,1978,147,373,160,1160,1031,2351,0,672,1147,1819
2005,Madera County,January,2572,55,34,0,29,73,0,2559,1308,20,11,0,32,15,0,1292,89,102,31,47,0,88,61,149,0,45,75,120
2005,Madera County,February,2559,52,20,0,19,40,0,2572,1292,11,8,0,9,10,0,1292,72,59,19,19,0,50,28,78,0,28,63,91
2005,Madera County,March,2572,68,47,0,25,70,0,2592,1292,13,12,0,19,20,0,1278,115,95,25,39,0,90,44,134,0,59,81,140
2005,Madera County,April,2592,73,78,0,20,103,0,2620,1278,12,8,0,18,16,0,1264,151,123,20,34,0,119,38,157,0,86,85,171
2005,Madera County,May,2620,60,46,0,21,52,0,2653,1264,22,4,0,37,16,0,1237,106,73,26,53,0,68,58,126,0,50,82,132
2005,Madera County,June,2653,21,21,0,23,29,0,2643,1237,10,8,0,15,10,0,1230,42,52,18,25,0,39,38,77,0,29,31,60
2005,Madera County,July,2643,57,47,0,53,33,0,2661,1230,15,7,0,18,13,0,1221,104,86,22,31,0,46,71,117,0,54,72,126
2005,Madera County,August,2661,61,41,0,41,31,0,2691,1221,17,3,0,22,10,0,1209,102,72,20,32,0,41,63,104,0,44,78,122
2005,Madera County,September,2691,28,42,0,22,49,0,2690,1209,17,3,0,10,8,0,1211,70,71,20,18,0,57,32,89,0,45,45,90
2005,Madera County,October,2690,52,63,0,13,75,0,2717,1211,16,10,0,10,16,0,1211,115,88,26,26,0,91,23,114,0,73,68,141
2005,Madera County,November,2717,27,52,0,25,64,0,2707,1211,11,5,0,40,9,0,1178,79,89,16,49,0,73,65,138,0,57,38,95
2005,Madera County,December,2707,36,46,0,7,51,0,2731,1178,16,10,0,4,20,0,1180,82,58,26,24,0,71,11,82,0,56,52,108
2005,Marin County,January,1242,18,4,0,18,17,0,1229,1258,40,10,0,21,20,0,1267,22,35,50,41,0,37,39,76,0,14,58,72
2005,Marin County,February,1229,57,14,0,37,10,0,1253,1267,24,6,0,18,14,0,1265,71,47,30,32,0,24,55,79,0,20,81,101
2005,Marin County,March,1253,47,12,0,34,10,0,1268,1265,38,10,0,27,17,0,1269,59,44,48,44,0,27,61,88,0,22,85,107
2005,Marin County,April,1268,40,10,0,23,20,0,1275,1269,46,12,0,27,20,0,1280,50,43,58,47,0,40,50,90,0,22,86,108
2005,Marin County,May,1275,26,7,0,22,10,0,1276,1280,19,5,0,44,21,0,1239,33,32,24,65,0,31,66,97,0,12,45,57
2005,Marin County,June,1276,22,6,0,13,15,0,1276,1239,34,9,0,20,16,0,1246,28,28,43,36,0,31,33,64,0,15,56,71
2005,Marin County,July,1276,33,8,0,16,17,0,1284,1246,44,11,0,34,22,0,1245,41,33,55,56,0,39,50,89,0,19,77,96
2005,Marin County,August,1284,33,9,0,25,7,0,1294,1245,26,7,0,28,8,0,1242,42,32,33,36,0,15,53,68,0,16,59,75
2005,Marin County,September,1294,38,10,0,11,18,0,1313,1242,30,8,0,42,15,0,1223,48,29,38,57,0,33,53,86,0,18,68,86
2005,Marin County,October,1313,19,6,0,14,9,0,1315,1223,26,6,0,20,14,0,1221,25,23,32,34,0,23,34,57,0,12,45,57
2005,Marin County,November,1315,19,5,0,21,11,0,1307,1221,19,5,0,38,11,0,1196,24,32,24,49,0,22,59,81,0,10,38,48
2005,Marin County,December,1307,22,6,0,6,11,0,1318,1196,38,10,0,17,20,0,1207,28,17,48,37,0,31,23,54,0,16,60,76
2005,Mariposa County,January,118,0,0,0,0,2,0,116,284,0,0,0,0,1,0,283,0,2,0,1,0,3,0,3,0,0,0,0
2005,Mariposa County,February,116,6,0,0,0,4,0,118,283,20,0,0,0,21,0,282,6,4,20,21,0,25,0,25,0,0,26,26
2005,Mariposa County,March,118,7,0,0,1,5,0,119,282,5,0,0,3,11,1,272,7,6,5,15,1,16,4,21,0,0,12,12
2005,Mariposa County,April,119,13,0,0,0,11,0,121,272,14,0,0,1,15,0,270,13,11,14,16,0,26,1,27,0,0,27,27
2005,Mariposa County,May,121,1,0,0,7,5,1,109,270,8,0,0,11,19,0,248,1,13,8,30,1,24,18,43,0,0,9,9
2005,Mariposa County,June,109,6,0,0,5,13,0,97,248,16,0,0,3,26,0,235,6,18,16,29,0,39,8,47,0,0,22,22
2005,Mariposa County,July,97,2,0,0,0,10,0,89,235,6,0,0,0,11,0,230,2,10,6,11,0,21,0,21,0,0,8,8
2005,Mariposa County,August,89,9,0,0,8,4,0,86,230,9,0,0,12,9,0,218,9,12,9,21,0,13,20,33,0,0,18,18
2005,Mariposa County,September,86,5,0,0,4,5,0,82,218,11,1,0,2,12,0,216,5,9,12,14,0,17,6,23,0,1,16,17
2005,Mariposa County,October,82,6,6,0,11,4,1,78,216,8,11,0,3,9,0,223,12,16,19,12,1,13,14,28,0,17,14,31
2005,Mariposa County,November,78,5,1,0,6,10,0,68,223,6,6,0,4,17,0,214,6,16,12,21,0,27,10,37,0,7,11,18
2005,Mariposa County,December,68,5,9,0,1,9,0,72,214,14,3,0,1,12,0,218,14,10,17,13,0,21,2,23,0,12,19,31
2005,Mendocino County,January,951,18,21,0,2,9,0,979,152,1,7,0,4,3,0,153,39,11,8,7,0,12,6,18,0,28,19,47
2005,Mendocino County,February,979,8,15,0,8,12,0,982,153,1,4,0,0,3,0,155,23,20,5,3,0,15,8,23,0,19,9,28
2005,Mendocino County,March,982,21,13,0,11,5,0,1000,155,0,3,0,4,3,0,151,34,16,3,7,0,8,15,23,0,16,21,37
2005,Mendocino County,April,1000,27,10,0,12,3,0,1022,151,0,2,0,2,4,0,147,37,15,2,6,0,7,14,21,0,12,27,39
2005,Mendocino County,May,1022,12,10,0,6,8,0,1030,147,0,6,0,2,2,0,149,22,14,6,4,0,10,8,18,0,16,12,28
2005,Mendocino County,June,1030,10,9,0,13,7,0,1029,149,2,3,0,4,1,0,149,19,20,5,5,0,8,17,25,0,12,12,24
2005,Mendocino County,July,1029,16,10,0,7,12,0,1036,149,0,5,0,4,0,0,150,26,19,5,4,0,12,11,23,0,15,16,31
2005,Mendocino County,August,1036,18,8,0,6,21,0,1035,150,0,3,0,3,5,0,145,26,27,3,8,0,26,9,35,0,11,18,29
2005,Mendocino County,September,1035,12,10,0,4,12,0,1041,145,0,9,0,1,3,0,150,22,16,9,4,0,15,5,20,0,19,12,31
2005,Mendocino County,October,1041,17,8,0,6,7,0,1053,150,1,5,0,1,0,0,155,25,13,6,1,0,7,7,14,0,13,18,31
2005,Mendocino County,November,1053,19,6,0,7,8,0,1063,155,0,1,0,3,2,0,151,25,15,1,5,0,10,10,20,0,7,19,26
2005,Mendocino County,December,1063,21,14,0,5,8,0,1085,151,0,9,0,1,0,0,159,35,13,9,1,0,8,6,14,0,23,21,44
2005,Merced County,January,3875,121,57,0,106,70,4,3873,0,0,0,0,0,0,0,0,178,180,0,0,4,70,106,180,0,57,121,178
2005,Merced County,February,3873,179,66,0,46,40,7,4025,0,0,0,0,0,0,0,0,245,93,0,0,7,40,46,93,0,66,179,245
2005,Merced County,March,4025,145,111,0,141,106,0,4034,0,0,0,0,0,0,0,0,256,247,0,0,0,106,141,247,0,111,145,256
2005,Merced County,April,4034,143,83,0,213,127,0,3920,0,0,0,0,0,0,0,0,226,340,0,0,0,127,213,340,0,83,143,226
2005,Merced County,May,3920,125,79,0,107,80,7,3930,0,0,0,0,0,0,0,0,204,194,0,0,7,80,107,194,0,79,125,204
2005,Merced County,June,3930,149,86,0,162,83,10,3910,0,0,0,0,0,0,0,0,235,255,0,0,10,83,162,255,0,86,149,235
2005,Merced County,July,3910,128,75,0,115,71,8,3919,0,0,0,0,0,0,0,0,203,194,0,0,8,71,115,194,0,75,128,203
2005,Merced County,August,3919,145,84,0,115,71,6,3956,0,0,0,0,0,0,0,0,229,192,0,0,6,71,115,192,0,84,145,229
2005,Merced County,September,3956,83,51,0,119,68,3,3900,0,0,0,0,0,0,0,0,134,190,0,0,3,68,119,190,0,51,83,134
2005,Merced County,October,3900,151,120,0,140,133,16,3882,0,0,0,0,0,0,0,0,271,289,0,0,16,133,140,289,0,120,151,271
2005,Merced County,November,3882,116,66,0,137,137,2,3788,0,0,0,0,0,0,0,0,182,276,0,0,2,137,137,276,0,66,116,182
2005,Merced County,December,3788,75,87,0,139,88,8,3715,0,0,0,0,0,0,0,0,162,235,0,0,8,88,139,235,0,87,75,162
2005,Modoc County,January,113,5,2,0,2,0,0,118,160,1,0,0,1,0,0,160,7,2,1,1,0,0,3,3,0,2,6,8
2005,Modoc County,February,118,1,1,0,2,1,0,117,160,0,1,0,1,0,0,160,2,3,1,1,0,1,3,4,0,2,1,3
2005,Modoc County,March,117,5,0,0,0,1,0,121,160,1,0,0,0,1,0,160,5,1,1,1,0,2,0,2,0,0,6,6
2005,Modoc County,April,121,2,0,3,2,3,0,121,160,0,0,0,3,0,0,157,5,5,0,3,0,3,5,8,3,0,2,5
2005,Modoc County,May,121,3,0,0,3,0,0,121,157,5,0,0,0,1,0,161,3,3,5,1,0,1,3,4,0,0,8,8
2005,Modoc County,June,121,1,0,0,3,1,0,118,161,2,0,0,1,0,0,162,1,4,2,1,0,1,4,5,0,0,3,3
2005,Modoc County,July,118,5,0,0,0,1,0,122,162,0,0,0,0,1,0,161,5,1,0,1,0,2,0,2,0,0,5,5
2005,Modoc County,August,122,2,1,0,2,1,0,122,161,3,1,0,2,0,0,163,3,3,4,2,0,1,4,5,0,2,5,7
2005,Modoc County,September,122,0,1,0,2,1,0,120,163,4,0,0,1,0,0,166,1,3,4,1,0,1,3,4,0,1,4,5
2005,Modoc County,October,120,1,0,0,3,1,0,117,166,2,0,0,1,0,0,167,1,4,2,1,0,1,4,5,0,0,3,3
2005,Modoc County,November,117,4,0,0,3,1,0,117,167,2,0,0,3,0,0,166,4,4,2,3,0,1,6,7,0,0,6,6
2005,Modoc County,December,117,2,2,0,0,0,0,121,166,4,1,0,1,0,0,170,4,0,5,1,0,0,1,1,0,3,6,9
2005,Mono County,January,121,0,0,0,0,0,0,121,128,0,0,0,0,0,0,128,0,0,0,0,0,0,0,0,0,0,0,0
2005,Mono County,February,121,9,0,0,0,0,0,130,128,0,0,0,3,0,0,125,9,0,0,3,0,0,3,3,0,0,9,9
2005,Mono County,March,130,6,0,0,1,0,2,133,125,4,0,0,9,0,3,117,6,3,4,12,5,0,10,15,0,0,10,10
2005,Mono County,April,119,6,0,0,7,0,0,118,126,2,0,0,7,0,0,121,6,7,2,7,0,0,14,14,0,0,8,8
2005,Mono County,May,118,6,0,0,0,0,0,124,121,0,0,0,6,0,0,115,6,0,0,6,0,0,6,6,0,0,6,6
2005,Mono County,June,124,3,1,0,4,0,0,124,115,0,0,0,5,0,0,110,4,4,0,5,0,0,9,9,0,1,3,4
2005,Mono County,July,124,9,0,0,0,0,0,133,110,0,0,0,1,0,0,109,9,0,0,1,0,0,1,1,0,0,9,9
2005,Mono County,August,133,8,0,0,9,0,0,132,109,5,0,0,9,0,0,105,8,9,5,9,0,0,18,18,0,0,13,13
2005,Mono County,September,132,0,0,0,1,0,1,130,105,2,0,0,1,0,2,104,0,2,2,3,3,0,2,5,0,0,2,2
2005,Mono County,October,130,3,0,0,0,0,1,132,104,5,0,0,0,0,5,104,3,1,5,5,6,0,0,6,0,0,8,8
2005,Mono County,November,132,5,0,0,0,0,2,135,104,2,0,0,0,0,1,105,5,2,2,1,3,0,0,3,0,0,7,7
2005,Mono County,December,135,6,0,0,0,0,1,140,105,3,0,0,0,0,0,108,6,1,3,0,1,0,0,1,0,0,9,9
2005,Monterey County,January,3830,45,0,0,63,0,0,3812,2156,38,0,0,6,0,0,2188,45,63,38,6,0,0,69,69,0,0,83,83
2005,Monterey County,February,3812,50,0,0,11,0,0,3851,2188,21,0,0,7,0,0,2202,50,11,21,7,0,0,18,18,0,0,71,71
2005,Monterey County,March,3851,84,0,0,57,0,0,3878,2202,42,0,0,16,0,0,2228,84,57,42,16,0,0,73,73,0,0,126,126
2005,Monterey County,April,3878,64,0,0,83,0,0,3859,2228,56,0,0,7,0,0,2277,64,83,56,7,0,0,90,90,0,0,120,120
2005,Monterey County,May,3859,71,0,0,55,0,0,3875,2277,39,0,0,12,0,0,2304,71,55,39,12,0,0,67,67,0,0,110,110
2005,Monterey County,June,3875,49,0,0,22,0,0,3902,2304,37,0,0,21,0,0,2320,49,22,37,21,0,0,43,43,0,0,86,86
2005,Monterey County,July,3902,110,0,0,89,0,0,3923,2320,13,0,0,29,0,0,2304,110,89,13,29,0,0,118,118,0,0,123,123
2005,Monterey County,August,3923,141,0,0,56,0,0,4008,2304,56,0,0,27,0,0,2333,141,56,56,27,0,0,83,83,0,0,197,197
2005,Monterey County,September,4008,82,0,0,63,0,0,4027,2333,45,0,0,30,0,0,2348,82,63,45,30,0,0,93,93,0,0,127,127
2005,Monterey County,October,4027,127,0,0,73,0,0,4081,2348,63,0,0,23,0,0,2388,127,73,63,23,0,0,96,96,0,0,190,190
2005,Monterey County,November,4081,0,0,0,0,0,152,3929,2388,0,0,718,0,0,0,3106,0,152,718,0,152,0,0,152,718,0,0,718
2005,Monterey County,December,3929,0,0,0,0,0,966,2963,3106,0,0,0,0,0,1223,1883,0,966,0,1223,2189,0,0,2189,0,0,0,0
2005,Napa County,January,1193,51,37,16,5,46,7,1239,951,67,22,13,5,17,15,1016,104,58,102,37,22,63,10,95,29,59,118,206
2005,Napa County,February,1239,35,18,5,41,18,9,1229,1016,28,18,7,23,9,18,1019,58,68,53,50,27,27,64,118,12,36,63,111
2005,Napa County,March,1229,64,29,11,13,34,20,1266,1019,57,20,9,8,29,12,1056,104,67,86,49,32,63,21,116,20,49,121,190
2005,Napa County,April,1266,41,32,9,19,15,16,1298,1056,93,23,7,21,17,11,1130,82,50,123,49,27,32,40,99,16,55,134,205
2005,Napa County,May,1298,36,18,15,12,19,13,1323,1130,27,13,16,8,8,12,1158,69,44,56,28,25,27,20,72,31,31,63,125
2005,Napa County,June,1323,39,29,21,9,16,33,1354,1158,43,19,6,9,12,25,1180,89,58,68,46,58,28,18,104,27,48,82,157
2005,Napa County,July,1354,38,13,13,15,12,17,1374,1180,26,8,3,6,7,12,1192,64,44,37,25,29,19,21,69,16,21,64,101
2005,Napa County,August,1374,45,15,12,11,18,16,1401,1192,84,10,24,13,12,21,1264,72,45,118,46,37,30,24,91,36,25,129,190
2005,Napa County,September,1401,29,14,13,7,13,26,1411,1264,50,4,14,4,9,25,1294,56,46,68,38,51,22,11,84,27,18,79,124
2005,Napa County,October,1411,31,18,15,24,12,12,1427,1294,35,21,14,16,9,14,1325,64,48,70,39,26,21,40,87,29,39,66,134
2005,Napa County,November,1427,34,16,10,15,19,13,1440,1325,65,9,19,15,11,22,1370,60,47,93,48,35,30,30,95,29,25,99,153
2005,Napa County,December,1440,32,15,4,3,17,8,1463,1370,34,4,16,9,8,12,1395,51,28,54,29,20,25,12,57,20,19,66,105
2005,Nevada County,January,572,5,4,0,15,12,1,553,152,4,4,0,6,6,0,148,9,28,8,12,1,18,21,40,0,8,9,17
2005,Nevada County,February,553,19,3,0,8,11,0,556,148,6,2,0,5,4,3,144,22,19,8,12,3,15,13,31,0,5,25,30
2005,Nevada County,March,556,13,8,0,11,10,0,556,144,3,2,0,6,3,2,138,21,21,5,11,2,13,17,32,0,10,16,26
2005,Nevada County,April,556,13,4,0,20,8,2,543,138,6,4,0,3,4,2,139,17,30,10,9,4,12,23,39,0,8,19,27
2005,Nevada County,May,543,13,7,0,16,3,0,544,139,2,2,0,7,1,0,135,20,19,4,8,0,4,23,27,0,9,15,24
2005,Nevada County,June,544,8,4,0,10,6,2,538,135,6,6,0,1,7,2,137,12,18,12,10,4,13,11,28,0,10,14,24
2005,Nevada County,July,538,13,11,0,14,17,2,529,137,6,5,0,4,8,0,136,24,33,11,12,2,25,18,45,0,16,19,35
2005,Nevada County,August,529,20,10,0,10,2,0,547,136,7,3,0,2,2,0,142,30,12,10,4,0,4,12,16,0,13,27,40
2005,Nevada County,September,547,15,7,0,11,9,0,549,142,7,2,0,3,6,2,140,22,20,9,11,2,15,14,31,0,9,22,31
2005,Nevada County,October,549,21,5,0,6,5,0,564,140,11,7,0,6,6,0,146,26,11,18,12,0,11,12,23,0,12,32,44
2005,Nevada County,November,564,17,9,0,10,5,0,575,146,10,4,0,1,8,0,151,26,15,14,9,0,13,11,24,0,13,27,40
2005,Nevada County,December,575,18,10,0,8,4,0,591,151,8,3,0,2,6,0,154,28,12,11,8,0,10,10,20,0,13,26,39
2005,Orange County,January,17901,700,317,0,497,493,87,17841,3815,49,52,0,246,68,4,3598,1017,1077,101,318,91,561,743,1395,0,369,749,1118
2005,Orange County,February,17841,694,340,0,449,613,142,17671,3598,27,46,0,121,46,8,3496,1034,1204,73,175,150,659,570,1379,0,386,721,1107
2005,Orange County,March,17671,845,489,4,537,614,71,17787,3496,30,51,0,119,66,11,3381,1338,1222,81,196,82,680,656,1418,4,540,875,1419
2005,Orange County,April,17787,947,228,0,399,478,94,17991,3381,22,18,0,67,35,4,3315,1175,971,40,106,98,513,466,1077,0,246,969,1215
2005,Orange County,May,17991,807,366,2,460,581,106,18019,3315,31,30,0,75,29,13,3259,1175,1147,61,117,119,610,535,1264,2,396,838,1236
2005,Orange County,June,18019,854,316,1,494,563,102,18031,3259,44,35,0,84,26,4,3224,1171,1159,79,114,106,589,578,1273,1,351,898,1250
2005,Orange County,July,18031,731,275,0,456,487,112,17982,3224,33,28,0,49,38,8,3190,1006,1055,61,95,120,525,505,1150,0,303,764,1067
2005,Orange County,August,17982,972,289,2,400,569,117,18159,3190,30,30,0,44,32,13,3161,1263,1086,60,89,130,601,444,1175,2,319,1002,1323
2005,Orange County,September,18159,597,371,1,474,628,156,17870,3161,26,36,0,71,26,19,3107,969,1258,62,116,175,654,545,1374,1,407,623,1031
2005,Orange County,October,17870,589,291,0,419,432,104,17795,3107,15,17,0,42,17,6,3074,880,955,32,65,110,449,461,1020,0,308,604,912
2005,Orange County,November,17795,905,448,0,535,570,143,17900,3074,29,28,0,47,27,23,3034,1353,1248,57,97,166,597,582,1345,0,476,934,1410
2005,Orange County,December,17900,846,337,0,480,566,113,17924,3034,26,26,0,74,24,22,2966,1183,1159,52,120,135,590,554,1279,0,363,872,1235
2005,Placer County,January,1549,77,17,0,30,12,11,1590,962,9,15,0,6,8,0,972,94,53,24,14,11,20,36,67,0,32,86,118
2005,Placer County,February,1590,94,19,0,112,43,27,1521,972,8,10,0,30,6,0,954,113,182,18,36,27,49,142,218,0,29,102,131
2005,Placer County,March,1521,63,33,0,35,48,104,1430,954,3,7,0,24,7,0,933,96,187,10,31,104,55,59,218,0,40,66,106
2005,Placer County,April,1430,33,21,0,33,9,46,1396,933,3,7,0,13,0,0,930,54,88,10,13,46,9,46,101,0,28,36,64
2005,Placer County,May,1396,89,28,0,35,20,11,1447,930,16,14,0,7,1,0,952,117,66,30,8,11,21,42,74,0,42,105,147
2005,Placer County,June,1447,63,21,0,51,30,21,1429,952,46,12,0,13,3,0,994,84,102,58,16,21,33,64,118,0,33,109,142
2005,Placer County,July,1429,31,22,0,11,12,2,1457,994,0,7,0,2,0,0,999,53,25,7,2,2,12,13,27,0,29,31,60
2005,Placer County,August,1457,59,24,0,24,9,20,1487,999,4,10,0,8,2,0,1003,83,53,14,10,20,11,32,63,0,34,63,97
2005,Placer County,September,1487,115,19,0,59,27,59,1476,1003,9,8,0,13,2,0,1005,134,145,17,15,59,29,72,160,0,27,124,151
2005,Placer County,October,1476,80,24,0,11,10,36,1523,1005,9,11,0,1,1,0,1023,104,57,20,2,36,11,12,59,0,35,89,124
2005,Placer County,November,1523,65,13,0,44,24,17,1516,1023,6,6,0,9,1,0,1025,78,85,12,10,17,25,53,95,0,19,71,90
2005,Placer County,December,1516,90,25,0,63,60,84,1424,1025,13,13,0,17,9,0,1025,115,207,26,26,84,69,80,233,0,38,103,141
2005,Plumas County,January,248,10,0,0,6,0,0,252,233,5,0,0,9,0,0,229,10,6,5,9,0,0,15,15,0,0,15,15
2005,Plumas County,February,252,8,0,0,5,0,0,255,229,10,0,0,7,0,0,232,8,5,10,7,0,0,12,12,0,0,18,18
2005,Plumas County,March,255,9,0,0,7,0,0,257,232,10,0,0,13,0,0,229,9,7,10,13,0,0,20,20,0,0,19,19
2005,Plumas County,April,257,9,0,0,4,0,0,262,229,8,0,0,12,0,0,225,9,4,8,12,0,0,16,16,0,0,17,17
2005,Plumas County,May,262,6,0,0,14,0,0,254,225,5,0,0,16,0,0,214,6,14,5,16,0,0,30,30,0,0,11,11
2005,Plumas County,June,254,2,0,0,6,0,0,250,214,13,0,0,9,0,0,218,2,6,13,9,0,0,15,15,0,0,15,15
2005,Plumas County,July,250,10,0,0,7,0,0,253,218,8,0,0,10,0,0,216,10,7,8,10,0,0,17,17,0,0,18,18
2005,Plumas County,August,253,17,0,0,11,0,0,259,216,19,0,0,23,0,0,212,17,11,19,23,0,0,34,34,0,0,36,36
2005,Plumas County,September,259,9,0,0,9,0,0,259,212,8,0,0,4,0,0,216,9,9,8,4,0,0,13,13,0,0,17,17
2005,Plumas County,October,259,4,0,0,6,0,0,257,216,7,0,0,6,0,0,217,4,6,7,6,0,0,12,12,0,0,11,11
2005,Plumas County,November,257,8,0,0,7,0,0,258,217,7,0,0,7,0,0,217,8,7,7,7,0,0,14,14,0,0,15,15
2005,Plumas County,December,258,6,0,0,21,0,0,243,217,12,0,0,14,0,0,215,6,21,12,14,0,0,35,35,0,0,18,18
2005,Riverside County,January,11595,599,190,0,471,318,0,11595,2209,114,36,0,89,61,0,2209,789,789,150,150,0,379,560,939,0,226,713,939
2005,Riverside County,February,11595,512,244,0,427,268,0,11656,2209,98,47,0,82,51,0,2221,756,695,145,133,0,319,509,828,0,291,610,901
2005,Riverside County,March,11656,630,322,0,618,296,0,11694,2221,120,61,0,117,56,0,2229,952,914,181,173,0,352,735,1087,0,383,750,1133
2005,Riverside County,April,11694,492,239,0,365,372,0,11688,2229,94,46,0,69,71,0,2229,731,737,140,140,0,443,434,877,0,285,586,871
2005,Riverside County,May,11688,513,274,0,434,384,0,11657,2229,98,52,0,54,73,0,2252,787,818,150,127,0,457,488,945,0,326,611,937
2005,Riverside County,June,11657,803,260,0,469,358,0,11893,2252,153,49,0,90,68,0,2296,1063,827,202,158,0,426,559,985,0,309,956,1265
2005,Riverside County,July,11893,542,258,0,500,315,0,11878,2296,103,49,0,95,60,0,2293,800,815,152,155,0,375,595,970,0,307,645,952
2005,Riverside County,August,11878,809,286,0,527,491,0,11955,2293,154,54,0,100,94,0,2307,1095,1018,208,194,0,585,627,1212,0,340,963,1303
2005,Riverside County,September,11955,828,310,0,719,383,0,11991,2307,154,58,0,134,71,0,2314,1138,1102,212,205,0,454,853,1307,0,368,982,1350
2005,Riverside County,October,11991,717,251,0,499,396,0,12064,2314,136,48,0,94,76,0,2328,968,895,184,170,0,472,593,1065,0,299,853,1152
2005,Riverside County,November,12064,575,240,0,380,350,0,12149,2328,109,46,0,72,67,0,2344,815,730,155,139,0,417,452,869,0,286,684,970
2005,Riverside County,December,12149,714,281,0,518,472,0,12154,2344,136,53,0,104,89,0,2340,995,990,189,193,0,561,622,1183,0,334,850,1184
2005,Sacramento County,January,17643,430,392,14,658,223,4,17594,0,0,0,0,0,0,0,0,836,885,0,0,4,223,658,885,14,392,430,836
2005,Sacramento County,February,17594,416,182,40,371,61,127,17673,0,0,0,0,0,0,0,0,638,559,0,0,127,61,371,559,40,182,416,638
2005,Sacramento County,March,17673,521,341,59,797,207,16,17574,0,0,0,0,0,0,0,0,921,1020,0,0,16,207,797,1020,59,341,521,921
2005,Sacramento County,April,17574,520,335,38,737,222,116,17392,0,0,0,0,0,0,0,0,893,1075,0,0,116,222,737,1075,38,335,520,893
2005,Sacramento County,May,17392,581,260,35,500,215,29,17524,0,0,0,0,0,0,0,0,876,744,0,0,29,215,500,744,35,260,581,876
2005,Sacramento County,June,17524,565,260,0,652,175,43,17479,0,0,0,0,0,0,0,0,825,870,0,0,43,175,652,870,0,260,565,825
2005,Sacramento County,July,17479,484,343,36,405,317,45,17575,0,0,0,0,0,0,0,0,863,767,0,0,45,317,405,767,36,343,484,863
2005,Sacramento County,August,17575,529,311,53,645,303,59,17461,0,0,0,0,0,0,0,0,893,1007,0,0,59,303,645,1007,53,311,529,893
2005,Sacramento County,September,17461,575,182,44,588,174,8,17492,0,0,0,0,0,0,0,0,801,770,0,0,8,174,588,770,44,182,575,801
2005,Sacramento County,October,17492,601,294,44,449,365,2,17615,0,0,0,0,0,0,0,0,939,816,0,0,2,365,449,816,44,294,601,939
2005,Sacramento County,November,17615,474,149,41,545,83,92,17559,0,0,0,0,0,0,0,0,664,720,0,0,92,83,545,720,41,149,474,664
2005,Sacramento County,December,17559,457,140,117,597,134,0,17542,0,0,0,0,0,0,0,0,714,731,0,0,0,134,597,731,117,140,457,714
2005,San Benito County,January,355,16,6,0,15,8,7,347,232,11,1,0,4,11,0,229,22,30,12,15,7,19,19,45,0,7,27,34
2005,San Benito County,February,347,4,2,0,6,9,4,334,229,11,1,0,1,10,1,229,6,19,12,12,5,19,7,31,0,3,15,18
2005,San Benito County,March,334,28,3,1,6,12,8,340,229,28,0,0,5,13,0,239,32,26,28,18,8,25,11,44,1,3,56,60
2005,San Benito County,April,340,13,2,0,10,5,6,334,239,5,5,0,9,3,0,237,15,21,10,12,6,8,19,33,0,7,18,25
2005,San Benito County,May,334,15,8,0,9,10,6,332,237,23,7,0,9,6,0,252,23,25,30,15,6,16,18,40,0,15,38,53
2005,San Benito County,June,332,13,4,0,4,4,1,340,252,14,5,0,9,7,0,255,17,9,19,16,1,11,13,25,0,9,27,36
2005,San Benito County,July,340,24,2,0,5,16,5,340,255,12,2,0,3,8,0,258,26,26,14,11,5,24,8,37,0,4,36,40
2005,San Benito County,August,340,18,4,0,6,10,5,341,258,28,8,0,13,6,0,275,22,21,36,19,5,16,19,40,0,12,46,58
2005,San Benito County,September,341,15,4,0,3,6,5,346,275,8,8,0,4,16,0,271,19,14,16,20,5,22,7,34,0,12,23,35
2005,San Benito County,October,346,10,0,0,5,18,3,330,271,18,4,0,4,10,0,279,10,26,22,14,3,28,9,40,0,4,28,32
2005,San Benito County,November,330,19,0,1,8,0,8,334,279,19,2,0,11,14,0,275,20,16,21,25,8,14,19,41,1,2,38,41
2005,San Benito County,December,334,10,6,0,5,5,5,335,275,12,3,0,6,8,0,276,16,15,15,14,5,13,11,29,0,9,22,31
2005,San Bernardino County,January,20245,455,52,5,471,147,0,20139,4092,124,26,0,143,72,0,4027,512,618,150,215,0,219,614,833,5,78,579,662
2005,San Bernardino County,February,19735,343,110,2,495,94,0,19601,4094,109,57,0,184,41,0,4035,455,589,166,225,0,135,679,814,2,167,452,621
2005,San Bernardino County,March,19811,457,139,1,556,185,0,19667,4104,140,38,0,199,49,0,4034,597,741,178,248,0,234,755,989,1,177,597,775
2005,San Bernardino County,April,19933,439,128,0,541,140,0,19819,4123,136,35,0,200,47,0,4047,567,681,171,247,0,187,741,928,0,163,575,738
2005,San Bernardino County,May,20069,473,99,0,455,149,0,20037,4144,182,38,0,176,50,0,4138,572,604,220,226,0,199,631,830,0,137,655,792
2005,San Bernardino County,June,20244,509,148,1,567,181,0,20154,4199,162,46,0,143,62,0,4202,658,748,208,205,0,243,710,953,1,194,671,866
2005,San Bernardino County,July,20308,338,143,0,538,162,0,20089,4263,136,45,0,130,101,0,4213,481,700,181,231,0,263,668,931,0,188,474,662
2005,San Bernardino County,August,20355,524,159,37,456,229,0,20390,4272,164,59,0,119,117,0,4259,720,685,223,236,0,346,575,921,37,218,688,943
2005,San Bernardino County,September,20649,541,161,4,469,217,0,20669,4324,195,59,0,139,111,0,4328,706,686,254,250,0,328,608,936,4,220,736,960
2005,San Bernardino County,October,20793,501,88,8,464,180,0,20746,4343,165,38,0,137,75,0,4334,597,644,203,212,0,255,601,856,8,126,666,800
2005,San Bernardino County,November,20865,393,113,1,401,212,0,20759,4391,134,26,0,118,69,0,4364,507,613,160,187,0,281,519,800,1,139,527,667
2005,San Bernardino County,December,20873,352,105,0,372,194,0,20764,4415,131,38,0,128,89,0,4367,457,566,169,217,0,283,500,783,0,143,483,626
2005,San Diego County,January,28382,1125,113,0,642,58,0,28920,3137,43,0,0,27,8,0,3145,1238,700,43,35,0,66,669,735,0,113,1168,1281
2005,San Diego County,February,28920,1136,124,0,810,37,0,29333,3145,11,0,0,4,0,0,3152,1260,847,11,4,0,37,814,851,0,124,1147,1271
2005,San Diego County,March,29333,1382,115,0,1089,57,0,29684,3152,12,0,0,7,0,0,3157,1497,1146,12,7,0,57,1096,1153,0,115,1394,1509
2005,San Diego County,April,29684,920,215,0,1035,93,0,29691,3157,27,9,0,81,7,0,3105,1135,1128,36,88,0,100,1116,1216,0,224,947,1171
2005,San Diego County,May,29691,830,291,0,614,325,3,29870,3105,16,0,0,50,9,0,3062,1121,942,16,59,3,334,664,1001,0,291,846,1137
2005,San Diego County,June,29870,556,288,0,529,646,4,29535,3062,64,25,0,17,13,0,3121,844,1179,89,30,4,659,546,1209,0,313,620,933
2005,San Diego County,July,29535,642,157,0,736,641,0,28957,3121,72,0,0,30,0,0,3163,799,1377,72,30,0,641,766,1407,0,157,714,871
2005,San Diego County,August,28957,958,318,0,1061,424,0,28748,3163,42,2,0,87,0,0,3120,1276,1485,44,87,0,424,1148,1572,0,320,1000,1320
2005,San Diego County,September,28748,823,133,0,859,837,0,28008,3120,45,1,0,16,0,0,3150,956,1696,46,16,0,837,875,1712,0,134,868,1002
2005,San Diego County,October,28008,798,235,0,1250,1312,0,26479,3150,54,4,0,47,19,0,3142,1033,2562,58,66,0,1331,1297,2628,0,239,852,1091
2005,San Diego County,November,26479,727,159,0,731,1139,0,25495,3142,55,2,0,43,2,0,3154,886,1870,57,45,0,1141,774,1915,0,161,782,943
2005,San Diego County,December,25495,747,214,0,947,954,0,24555,3154,27,11,0,46,107,0,3039,961,1901,38,153,0,1061,993,2054,0,225,774,999
2005,San Francisco County,January,0,0,0,0,0,0,0,0,0,0,0,0,0,0,0,0,0,0,0,0,0,0,0,0,0,0,0,0
2005,San Francisco County,February,0,0,0,0,0,0,0,0,0,0,0,0,0,0,0,0,0,0,0,0,0,0,0,0,0,0,0,0
2005,San Francisco County,March,0,0,0,0,0,0,0,0,0,0,0,0,0,0,0,0,0,0,0,0,0,0,0,0,0,0,0,0
2005,San Francisco County,April,0,0,0,0,0,0,0,0,0,0,0,0,0,0,0,0,0,0,0,0,0,0,0,0,0,0,0,0
2005,San Francisco County,May,0,0,0,0,0,0,0,0,0,0,0,0,0,0,0,0,0,0,0,0,0,0,0,0,0,0,0,0
2005,San Francisco County,June,0,0,0,0,0,0,0,0,0,0,0,0,0,0,0,0,0,0,0,0,0,0,0,0,0,0,0,0
2005,San Francisco County,July,0,0,0,0,0,0,0,0,0,0,0,0,0,0,0,0,0,0,0,0,0,0,0,0,0,0,0,0
2005,San Francisco County,August,0,0,0,0,0,0,0,0,0,0,0,0,0,0,0,0,0,0,0,0,0,0,0,0,0,0,0,0
2005,San Francisco County,September,0,0,0,0,0,0,0,0,0,0,0,0,0,0,0,0,0,0,0,0,0,0,0,0,0,0,0,0
2005,San Francisco County,October,0,0,0,0,0,0,0,0,0,0,0,0,0,0,0,0,0,0,0,0,0,0,0,0,0,0,0,0
2005,San Francisco County,November,0,0,0,0,0,0,0,0,0,0,0,0,0,0,0,0,0,0,0,0,0,0,0,0,0,0,0,0
2005,San Francisco County,December,0,0,0,0,0,0,0,0,0,0,0,0,0,0,0,0,0,0,0,0,0,0,0,0,0,0,0,0
2005,San Joaquin County,January,135,127,126,33,56,280,19,66,4197,182,227,6,148,468,1,3995,286,355,415,617,20,748,204,972,39,353,309,701
2005,San Joaquin County,February,66,130,112,15,28,210,13,72,3995,147,171,0,71,346,0,3896,257,251,318,417,13,556,99,668,15,283,277,575
2005,San Joaquin County,March,72,185,244,46,47,318,18,164,3896,179,125,0,387,557,3,3253,475,383,304,947,21,875,434,1330,46,369,364,779
2005,San Joaquin County,April,164,129,147,31,51,75,0,345,3253,152,240,2,95,61,22,3469,307,126,394,178,22,136,146,304,33,387,281,701
2005,San Joaquin County,May,345,138,150,18,54,52,11,534,3469,182,255,6,187,447,0,3278,306,117,443,634,11,499,241,751,24,405,320,749
2005,San Joaquin County,June,534,160,167,37,148,53,35,662,3278,181,279,7,409,55,0,3281,364,236,467,464,35,108,557,700,44,446,341,831
2005,San Joaquin County,July,662,189,201,24,68,93,22,893,3281,219,296,1,460,60,0,3277,414,183,516,520,22,153,528,703,25,497,408,930
2005,San Joaquin County,August,893,218,167,26,96,353,16,839,3277,280,319,12,580,596,22,2690,411,465,611,1198,38,949,676,1663,38,486,498,1022
2005,San Joaquin County,September,839,155,158,22,43,99,4,1028,2690,154,241,11,116,21,19,2940,335,146,406,156,23,120,159,302,33,399,309,741
2005,San Joaquin County,October,1028,225,215,16,69,79,11,1325,2940,188,146,3,224,82,7,2964,456,159,337,313,18,161,293,472,19,361,413,793
2005,San Joaquin County,November,1325,220,174,36,58,60,12,1625,2964,157,260,5,97,365,0,2924,430,130,422,462,12,425,155,592,41,434,377,852
2005,San Joaquin County,December,1625,211,228,27,130,72,12,1877,2924,162,303,0,219,97,0,3073,466,214,465,316,12,169,349,530,27,531,373,931
2005,San Luis Obispo County,January,2126,41,32,0,37,22,0,2140,1860,52,14,0,34,37,0,1855,73,59,66,71,0,59,71,130,0,46,93,139
2005,San Luis Obispo County,February,2140,51,16,0,28,14,0,2165,1855,49,19,0,40,28,0,1855,67,42,68,68,0,42,68,110,0,35,100,135
2005,San Luis Obispo County,March,2165,57,22,0,43,20,0,2181,1855,55,18,0,19,29,0,1880,79,63,73,48,0,49,62,111,0,40,112,152
2005,San Luis Obispo County,April,2181,64,33,0,47,30,0,2201,1880,57,14,0,50,47,0,1854,97,77,71,97,0,77,97,174,0,47,121,168
2005,San Luis Obispo County,May,2201,56,38,0,45,24,0,2226,1854,59,29,0,25,47,0,1870,94,69,88,72,0,71,70,141,0,67,115,182
2005,San Luis Obispo County,June,2226,77,19,0,34,17,0,2271,1870,54,28,0,28,50,0,1874,96,51,82,78,0,67,62,129,0,47,131,178
2005,San Luis Obispo County,July,2271,44,21,0,39,26,0,2271,1874,45,26,0,40,38,0,1867,65,65,71,78,0,64,79,143,0,47,89,136
2005,San Luis Obispo County,August,2271,84,23,0,33,21,0,2324,1867,70,15,0,21,21,0,1910,107,54,85,42,0,42,54,96,0,38,154,192
2005,San Luis Obispo County,September,2324,60,30,0,48,45,5,2316,1910,46,24,0,23,54,0,1903,90,98,70,77,5,99,71,175,0,54,106,160
2005,San Luis Obispo County,October,2316,39,17,0,50,29,0,2293,1903,42,16,0,71,26,1,1863,56,79,58,98,1,55,121,177,0,33,81,114
2005,San Luis Obispo County,November,2293,61,21,0,21,44,0,2310,1863,46,25,0,15,21,0,1898,82,65,71,36,0,65,36,101,0,46,107,153
2005,San Luis Obispo County,December,2310,55,20,0,84,58,8,2235,1898,50,12,0,44,25,1,1890,75,150,62,70,9,83,128,220,0,32,105,137
2005,San Mateo County,January,6181,143,54,0,66,73,1,6238,6127,159,55,0,107,122,2,6110,197,140,214,231,3,195,173,371,0,109,302,411
2005,San Mateo County,February,6238,123,39,0,68,62,2,6268,6110,170,63,0,107,66,3,6167,162,132,233,176,5,128,175,308,0,102,293,395
2005,San Mateo County,March,6268,134,52,0,71,95,2,6286,6167,186,59,0,106,107,4,6195,186,168,245,217,6,202,177,385,0,111,320,431
2005,San Mateo County,April,6286,125,65,0,78,74,1,6323,6195,150,75,0,130,97,0,6193,190,153,225,227,1,171,208,380,0,140,275,415
2005,San Mateo County,May,6323,102,42,0,88,72,2,6305,6193,168,47,0,127,132,2,6147,144,162,215,261,4,204,215,423,0,89,270,359
2005,San Mateo County,June,6305,138,50,1,92,70,2,6330,6147,181,84,0,123,113,3,6173,189,164,265,239,5,183,215,403,1,134,319,454
2005,San Mateo County,July,6330,96,66,1,92,79,1,6321,6173,153,63,0,128,107,3,6151,163,172,216,238,4,186,220,410,1,129,249,379
2005,San Mateo County,August,6321,130,67,0,62,74,2,6380,6151,205,99,0,131,134,4,6186,197,138,304,269,6,208,193,407,0,166,335,501
2005,San Mateo County,September,6380,123,68,0,73,51,2,6445,6186,169,90,0,139,111,3,6192,191,126,259,253,5,162,212,379,0,158,292,450
2005,San Mateo County,October,6445,77,45,0,96,50,5,6416,6192,169,46,0,109,100,3,6195,122,151,215,212,8,150,205,363,0,91,246,337
2005,San Mateo County,November,6416,127,64,0,70,52,34,6451,6195,150,60,1,114,111,10,6171,191,156,211,235,44,163,184,391,1,124,277,402
2005,San Mateo County,December,6451,117,62,0,78,72,1,6479,6171,157,50,0,117,79,2,6180,179,151,207,198,3,151,195,349,0,112,274,386
2005,Santa Barbara County,January,3069,108,18,0,32,75,11,3077,2580,156,15,0,86,72,7,2586,126,118,171,165,18,147,118,283,0,33,264,297
2005,Santa Barbara County,February,3105,110,12,0,36,82,11,3098,2633,165,6,0,88,87,7,2622,122,129,171,182,18,169,124,311,0,18,275,293
2005,Santa Barbara County,March,3125,116,13,0,47,92,16,3099,2660,180,9,0,114,62,8,2665,129,155,189,184,24,154,161,339,0,22,296,318
2005,Santa Barbara County,April,3110,118,10,0,32,76,6,3124,2700,161,8,0,50,63,10,2746,128,114,169,123,16,139,82,237,0,18,279,297
2005,Santa Barbara County,May,3135,139,13,0,35,70,15,3167,2777,160,9,0,126,78,9,2733,152,120,169,213,24,148,161,333,0,22,299,321
2005,Santa Barbara County,June,3198,134,21,0,46,71,16,3220,2785,189,9,0,120,63,12,2788,155,133,198,195,28,134,166,328,0,30,323,353
2005,Santa Barbara County,July,3246,104,11,0,30,56,13,3262,2847,156,6,0,100,72,9,2828,115,99,162,181,22,128,130,280,0,17,260,277
2005,Santa Barbara County,August,3299,103,10,0,26,83,18,3285,2874,184,10,0,76,88,12,2892,113,127,194,176,30,171,102,303,0,20,287,307
2005,Santa Barbara County,September,3296,105,11,0,23,76,8,3305,2921,164,8,0,58,83,8,2944,116,107,172,149,16,159,81,256,0,19,269,288
2005,Santa Barbara County,October,3342,106,3,0,50,73,9,3319,3003,172,5,0,144,78,9,2949,109,132,177,231,18,151,194,363,0,8,278,286
2005,Santa Barbara County,November,3313,100,7,0,38,64,19,3299,2994,150,8,0,83,79,14,2976,107,121,158,176,33,143,121,297,0,15,250,265
2005,Santa Barbara County,December,3308,99,6,0,43,73,24,3273,3006,153,8,0,112,62,12,2981,105,140,161,186,36,135,155,326,0,14,252,266
2005,Santa Clara County,January,10359,293,117,459,240,239,452,10297,7591,235,129,365,208,200,373,7539,869,931,729,781,825,439,448,1712,824,246,528,1598
2005,Santa Clara County,February,10297,264,122,588,242,198,548,10283,7539,304,103,324,169,209,331,7561,974,988,731,709,879,407,411,1697,912,225,568,1705
2005,Santa Clara County,March,10283,316,134,488,255,256,464,10246,7561,324,140,396,150,161,457,7653,938,975,860,768,921,417,405,1743,884,274,640,1798
2005,Santa Clara County,April,10246,303,107,521,221,200,484,10272,7653,317,120,406,162,171,422,7741,931,905,843,755,906,371,383,1660,927,227,620,1774
2005,Santa Clara County,May,10272,315,131,534,196,220,503,10333,7741,262,110,439,144,185,475,7748,980,919,811,804,978,405,340,1723,973,241,577,1791
2005,Santa Clara County,June,10333,346,166,484,245,288,513,10283,7748,294,106,394,170,206,460,7706,996,1046,794,836,973,494,415,1882,878,272,640,1790
2005,Santa Clara County,July,10283,224,91,480,206,218,477,10177,7706,241,87,346,150,151,393,7686,795,901,674,694,870,369,356,1595,826,178,465,1469
2005,Santa Clara County,August,10177,299,127,487,194,246,424,10226,7686,247,104,361,170,170,373,7685,913,864,712,713,797,416,364,1577,848,231,546,1625
2005,Santa Clara County,September,10226,312,102,557,187,237,521,10252,7685,293,83,390,130,171,443,7707,971,945,766,744,964,408,317,1689,947,185,605,1737
2005,Santa Clara County,October,10252,321,118,576,231,222,456,10358,7707,243,99,480,140,291,369,7729,1015,909,822,800,825,513,371,1709,1056,217,564,1837
2005,Santa Clara County,November,10358,259,125,513,214,199,481,10361,7729,253,109,442,143,223,413,7754,897,894,804,779,894,422,357,1673,955,234,512,1701
2005,Santa Clara County,December,10361,305,111,579,316,239,496,10305,7754,209,95,399,217,211,364,7665,995,1051,703,792,860,450,533,1843,978,206,514,1698
2005,Santa Cruz County,January,1846,64,43,0,42,28,1,1882,1030,28,17,0,34,27,0,969,107,71,45,61,1,55,76,132,0,60,92,152
2005,Santa Cruz County,February,1882,53,53,0,62,27,8,1891,969,32,8,0,38,17,0,954,106,97,40,55,8,44,100,152,0,61,85,146
2005,Santa Cruz County,March,1891,49,37,0,40,58,1,1878,954,36,13,0,25,16,0,962,86,99,49,41,1,74,65,140,0,50,85,135
2005,Santa Cruz County,April,1878,48,51,0,68,38,2,1869,962,33,18,0,38,13,0,962,99,108,51,51,2,51,106,159,0,69,81,150
2005,Santa Cruz County,May,1869,49,53,0,31,23,0,1917,962,32,14,0,18,13,0,977,102,54,46,31,0,36,49,85,0,67,81,148
2005,Santa Cruz County,June,1917,74,48,0,40,11,0,1988,977,34,17,0,16,12,0,1000,122,51,51,28,0,23,56,79,0,65,108,173
2005,Santa Cruz County,July,1988,59,53,0,50,35,0,2015,1000,39,28,0,38,11,0,1018,112,85,67,49,0,46,88,134,0,81,98,179
2005,Santa Cruz County,August,2015,59,40,0,52,47,0,2015,1018,31,23,0,23,14,0,1035,99,99,54,37,0,61,75,136,0,63,90,153
2005,Santa Cruz County,September,2015,39,54,0,66,23,0,2019,1035,36,26,0,37,19,0,1041,93,89,62,56,0,42,103,145,0,80,75,155
2005,Santa Cruz County,October,2019,69,50,0,45,25,0,2068,1041,43,20,0,26,26,0,1052,119,70,63,52,0,51,71,122,0,70,112,182
2005,Santa Cruz County,November,2068,58,48,0,41,16,0,2117,1052,49,18,0,33,8,0,1078,106,57,67,41,0,24,74,98,0,66,107,173
2005,Santa Cruz County,December,2117,53,50,0,37,29,0,2154,1078,40,24,0,19,19,0,1104,103,66,64,38,0,48,56,104,0,74,93,167
2005,Shasta County,January,2430,42,50,5,53,4,0,2470,1049,33,11,0,30,0,0,1063,97,57,44,30,0,4,83,87,5,61,75,141
2005,Shasta County,February,2470,12,5,5,54,10,0,2428,1063,22,3,0,31,0,0,1057,22,64,25,31,0,10,85,95,5,8,34,47
2005,Shasta County,March,2428,63,70,47,51,12,0,2545,1057,36,4,0,43,0,0,1054,180,63,40,43,0,12,94,106,47,74,99,220
2005,Shasta County,April,2545,32,32,15,46,9,0,2569,1054,18,1,0,44,0,0,1029,79,55,19,44,0,9,90,99,15,33,50,98
2005,Shasta County,May,1445,39,38,1,26,38,0,1459,355,34,6,0,28,0,0,367,78,64,40,28,0,38,54,92,1,44,73,118
2005,Shasta County,June,1459,55,41,3,32,41,0,1485,367,44,4,0,35,0,0,380,99,73,48,35,0,41,67,108,3,45,99,147
2005,Shasta County,July,1485,35,21,4,21,21,0,1503,380,28,2,0,13,0,0,397,60,42,30,13,0,21,34,55,4,23,63,90
2005,Shasta County,August,1503,39,40,9,52,40,0,1499,397,31,3,0,52,0,0,379,88,92,34,52,0,40,104,144,9,43,70,122
2005,Shasta County,September,1499,70,19,2,36,19,0,1535,379,41,0,0,31,0,0,389,91,55,41,31,0,19,67,86,2,19,111,132
2005,Shasta County,October,1535,61,40,8,45,40,0,1559,389,24,0,0,24,0,0,389,109,85,24,24,0,40,69,109,8,40,85,133
2005,Shasta County,November,1559,52,25,3,13,25,0,1601,389,38,0,0,27,0,0,400,80,38,38,27,0,25,40,65,3,25,90,118
2005,Shasta County,December,1601,49,35,1,72,35,0,1579,400,37,0,0,29,0,0,408,85,107,37,29,0,35,101,136,1,35,86,122
2005,Sierra County,January,40,0,0,0,0,0,0,40,46,2,0,0,0,0,0,48,0,0,2,0,0,0,0,0,0,0,2,2
2005,Sierra County,February,40,0,0,0,0,0,0,40,48,1,0,0,1,0,0,48,0,0,1,1,0,0,1,1,0,0,1,1
2005,Sierra County,March,40,1,0,0,2,0,0,39,48,0,0,0,0,0,0,48,1,2,0,0,0,0,2,2,0,0,1,1
2005,Sierra County,April,39,1,0,1,2,0,0,39,48,0,0,0,2,0,0,46,2,2,0,2,0,0,4,4,1,0,1,2
2005,Sierra County,May,39,0,0,0,0,0,1,38,46,0,0,0,1,0,0,45,0,1,0,1,1,0,1,2,0,0,0,0
2005,Sierra County,June,38,1,0,0,1,0,0,38,45,2,0,0,2,0,0,45,1,1,2,2,0,0,3,3,0,0,3,3
2005,Sierra County,July,38,2,0,0,0,1,0,39,45,1,0,0,0,0,0,46,2,1,1,0,0,1,0,1,0,0,3,3
2005,Sierra County,August,39,2,0,0,0,0,1,40,46,0,0,0,1,0,0,45,2,1,0,1,1,0,1,2,0,0,2,2
2005,Sierra County,September,40,0,0,0,2,0,0,38,45,0,0,0,0,0,0,45,0,2,0,0,0,0,2,2,0,0,0,0
2005,Sierra County,October,38,2,0,0,0,0,1,39,45,0,0,0,0,0,0,45,2,1,0,0,1,0,0,1,0,0,2,2
2005,Sierra County,November,39,2,0,0,0,0,0,41,45,0,0,0,0,0,1,44,2,0,0,1,1,0,0,1,0,0,2,2
2005,Sierra County,December,41,0,0,0,2,0,1,38,44,2,0,0,0,0,0,46,0,3,2,0,1,0,2,3,0,0,2,2
2005,Siskiyou County,January,550,6,7,0,19,10,0,534,0,0,0,0,0,0,0,0,13,29,0,0,0,10,19,29,0,7,6,13
2005,Siskiyou County,February,534,10,11,2,21,11,0,525,0,0,0,0,0,0,0,0,23,32,0,0,0,11,21,32,2,11,10,23
2005,Siskiyou County,March,525,21,11,1,23,26,0,509,0,0,0,0,0,0,0,0,33,49,0,0,0,26,23,49,1,11,21,33
2005,Siskiyou County,April,547,0,0,0,0,0,0,547,0,0,0,0,0,0,0,0,0,0,0,0,0,0,0,0,0,0,0,0
2005,Siskiyou County,May,547,20,14,0,18,19,3,541,0,0,0,0,0,0,0,0,34,40,0,0,3,19,18,40,0,14,20,34
2005,Siskiyou County,June,541,11,17,3,11,23,2,536,0,0,0,0,0,0,0,0,31,36,0,0,2,23,11,36,3,17,11,31
2005,Siskiyou County,July,536,15,6,2,12,17,0,530,0,0,0,0,0,0,0,0,23,29,0,0,0,17,12,29,2,6,15,23
2005,Siskiyou County,August,530,20,7,0,17,15,2,523,0,0,0,0,0,0,0,0,27,34,0,0,2,15,17,34,0,7,20,27
2005,Siskiyou County,September,523,15,13,28,31,14,0,534,0,0,0,0,0,0,0,0,56,45,0,0,0,14,31,45,28,13,15,56
2005,Siskiyou County,October,534,24,23,0,14,16,0,551,0,0,0,0,0,0,0,0,47,30,0,0,0,16,14,30,0,23,24,47
2005,Siskiyou County,November,551,11,11,0,11,10,0,552,0,0,0,0,0,0,0,0,22,21,0,0,0,10,11,21,0,11,11,22
2005,Siskiyou County,December,552,23,13,1,6,15,4,564,0,0,0,0,0,0,0,0,37,25,0,0,4,15,6,25,1,13,23,37
2005,Solano County,January,3646,137,0,0,64,33,4,3682,1760,42,0,0,46,3,4,1749,137,101,42,53,8,36,110,154,0,0,179,179
2005,Solano County,February,3682,88,0,0,53,19,22,3676,1749,40,0,0,41,2,11,1735,88,94,40,54,33,21,94,148,0,0,128,128
2005,Solano County,March,3676,137,1,0,43,18,36,3717,1735,39,0,0,29,3,21,1721,138,97,39,53,57,21,72,150,0,1,176,177
2005,Solano County,April,3717,98,0,0,29,25,48,3713,1721,41,1,0,30,1,24,1708,98,102,42,55,72,26,59,157,0,1,139,140
2005,Solano County,May,3713,119,0,0,55,24,1,3752,1708,23,0,0,61,4,4,1662,119,80,23,69,5,28,116,149,0,0,142,142
2005,Solano County,June,3752,111,0,0,68,12,0,3783,1662,47,0,0,48,3,2,1656,111,80,47,53,2,15,116,133,0,0,158,158
2005,Solano County,July,3783,76,0,0,76,17,1,3765,1656,25,0,0,37,3,7,1634,76,94,25,47,8,20,113,141,0,0,101,101
2005,Solano County,August,3765,111,0,0,54,23,1,3798,1634,35,0,0,50,3,3,1613,111,78,35,56,4,26,104,134,0,0,146,146
2005,Solano County,September,3798,100,0,0,71,30,0,3797,1613,41,0,0,63,2,3,1586,100,101,41,68,3,32,134,169,0,0,141,141
2005,Solano County,October,3797,98,0,0,70,23,2,3800,1586,23,0,0,59,4,1,1545,98,95,23,64,3,27,129,159,0,0,121,121
2005,Solano County,November,3800,91,0,0,52,33,0,3806,1545,36,0,0,51,3,2,1525,91,85,36,56,2,36,103,141,0,0,127,127
2005,Solano County,December,3806,70,0,0,69,18,0,3789,1525,25,0,0,55,1,3,1491,70,87,25,59,3,19,124,146,0,0,95,95
2005,Sonoma County,January,1798,72,68,1,70,78,9,1782,1104,41,31,1,32,46,24,1075,141,157,73,102,33,124,102,259,2,99,113,214
2005,Sonoma County,February,1782,50,67,1,60,69,5,1766,1075,50,44,0,27,45,65,1032,118,134,94,137,70,114,87,271,1,111,100,212
2005,Sonoma County,March,1766,93,88,1,95,80,2,1771,1032,58,40,3,29,40,39,1025,182,177,101,108,41,120,124,285,4,128,151,283
2005,Sonoma County,April,1771,67,83,0,69,76,4,1772,1025,35,41,1,28,46,23,1005,150,149,77,97,27,122,97,246,1,124,102,227
2005,Sonoma County,May,1772,78,74,1,59,90,4,1772,1005,39,41,0,28,45,32,980,153,153,80,105,36,135,87,258,1,115,117,233
2005,Sonoma County,June,1772,92,76,1,70,93,4,1774,980,28,45,1,34,46,19,955,169,167,74,99,23,139,104,266,2,121,120,243
2005,Sonoma County,July,1774,76,58,2,51,77,5,1777,955,33,40,1,33,29,17,950,136,133,74,79,22,106,84,212,3,98,109,210
2005,Sonoma County,August,1777,87,88,3,72,105,5,1773,950,43,28,1,17,36,21,948,178,182,72,74,26,141,89,256,4,116,130,250
2005,Sonoma County,September,1773,71,75,0,63,88,7,1761,948,30,35,1,26,48,18,922,146,158,66,92,25,136,89,250,1,110,101,212
2005,Sonoma County,October,1761,73,70,3,56,70,8,1773,922,43,39,3,24,34,10,939,146,134,85,68,18,104,80,202,6,109,116,231
2005,Sonoma County,November,1773,90,77,0,67,84,3,1786,939,39,28,0,21,40,15,930,167,154,67,76,18,124,88,230,0,105,129,234
2005,Sonoma County,December,1786,71,69,1,40,71,5,1811,930,44,34,2,26,30,16,938,141,116,80,72,21,101,66,188,3,103,115,221
2005,Stanislaus County,January,4492,126,41,32,148,41,0,4502,303,6,0,0,2,2,0,305,199,189,6,4,0,43,150,193,32,41,132,205
2005,Stanislaus County,February,4502,168,65,40,156,33,1,4585,305,5,1,0,3,3,0,305,273,190,6,6,1,36,159,196,40,66,173,279
2005,Stanislaus County,March,4585,182,67,45,211,31,0,4637,305,6,2,0,5,5,0,303,294,242,8,10,0,36,216,252,45,69,188,302
2005,Stanislaus County,April,4637,154,72,25,147,32,10,4699,303,6,6,0,14,4,0,297,251,189,12,18,10,36,161,207,25,78,160,263
2005,Stanislaus County,May,4699,153,113,22,162,32,18,4775,297,9,3,0,2,0,0,307,288,212,12,2,18,32,164,214,22,116,162,300
2005,Stanislaus County,June,4775,222,68,24,133,8,19,4929,307,2,1,0,6,0,0,304,314,160,3,6,19,8,139,166,24,69,224,317
2005,Stanislaus County,July,4929,212,53,21,144,5,9,5057,304,7,2,0,1,0,0,312,286,158,9,1,9,5,145,159,21,55,219,295
2005,Stanislaus County,August,5057,210,110,25,179,15,7,5201,312,10,2,12,9,0,0,327,345,201,24,9,7,15,188,210,37,112,220,369
2005,Stanislaus County,September,5201,160,85,14,227,25,8,5200,327,5,2,0,4,6,0,324,259,260,7,10,8,31,231,270,14,87,165,266
2005,Stanislaus County,October,5200,158,101,19,160,58,11,5249,324,5,5,0,2,16,0,316,278,229,10,18,11,74,162,247,19,106,163,288
2005,Stanislaus County,November,5249,155,104,15,145,61,16,5301,316,6,4,0,2,8,0,316,274,222,10,10,16,69,147,232,15,108,161,284
2005,Stanislaus County,December,5301,123,105,14,104,38,23,5378,316,7,5,0,16,10,0,302,242,165,12,26,23,48,120,191,14,110,130,254
2005,Sutter County,January,3118,42,30,1,1,13,14,3163,530,2,4,0,3,0,0,533,73,28,6,3,14,13,4,31,1,34,44,79
2005,Sutter County,February,3163,51,19,0,1,15,14,3203,533,3,2,0,2,0,1,535,70,30,5,3,15,15,3,33,0,21,54,75
2005,Sutter County,March,3203,36,17,2,1,6,10,3241,535,1,1,0,3,0,0,534,55,17,2,3,10,6,4,20,2,18,37,57
2005,Sutter County,April,3241,23,26,0,2,7,18,3263,534,4,4,0,1,0,1,540,49,27,8,2,19,7,3,29,0,30,27,57
2005,Sutter County,May,3263,32,20,1,1,14,9,3292,540,5,4,0,3,0,0,546,53,24,9,3,9,14,4,27,1,24,37,62
2005,Sutter County,June,3292,42,17,1,3,15,8,3326,546,4,5,0,2,0,0,553,60,26,9,2,8,15,5,28,1,22,46,69
2005,Sutter County,July,3326,28,32,0,2,26,20,3338,553,2,1,0,4,0,2,550,60,48,3,6,22,26,6,54,0,33,30,63
2005,Sutter County,August,3338,44,29,0,4,16,17,3374,550,6,4,0,3,0,0,557,73,37,10,3,17,16,7,40,0,33,50,83
2005,Sutter County,September,3374,32,18,0,2,22,13,3387,557,3,3,0,1,0,0,562,50,37,6,1,13,22,3,38,0,21,35,56
2005,Sutter County,October,3387,28,16,4,2,19,18,3396,562,6,1,1,2,0,0,568,48,39,8,2,18,19,4,41,5,17,34,56
2005,Sutter County,November,3396,26,20,1,3,9,11,3420,568,1,1,0,2,0,1,567,47,23,2,3,12,9,5,26,1,21,27,49
2005,Sutter County,December,3420,37,24,0,1,16,12,3452,567,4,1,0,2,0,1,569,61,29,5,3,13,16,3,32,0,25,41,66
2005,Tehama County,January,359,18,0,24,8,2,23,368,214,6,0,15,3,3,2,227,42,33,21,8,25,5,11,41,39,0,24,63
2005,Tehama County,February,368,11,2,25,5,0,4,397,227,10,1,3,6,0,5,230,38,9,14,11,9,0,11,20,28,3,21,52
2005,Tehama County,March,397,12,0,0,8,0,1,400,230,4,0,3,4,0,5,228,12,9,7,9,6,0,12,18,3,0,16,19
2005,Tehama County,April,400,22,3,3,6,1,12,409,228,14,0,0,5,0,11,226,28,19,14,16,23,1,11,35,3,3,36,42
2005,Tehama County,May,409,22,0,48,11,0,68,400,226,10,0,23,0,0,36,223,70,79,33,36,104,0,11,115,71,0,32,103
2005,Tehama County,June,400,12,0,1,12,2,15,384,223,7,0,2,4,1,8,219,13,29,9,13,23,3,16,42,3,0,19,22
2005,Tehama County,July,384,21,1,11,7,7,8,395,219,12,0,1,3,1,9,219,33,22,13,13,17,8,10,35,12,1,33,46
2005,Tehama County,August,395,11,0,4,11,9,12,378,219,8,0,5,4,16,0,212,15,32,13,20,12,25,15,52,9,0,19,28
2005,Tehama County,September,378,16,0,4,11,10,12,365,212,7,0,2,1,4,4,212,20,33,9,9,16,14,12,42,6,0,23,29
2005,Tehama County,October,365,28,1,20,3,7,15,389,212,12,0,0,3,4,27,190,49,25,12,34,42,11,6,59,20,1,40,61
2005,Tehama County,November,389,17,0,1,6,4,10,387,190,10,0,1,2,4,4,191,18,20,11,10,14,8,8,30,2,0,27,29
2005,Tehama County,December,387,14,3,20,1,2,119,302,191,12,0,14,0,0,60,157,37,122,26,60,179,2,1,182,34,3,26,63
2005,Trinity County,January,387,2,0,1,5,4,0,381,5,0,0,0,0,0,0,5,3,9,0,0,0,4,5,9,1,0,2,3
2005,Trinity County,February,381,2,0,0,7,1,1,374,5,0,0,0,1,0,0,4,2,9,0,1,1,1,8,10,0,0,2,2
2005,Trinity County,March,374,10,4,0,5,0,2,381,4,1,0,0,0,0,0,5,14,7,1,0,2,0,5,7,0,4,11,15
2005,Trinity County,April,381,6,0,0,5,2,1,379,5,1,0,0,0,0,0,6,6,8,1,0,1,2,5,8,0,0,7,7
2005,Trinity County,May,379,5,0,0,10,1,0,373,6,0,0,0,0,0,0,6,5,11,0,0,0,1,10,11,0,0,5,5
2005,Trinity County,June,373,7,5,0,3,1,5,376,6,0,0,0,1,0,0,5,12,9,0,1,5,1,4,10,0,5,7,12
2005,Trinity County,July,376,4,2,0,5,2,0,375,5,0,0,0,0,0,0,5,6,7,0,0,0,2,5,7,0,2,4,6
2005,Trinity County,August,375,6,1,0,6,4,0,372,5,0,0,0,0,0,0,5,7,10,0,0,0,4,6,10,0,1,6,7
2005,Trinity County,September,372,7,2,1,2,5,2,373,5,0,0,0,0,0,0,5,10,9,0,0,2,5,2,9,1,2,7,10
2005,Trinity County,October,373,7,0,1,2,0,2,377,5,0,0,0,1,0,0,4,8,4,0,1,2,0,3,5,1,0,7,8
2005,Trinity County,November,377,3,1,1,11,0,1,370,4,0,0,0,0,0,0,4,5,12,0,0,1,0,11,12,1,1,3,5
2005,Trinity County,December,370,3,2,0,6,1,2,366,4,0,0,0,0,0,0,4,5,9,0,0,2,1,6,9,0,2,3,5
2005,Tulare County,January,4815,288,152,0,206,89,0,4960,0,0,0,0,0,0,0,0,440,295,0,0,0,89,206,295,0,152,288,440
2005,Tulare County,February,4960,227,123,0,226,90,0,4994,0,0,0,0,0,0,0,0,350,316,0,0,0,90,226,316,0,123,227,350
2005,Tulare County,March,4994,310,54,0,254,73,0,5031,0,0,0,0,0,0,0,0,364,327,0,0,0,73,254,327,0,54,310,364
2005,Tulare County,April,5031,380,156,0,145,62,0,5360,0,0,0,0,0,0,0,0,536,207,0,0,0,62,145,207,0,156,380,536
2005,Tulare County,May,5360,334,64,0,71,81,0,5606,0,0,0,0,0,0,0,0,398,152,0,0,0,81,71,152,0,64,334,398
2005,Tulare County,June,5606,335,36,0,68,33,0,5876,0,0,0,0,0,0,0,0,371,101,0,0,0,33,68,101,0,36,335,371
2005,Tulare County,July,5876,186,166,0,57,23,0,6148,0,0,0,0,0,0,0,0,352,80,0,0,0,23,57,80,0,166,186,352
2005,Tulare County,August,6148,165,137,0,44,69,0,6337,0,0,0,0,0,0,0,0,302,113,0,0,0,69,44,113,0,137,165,302
2005,Tulare County,September,6337,234,166,0,47,32,0,6658,0,0,0,0,0,0,0,0,400,79,0,0,0,32,47,79,0,166,234,400
2005,Tulare County,October,6658,236,153,0,17,10,0,7020,0,0,0,0,0,0,0,0,389,27,0,0,0,10,17,27,0,153,236,389
2005,Tulare County,November,7020,239,160,0,33,84,0,7302,0,0,0,0,0,0,0,0,399,117,0,0,0,84,33,117,0,160,239,399
2005,Tulare County,December,7302,202,118,0,28,47,0,7547,0,0,0,0,0,0,0,0,320,75,0,0,0,47,28,75,0,118,202,320
2005,Tuolumne County,January,704,50,16,0,12,22,22,714,1430,56,16,0,23,29,0,1450,66,56,72,52,22,51,35,108,0,32,106,138
2005,Tuolumne County,February,714,38,13,0,18,16,18,713,1450,25,59,0,51,32,1,1450,51,52,84,84,19,48,69,136,0,72,63,135
2005,Tuolumne County,March,713,47,13,0,14,26,24,709,1450,42,40,0,47,62,3,1420,60,64,82,112,27,88,61,176,0,53,89,142
2005,Tuolumne County,April,709,35,6,0,12,9,6,723,1420,17,19,0,34,20,0,1402,41,27,36,54,6,29,46,81,0,25,52,77
2005,Tuolumne County,May,723,45,6,0,17,1,20,736,1402,41,34,0,48,22,3,1404,51,38,75,73,23,23,65,111,0,40,86,126
2005,Tuolumne County,June,736,34,27,0,15,15,14,753,1404,52,22,0,46,28,2,1402,61,44,74,76,16,43,61,120,0,49,86,135
2005,Tuolumne County,July,753,48,8,0,11,9,29,760,1402,16,7,0,20,4,1,1400,56,49,23,25,30,13,31,74,0,15,64,79
2005,Tuolumne County,August,760,49,4,0,40,9,15,749,1400,34,20,0,40,37,3,1374,53,64,54,80,18,46,80,144,0,24,83,107
2005,Tuolumne County,September,749,35,24,0,7,24,19,758,1374,62,40,0,66,32,0,1378,59,50,102,98,19,56,73,148,0,64,97,161
2005,Tuolumne County,October,758,53,7,0,20,7,17,774,1577,27,18,0,44,35,1,1542,60,44,45,80,18,42,64,124,0,25,80,105
2005,Tuolumne County,November,774,29,6,0,6,12,15,776,1542,45,22,0,36,39,0,1534,35,33,67,75,15,51,42,108,0,28,74,102
2005,Tuolumne County,December,776,34,12,0,16,17,10,779,1534,54,12,0,18,10,3,1569,46,43,66,31,13,27,34,74,0,24,88,112
2005,Ventura County,January,3130,72,34,0,52,23,0,3161,11206,303,67,0,25,525,0,11026,106,75,370,550,0,548,77,625,0,101,375,476
2005,Ventura County,February,3161,74,15,0,50,87,0,3113,11026,256,42,0,42,345,0,10937,89,137,298,387,0,432,92,524,0,57,330,387
2005,Ventura County,March,3113,107,31,0,44,83,0,3124,10937,315,63,0,61,350,0,10904,138,127,378,411,0,433,105,538,0,94,422,516
2005,Ventura County,April,3124,101,29,0,56,60,0,3138,10904,315,53,0,59,415,0,10798,130,116,368,474,0,475,115,590,0,82,416,498
2005,Ventura County,May,3138,101,23,0,57,71,0,3134,10798,280,53,0,43,375,0,10713,124,128,333,418,0,446,100,546,0,76,381,457
2005,Ventura County,June,3134,102,93,0,53,0,0,3276,10713,265,46,0,66,379,0,10579,195,53,311,445,0,379,119,498,0,139,367,506
2005,Ventura County,July,3276,89,12,0,52,79,0,3246,10579,266,39,0,55,671,0,10158,101,131,305,726,0,750,107,857,0,51,355,406
2005,Ventura County,August,3246,64,29,0,42,2,0,3295,10158,317,44,0,41,358,0,10120,93,44,361,399,0,360,83,443,0,73,381,454
2005,Ventura County,September,3295,90,21,0,50,63,0,3293,10120,312,33,0,45,183,0,10237,111,113,345,228,0,246,95,341,0,54,402,456
2005,Ventura County,October,3293,94,26,0,38,92,0,3283,10237,286,38,0,54,163,0,10344,120,130,324,217,0,255,92,347,0,64,380,444
2005,Ventura County,November,3283,90,26,0,40,32,0,3327,10344,271,48,0,45,241,0,10377,116,72,319,286,0,273,85,358,0,74,361,435
2005,Ventura County,December,3327,106,23,0,46,24,0,3386,10377,280,35,0,47,242,0,10403,129,70,315,289,0,266,93,359,0,58,386,444
2005,Yolo County,January,4157,74,29,0,48,41,0,4171,0,0,0,0,0,0,0,0,103,89,0,0,0,41,48,89,0,29,74,103
2005,Yolo County,February,4171,70,31,0,47,43,0,4182,0,0,0,0,0,0,0,0,101,90,0,0,0,43,47,90,0,31,70,101
2005,Yolo County,March,4182,100,42,0,44,26,0,4254,0,0,0,0,0,0,0,0,142,70,0,0,0,26,44,70,0,42,100,142
2005,Yolo County,April,4254,108,62,0,44,44,0,4336,0,0,0,0,0,0,0,0,170,88,0,0,0,44,44,88,0,62,108,170
2005,Yolo County,May,4336,96,55,0,56,29,0,4402,0,0,0,0,0,0,0,0,151,85,0,0,0,29,56,85,0,55,96,151
2005,Yolo County,June,4402,77,45,0,34,24,0,4466,0,0,0,0,0,0,0,0,122,58,0,0,0,24,34,58,0,45,77,122
2005,Yolo County,July,4466,83,39,0,44,50,0,4494,0,0,0,0,0,0,0,0,122,94,0,0,0,50,44,94,0,39,83,122
2005,Yolo County,August,4494,66,54,0,55,30,0,4529,0,0,0,0,0,0,0,0,120,85,0,0,0,30,55,85,0,54,66,120
2005,Yolo County,September,4529,54,37,0,34,34,0,4552,0,0,0,0,0,0,0,0,91,68,0,0,0,34,34,68,0,37,54,91
2005,Yolo County,October,4552,75,33,0,43,37,0,4580,0,0,0,0,0,0,0,0,108,80,0,0,0,37,43,80,0,33,75,108
2005,Yolo County,November,4580,73,26,0,63,24,0,4592,0,0,0,0,0,0,0,0,99,87,0,0,0,24,63,87,0,26,73,99
2005,Yolo County,December,4592,64,36,0,52,39,0,4601,0,0,0,0,0,0,0,0,100,91,0,0,0,39,52,91,0,36,64,100
2005,Yuba County,January,657,6,2,3,4,2,0,662,271,3,2,0,2,3,0,271,11,6,5,5,0,5,6,11,3,4,9,16
2005,Yuba County,February,662,23,15,2,9,6,6,681,271,11,6,0,8,16,1,263,40,21,17,25,7,22,17,46,2,21,34,57
2005,Yuba County,March,681,23,11,0,8,5,0,702,263,22,4,0,5,7,0,277,34,13,26,12,0,12,13,25,0,15,45,60
2005,Yuba County,April,702,14,9,1,16,14,2,694,277,11,6,0,8,21,3,262,24,32,17,32,5,35,24,64,1,15,25,41
2005,Yuba County,May,694,19,11,5,16,12,2,699,262,8,13,1,8,16,0,260,35,30,22,24,2,28,24,54,6,24,27,57
2005,Yuba County,June,699,17,6,1,16,21,5,681,260,7,11,0,11,21,3,243,24,42,18,35,8,42,27,77,1,17,24,42
2005,Yuba County,July,681,11,8,2,14,24,3,661,243,6,9,1,8,11,2,238,21,41,16,21,5,35,22,62,3,17,17,37
2005,Yuba County,August,661,35,9,1,9,2,3,692,238,22,9,2,3,5,3,260,45,14,33,11,6,7,12,25,3,18,57,78
2005,Yuba County,September,692,23,4,4,8,3,5,707,260,23,6,2,4,15,6,266,31,16,31,25,11,18,12,41,6,10,46,62
2005,Yuba County,October,707,35,13,2,10,2,9,736,266,11,9,3,7,8,1,273,50,21,23,16,10,10,17,37,5,22,46,73
2005,Yuba County,November,736,22,6,4,5,0,3,760,273,12,3,0,6,4,0,278,32,8,15,10,3,4,11,18,4,9,34,47
2005,Yuba County,December,760,17,5,3,2,4,6,773,278,5,3,5,2,8,0,281,25,12,13,10,6,12,4,22,8,8,22,38
2006,Alameda County,January,15671,281,137,0,180,119,137,15653,1412,50,4,5,20,7,23,1421,418,436,59,50,160,126,200,486,5,141,331,477
2006,Alameda County,February,15653,263,125,0,166,119,131,15625,1421,34,5,0,26,26,24,1384,388,416,39,76,155,145,192,492,0,130,297,427
2006,Alameda County,March,15625,289,191,0,227,106,243,15529,1384,61,3,0,40,25,81,1302,480,576,64,146,324,131,267,722,0,194,350,544
2006,Alameda County,April,15529,232,102,0,180,77,132,15474,1302,51,0,1,25,4,7,1318,334,389,52,36,139,81,205,425,1,102,283,386
2006,Alameda County,May,15474,350,172,0,223,113,197,15463,1318,49,2,6,20,31,21,1303,522,533,57,72,218,144,243,605,6,174,399,579
2006,Alameda County,June,15463,260,113,0,156,88,55,15537,1303,83,9,0,18,29,31,1317,373,299,92,78,86,117,174,377,0,122,343,465
2006,Alameda County,July,15537,273,204,0,178,123,192,15521,1317,53,8,5,31,21,33,1298,477,493,66,85,225,144,209,578,5,212,326,543
2006,Alameda County,August,15521,286,161,0,179,127,129,15533,1298,98,6,0,19,21,52,1310,447,435,104,92,181,148,198,527,0,167,384,551
2006,Alameda County,September,15533,255,141,0,177,92,63,15597,1310,85,6,0,8,30,36,1327,396,332,91,74,99,122,185,406,0,147,340,487
2006,Alameda County,October,15597,330,121,0,210,112,136,15590,1327,56,6,0,6,23,16,1344,451,458,62,45,152,135,216,503,0,127,386,513
2006,Alameda County,November,15590,263,125,0,170,92,132,15584,1344,102,4,0,6,22,81,1341,388,394,106,109,213,114,176,503,0,129,365,494
2006,Alameda County,December,15584,250,127,0,177,109,103,15572,1341,54,5,0,12,19,14,1355,377,389,59,45,117,128,189,434,0,132,304,436
2006,Alpine County,January,22,0,1,0,0,2,1,20,43,1,3,0,2,2,3,40,1,3,4,7,4,4,2,10,0,4,1,5
2006,Alpine County,February,20,1,0,0,0,1,0,20,40,0,1,0,1,1,0,39,1,1,1,2,0,2,1,3,0,1,1,2
2006,Alpine County,March,20,0,0,0,0,2,0,18,39,2,0,0,0,1,0,40,0,2,2,1,0,3,0,3,0,0,2,2
2006,Alpine County,April,18,1,0,0,0,1,0,18,40,1,0,0,0,3,1,37,1,1,1,4,1,4,0,5,0,0,2,2
2006,Alpine County,May,18,0,3,0,1,1,0,19,37,1,1,0,0,1,0,38,3,2,2,1,0,2,1,3,0,4,1,5
2006,Alpine County,June,19,1,0,0,0,0,0,20,37,2,0,0,0,1,1,37,1,0,2,2,1,1,0,2,0,0,3,3
2006,Alpine County,July,20,0,0,0,1,0,1,18,37,0,1,0,1,2,0,35,0,2,1,3,1,2,2,5,0,1,0,1
2006,Alpine County,August,18,1,0,0,0,0,0,19,35,0,1,0,1,1,2,32,1,0,1,4,2,1,1,4,0,1,1,2
2006,Alpine County,September,19,0,1,0,1,1,0,18,32,0,0,0,1,0,0,31,1,2,0,1,0,1,2,3,0,1,0,1
2006,Alpine County,October,18,0,2,0,0,1,0,19,31,0,1,0,1,0,0,31,2,1,1,1,0,1,1,2,0,3,0,3
2006,Alpine County,November,19,0,0,0,0,0,0,19,31,0,1,0,0,1,1,30,0,0,1,2,1,1,0,2,0,1,0,1
2006,Alpine County,December,19,0,0,0,1,1,0,17,30,0,1,0,0,1,0,30,0,2,1,1,0,2,1,3,0,1,0,1
2006,Amador County,January,387,21,14,0,14,21,0,387,704,19,4,0,33,7,0,687,35,35,23,40,0,28,47,75,0,18,40,58
2006,Amador County,February,387,13,10,0,15,9,0,386,687,17,6,0,25,14,0,671,23,24,23,39,0,23,40,63,0,16,30,46
2006,Amador County,March,386,16,10,0,12,17,0,383,671,19,5,0,18,11,0,666,26,29,24,29,0,28,30,58,0,15,35,50
2006,Amador County,April,383,29,13,0,16,22,0,387,666,41,5,0,30,6,0,676,42,38,46,36,0,28,46,74,0,18,70,88
2006,Amador County,May,387,17,16,0,14,12,0,394,676,28,5,0,2,5,0,702,33,26,33,7,0,17,16,33,0,21,45,66
2006,Amador County,June,394,20,11,0,15,16,0,394,702,44,3,0,35,6,0,708,31,31,47,41,0,22,50,72,0,14,64,78
2006,Amador County,July,394,17,8,0,15,16,0,388,708,39,1,0,25,15,0,708,25,31,40,40,0,31,40,71,0,9,56,65
2006,Amador County,August,388,17,8,0,15,16,0,382,708,27,6,0,27,6,0,708,25,31,33,33,0,22,42,64,0,14,44,58
2006,Amador County,September,382,18,17,0,12,16,0,389,708,52,6,0,27,11,0,728,35,28,58,38,0,27,39,66,0,23,70,93
2006,Amador County,October,389,14,12,0,10,18,0,387,728,51,2,0,22,9,0,750,26,28,53,31,0,27,32,59,0,14,65,79
2006,Amador County,November,387,19,13,0,20,20,0,379,750,44,5,0,27,3,0,769,32,40,49,30,0,23,47,70,0,18,63,81
2006,Amador County,December,379,15,10,0,17,15,0,372,769,30,11,0,30,8,0,772,25,32,41,38,0,23,47,70,0,21,45,66
2006,Butte County,January,1339,33,7,0,16,20,2,1341,681,16,2,0,6,13,0,680,40,38,18,19,2,33,22,57,0,9,49,58
2006,Butte County,February,1341,32,16,1,8,49,1,1332,680,11,6,0,2,17,0,678,49,58,17,19,1,66,10,77,1,22,43,66
2006,Butte County,March,1332,55,17,3,27,60,0,1320,678,16,1,0,2,12,0,681,75,87,17,14,0,72,29,101,3,18,71,92
2006,Butte County,April,1320,38,9,1,28,31,1,1308,681,12,6,0,0,17,0,682,48,60,18,17,1,48,28,77,1,15,50,66
2006,Butte County,May,1308,53,13,0,21,59,2,1292,682,16,8,0,4,12,0,690,66,82,24,16,2,71,25,98,0,21,69,90
2006,Butte County,June,1292,50,18,4,25,52,0,1287,690,9,2,0,1,22,0,678,72,77,11,23,0,74,26,100,4,20,59,83
2006,Butte County,July,1287,31,19,0,25,45,2,1265,678,13,4,0,1,30,0,664,50,72,17,31,2,75,26,103,0,23,44,67
2006,Butte County,August,1265,45,14,0,24,51,0,1249,664,20,2,0,4,16,1,665,59,75,22,21,1,67,28,96,0,16,65,81
2006,Butte County,September,1249,32,21,2,20,42,0,1242,665,14,3,0,2,10,1,669,55,62,17,13,1,52,22,75,2,24,46,72
2006,Butte County,October,1242,36,18,0,18,42,0,1236,669,9,6,0,0,10,0,674,54,60,15,10,0,52,18,70,0,24,45,69
2006,Butte County,November,1236,50,19,3,32,40,0,1236,674,13,1,0,7,5,1,675,72,72,14,13,1,45,39,85,3,20,63,86
2006,Butte County,December,1236,32,10,3,20,35,0,1226,675,20,1,0,4,8,0,684,45,55,21,12,0,43,24,67,3,11,52,66
2006,Calaveras County,January,287,4,4,3,9,10,10,269,161,5,4,0,3,6,2,159,11,29,9,11,12,16,12,40,3,8,9,20
2006,Calaveras County,February,269,10,2,1,5,9,3,265,159,7,1,0,7,5,1,154,13,17,8,13,4,14,12,30,1,3,17,21
2006,Calaveras County,March,265,8,3,2,4,12,4,258,154,9,4,0,7,8,2,150,13,20,13,17,6,20,11,37,2,7,17,26
2006,Calaveras County,April,258,6,6,2,7,4,0,261,150,10,1,0,6,4,0,151,14,11,11,10,0,8,13,21,2,7,16,25
2006,Calaveras County,May,260,9,7,5,8,5,2,266,151,5,10,2,2,0,0,166,21,15,17,2,2,5,10,17,7,17,14,38
2006,Calaveras County,June,266,11,8,3,5,4,3,276,166,10,1,1,6,1,4,167,22,12,12,11,7,5,11,23,4,9,21,34
2006,Calaveras County,July,276,5,2,0,5,4,7,267,167,12,1,0,5,9,3,163,7,16,13,17,10,13,10,33,0,3,17,20
2006,Calaveras County,August,267,5,1,2,7,3,1,264,163,5,1,1,3,1,3,163,8,11,7,7,4,4,10,18,3,2,10,15
2006,Calaveras County,September,264,7,1,1,5,3,0,265,163,9,3,0,7,11,0,157,9,8,12,18,0,14,12,26,1,4,16,21
2006,Calaveras County,October,265,10,2,4,5,3,0,273,157,5,1,1,5,4,0,155,16,8,7,9,0,7,10,17,5,3,15,23
2006,Calaveras County,November,273,10,2,4,5,3,0,281,155,5,1,1,5,4,0,153,16,8,7,9,0,7,10,17,5,3,15,23
2006,Calaveras County,December,281,7,3,6,4,1,0,292,153,7,0,0,4,1,0,155,16,5,7,5,0,2,8,10,6,3,14,23
2006,Colusa County,January,169,6,1,0,3,13,0,160,233,6,0,0,4,12,0,223,7,16,6,16,0,25,7,32,0,1,12,13
2006,Colusa County,February,160,5,4,0,4,13,0,152,223,3,0,0,1,7,0,218,9,17,3,8,0,20,5,25,0,4,8,12
2006,Colusa County,March,152,9,0,0,3,6,0,152,218,7,0,0,5,11,0,209,9,9,7,16,0,17,8,25,0,0,16,16
2006,Colusa County,April,152,5,1,0,3,6,0,149,209,1,1,0,10,4,0,197,6,9,2,14,0,10,13,23,0,2,6,8
2006,Colusa County,May,149,5,0,0,9,5,0,140,197,8,1,0,5,7,0,194,5,14,9,12,0,12,14,26,0,1,13,14
2006,Colusa County,June,140,5,7,0,3,9,0,140,194,4,3,0,1,7,0,193,12,12,7,8,0,16,4,20,0,10,9,19
2006,Colusa County,July,140,8,2,0,1,11,0,138,193,3,2,0,0,4,0,194,10,12,5,4,0,15,1,16,0,4,11,15
2006,Colusa County,August,138,7,9,0,0,14,0,140,194,0,3,0,0,4,0,193,16,14,3,4,0,18,0,18,0,12,7,19
2006,Colusa County,September,140,3,3,0,7,10,0,129,193,4,0,0,1,4,0,192,6,17,4,5,0,14,8,22,0,3,7,10
2006,Colusa County,October,129,3,5,0,14,2,0,121,192,3,5,0,10,6,0,184,8,16,8,16,0,8,24,32,0,10,6,16
2006,Colusa County,November,121,9,4,0,5,10,0,119,184,10,4,0,1,9,0,188,13,15,14,10,0,19,6,25,0,8,19,27
2006,Colusa County,December,119,6,7,0,7,11,0,114,188,5,3,0,3,3,0,190,13,18,8,6,0,14,10,24,0,10,11,21
2006,Contra Costa County,January,2804,149,61,16,86,129,25,2790,0,0,0,0,0,0,0,0,226,240,0,0,25,129,86,240,16,61,149,226
2006,Contra Costa County,February,2790,106,78,7,58,67,17,2839,0,0,0,0,0,0,0,0,191,142,0,0,17,67,58,142,7,78,106,191
2006,Contra Costa County,March,2839,165,77,12,55,100,23,2915,0,0,0,0,0,0,0,0,254,178,0,0,23,100,55,178,12,77,165,254
2006,Contra Costa County,April,2915,136,34,14,107,85,28,2879,0,0,0,0,0,0,0,0,184,220,0,0,28,85,107,220,14,34,136,184
2006,Contra Costa County,May,2879,157,70,9,78,81,11,2945,0,0,0,0,0,0,0,0,236,170,0,0,11,81,78,170,9,70,157,236
2006,Contra Costa County,June,2945,156,74,10,72,108,11,2994,0,0,0,0,0,0,0,0,240,191,0,0,11,108,72,191,10,74,156,240
2006,Contra Costa County,July,2994,138,74,11,121,106,31,2959,0,0,0,0,0,0,0,0,223,258,0,0,31,106,121,258,11,74,138,223
2006,Contra Costa County,August,2959,143,79,4,81,105,10,2989,0,0,0,0,0,0,0,0,226,196,0,0,10,105,81,196,4,79,143,226
2006,Contra Costa County,September,2989,141,63,17,66,115,9,3020,0,0,0,0,0,0,0,0,221,190,0,0,9,115,66,190,17,63,141,221
2006,Contra Costa County,October,3020,153,95,4,84,104,20,3064,0,0,0,0,0,0,0,0,252,208,0,0,20,104,84,208,4,95,153,252
2006,Contra Costa County,November,3064,142,71,12,50,76,12,3151,0,0,0,0,0,0,0,0,225,138,0,0,12,76,50,138,12,71,142,225
2006,Contra Costa County,December,3151,82,55,0,84,122,24,3058,0,0,0,0,0,0,0,0,137,230,0,0,24,122,84,230,0,55,82,137
2006,Del Norte County,January,246,6,0,0,0,0,0,252,43,4,0,0,4,3,0,40,6,0,4,7,0,3,4,7,0,0,10,10
2006,Del Norte County,February,252,4,1,0,5,9,0,243,40,4,0,0,4,1,0,39,5,14,4,5,0,10,9,19,0,1,8,9
2006,Del Norte County,March,243,3,0,0,2,0,0,244,39,3,0,0,2,0,0,40,3,2,3,2,0,0,4,4,0,0,6,6
2006,Del Norte County,April,244,8,0,0,3,0,0,249,40,4,0,0,0,0,0,44,8,3,4,0,0,0,3,3,0,0,12,12
2006,Del Norte County,May,249,10,0,0,8,0,0,251,44,9,0,0,2,0,0,51,10,8,9,2,0,0,10,10,0,0,19,19
2006,Del Norte County,June,251,6,0,0,9,0,0,248,51,3,0,0,1,0,0,53,6,9,3,1,0,0,10,10,0,0,9,9
2006,Del Norte County,July,248,8,0,0,2,0,0,254,53,1,0,0,3,0,0,51,8,2,1,3,0,0,5,5,0,0,9,9
2006,Del Norte County,August,254,6,0,0,6,0,0,254,51,1,0,0,4,0,0,48,6,6,1,4,0,0,10,10,0,0,7,7
2006,Del Norte County,September,254,10,0,0,1,0,0,263,48,1,0,0,1,0,0,48,10,1,1,1,0,0,2,2,0,0,11,11
2006,Del Norte County,October,263,7,0,0,3,0,0,267,48,4,0,0,0,0,0,52,7,3,4,0,0,0,3,3,0,0,11,11
2006,Del Norte County,November,267,2,0,0,4,0,0,265,52,12,0,0,2,0,0,62,2,4,12,2,0,0,6,6,0,0,14,14
2006,Del Norte County,December,265,6,0,0,5,0,0,266,62,3,0,0,2,0,0,63,6,5,3,2,0,0,7,7,0,0,9,9
2006,El Dorado County,January,1716,37,19,13,30,26,12,1717,262,21,6,3,32,5,1,254,69,68,30,38,13,31,62,106,16,25,58,99
2006,El Dorado County,February,1717,40,5,23,23,27,11,1724,254,23,0,4,31,7,1,242,68,61,27,39,12,34,54,100,27,5,63,95
2006,El Dorado County,March,1724,60,13,33,66,40,11,1713,242,32,2,2,21,7,2,248,106,117,36,30,13,47,87,147,35,15,92,142
2006,El Dorado County,April,1713,34,10,176,70,28,163,1672,248,14,1,5,14,3,2,249,220,261,20,19,165,31,84,280,181,11,48,240
2006,El Dorado County,May,1672,36,6,7,49,42,6,1624,249,22,2,0,27,5,1,240,49,97,24,33,7,47,76,130,7,8,58,73
2006,El Dorado County,June,1624,40,12,5,44,28,5,1604,240,25,3,0,28,1,1,238,57,77,28,30,6,29,72,107,5,15,65,85
2006,El Dorado County,July,1604,41,4,30,35,37,30,1577,238,16,4,3,22,8,0,231,75,102,23,30,30,45,57,132,33,8,57,98
2006,El Dorado County,August,1577,45,7,17,31,37,20,1558,231,23,0,1,17,9,4,225,69,88,24,30,24,46,48,118,18,7,68,93
2006,El Dorado County,September,1558,52,22,9,48,35,39,1519,225,22,6,4,21,2,10,224,83,122,32,33,49,37,69,155,13,28,74,115
2006,El Dorado County,October,1519,39,20,8,45,25,7,1509,224,19,8,0,60,1,1,189,67,77,27,62,8,26,105,139,8,28,58,94
2006,El Dorado County,November,1509,47,24,6,27,30,17,1512,189,21,4,0,17,3,1,193,77,74,25,21,18,33,44,95,6,28,68,102
2006,El Dorado County,December,1512,63,16,6,49,22,32,1494,193,13,2,0,22,2,0,184,85,103,15,24,32,24,71,127,6,18,76,100
2006,Fresno County,January,7580,302,286,0,232,357,5,7574,2227,74,83,0,77,94,0,2213,588,594,157,171,5,451,309,765,0,369,376,745
2006,Fresno County,February,7574,257,286,0,148,301,1,7667,2213,111,86,1,62,102,0,2247,543,450,198,164,1,403,210,614,1,372,368,741
2006,Fresno County,March,7667,381,281,0,189,392,5,7743,2247,86,114,1,80,127,0,2241,662,586,201,207,5,519,269,793,1,395,467,863
2006,Fresno County,April,7743,265,226,0,170,410,4,7650,2241,93,66,4,39,66,0,2299,491,584,163,105,4,476,209,689,4,292,358,654
2006,Fresno County,May,7650,282,229,0,294,363,4,7500,2299,93,153,1,281,101,0,2164,511,661,247,382,4,464,575,1043,1,382,375,758
2006,Fresno County,June,7500,340,267,0,163,486,5,7453,2164,102,122,1,69,172,0,2148,607,654,225,241,5,658,232,895,1,389,442,832
2006,Fresno County,July,7453,265,322,0,172,363,1,7504,2148,59,101,1,95,103,0,2111,587,536,161,198,1,466,267,734,1,423,324,748
2006,Fresno County,August,7504,289,370,0,271,459,4,7429,2111,95,99,0,46,112,1,2146,659,734,194,159,5,571,317,893,0,469,384,853
2006,Fresno County,September,7429,256,225,0,181,404,0,7325,2146,85,82,1,88,94,1,2131,481,585,168,183,1,498,269,768,1,307,341,649
2006,Fresno County,October,7325,276,231,5,123,393,2,7319,2131,58,35,0,36,27,0,2161,512,518,93,63,2,420,159,581,5,266,334,605
2006,Fresno County,November,7319,287,212,3,142,398,1,7280,2161,66,51,1,67,46,0,2166,502,541,118,113,1,444,209,654,4,263,353,620
2006,Fresno County,December,7280,287,232,4,53,409,0,7341,2166,118,49,0,70,26,1,2236,523,462,167,97,1,435,123,559,4,281,405,690
2006,Glenn County,January,774,14,5,0,2,0,6,785,439,3,2,0,0,0,0,444,19,8,5,0,6,0,2,8,0,7,17,24
2006,Glenn County,February,785,6,0,0,0,0,1,790,444,4,0,0,1,0,0,447,6,1,4,1,1,0,1,2,0,0,10,10
2006,Glenn County,March,790,11,2,0,0,0,3,800,447,6,0,0,0,0,0,453,13,3,6,0,3,0,0,3,0,2,17,19
2006,Glenn County,April,800,8,5,0,1,0,3,809,453,0,4,0,0,0,0,457,13,4,4,0,3,0,1,4,0,9,8,17
2006,Glenn County,May,809,3,2,0,1,0,6,807,457,2,3,0,0,0,0,462,5,7,5,0,6,0,1,7,0,5,5,10
2006,Glenn County,June,807,3,2,0,0,0,9,803,462,4,2,0,0,0,0,468,5,9,6,0,9,0,0,9,0,4,7,11
2006,Glenn County,July,803,5,2,0,0,0,2,808,468,4,2,0,0,0,0,474,7,2,6,0,2,0,0,2,0,4,9,13
2006,Glenn County,August,808,5,4,0,1,0,2,814,474,7,3,0,0,0,0,484,9,3,10,0,2,0,1,3,0,7,12,19
2006,Glenn County,September,814,5,2,0,2,0,2,817,484,4,4,0,3,0,0,489,7,4,8,3,2,0,5,7,0,6,9,15
2006,Glenn County,October,817,5,4,0,1,0,2,823,489,6,6,0,2,4,0,495,9,3,12,6,2,4,3,9,0,10,11,21
2006,Glenn County,November,823,6,3,0,0,0,4,828,495,7,4,0,0,0,0,506,9,4,11,0,4,0,0,4,0,7,13,20
2006,Glenn County,December,828,9,2,0,0,0,6,833,506,9,5,0,0,2,0,518,11,6,14,2,6,2,0,8,0,7,18,25
2006,Humboldt County,January,1546,41,0,1,34,9,4,1541,37,0,0,0,0,0,0,37,42,47,0,0,4,9,34,47,1,0,41,42
2006,Humboldt County,February,1541,24,0,3,18,14,1,1535,37,0,0,0,0,0,0,37,27,33,0,0,1,14,18,33,3,0,24,27
2006,Humboldt County,March,1535,43,0,2,23,14,8,1535,37,0,0,0,0,0,0,37,45,45,0,0,8,14,23,45,2,0,43,45
2006,Humboldt County,April,1535,42,0,0,38,4,3,1532,37,0,0,0,1,0,0,36,42,45,0,1,3,4,39,46,0,0,42,42
2006,Humboldt County,May,1532,26,0,1,76,12,0,1471,36,0,0,0,0,0,0,36,27,88,0,0,0,12,76,88,1,0,26,27
2006,Humboldt County,June,1471,21,0,4,41,6,3,1446,36,1,0,1,0,0,0,38,25,50,2,0,3,6,41,50,5,0,22,27
2006,Humboldt County,July,1446,28,0,0,18,8,0,1448,38,0,0,0,1,0,0,37,28,26,0,1,0,8,19,27,0,0,28,28
2006,Humboldt County,August,1448,36,0,1,50,13,11,1411,37,1,0,0,0,0,0,38,37,74,1,0,11,13,50,74,1,0,37,38
2006,Humboldt County,September,1411,26,0,6,32,14,1,1396,38,1,0,0,1,0,0,38,32,47,1,1,1,14,33,48,6,0,27,33
2006,Humboldt County,October,1396,35,0,2,18,15,2,1398,38,0,0,0,0,0,0,38,37,35,0,0,2,15,18,35,2,0,35,37
2006,Humboldt County,November,1398,32,0,1,42,10,1,1378,38,0,0,0,0,0,0,38,33,53,0,0,1,10,42,53,1,0,32,33
2006,Humboldt County,December,1378,46,0,6,62,8,0,1360,38,0,0,0,0,0,0,38,52,70,0,0,0,8,62,70,6,0,46,52
2006,Imperial County,January,418,22,22,0,80,12,0,370,74,5,0,0,2,0,0,77,44,92,5,2,0,12,82,94,0,22,27,49
2006,Imperial County,February,370,49,4,0,89,11,0,323,77,21,0,0,16,0,0,82,53,100,21,16,0,11,105,116,0,4,70,74
2006,Imperial County,March,323,27,13,0,62,9,0,292,82,20,0,0,10,0,0,92,40,71,20,10,0,9,72,81,0,13,47,60
2006,Imperial County,April,292,42,4,0,63,4,0,271,92,12,0,0,2,0,0,102,46,67,12,2,0,4,65,69,0,4,54,58
2006,Imperial County,May,271,33,3,0,61,0,0,246,102,6,0,0,0,0,0,108,36,61,6,0,0,0,61,61,0,3,39,42
2006,Imperial County,June,246,61,14,0,72,11,0,238,108,2,0,0,4,0,0,106,75,83,2,4,0,11,76,87,0,14,63,77
2006,Imperial County,July,238,56,14,0,76,13,0,219,106,3,0,0,1,0,0,108,70,89,3,1,0,13,77,90,0,14,59,73
2006,Imperial County,August,219,40,19,0,47,15,0,216,108,10,0,0,7,0,0,111,59,62,10,7,0,15,54,69,0,19,50,69
2006,Imperial County,September,216,20,24,0,118,17,0,125,111,1,0,0,7,0,0,105,44,135,1,7,0,17,125,142,0,24,21,45
2006,Imperial County,October,125,22,20,0,91,16,0,60,105,1,0,0,7,0,0,99,42,107,1,7,0,16,98,114,0,20,23,43
2006,Imperial County,November,60,27,8,0,36,12,0,47,99,3,0,0,4,0,0,98,35,48,3,4,0,12,40,52,0,8,30,38
2006,Imperial County,December,47,12,13,0,15,14,0,43,98,0,0,0,1,0,0,97,25,29,0,1,0,14,16,30,0,13,12,25
2006,Inyo County,January,521,9,7,0,5,14,0,518,742,7,10,0,5,10,0,744,16,19,17,15,0,24,10,34,0,17,16,33
2006,Inyo County,February,518,9,12,0,3,6,0,530,744,12,13,0,0,3,0,766,21,9,25,3,0,9,3,12,0,25,21,46
2006,Inyo County,March,530,6,9,0,4,4,0,537,766,12,11,0,12,8,0,769,15,8,23,20,0,12,16,28,0,20,18,38
2006,Inyo County,April,537,7,7,2,2,4,0,547,769,17,16,0,4,5,0,793,16,6,33,9,0,9,6,15,2,23,24,49
2006,Inyo County,May,547,18,11,2,0,7,0,571,793,13,8,0,5,9,0,800,31,7,21,14,0,16,5,21,2,19,31,52
2006,Inyo County,June,571,13,10,0,3,11,0,580,800,12,13,0,0,5,0,820,23,14,25,5,0,16,3,19,0,23,25,48
2006,Inyo County,July,580,2,2,1,0,9,1,575,820,11,5,0,7,7,0,822,5,10,16,14,1,16,7,24,1,7,13,21
2006,Inyo County,August,575,8,5,0,2,3,0,583,822,16,4,0,11,15,0,816,13,5,20,26,0,18,13,31,0,9,24,33
2006,Inyo County,September,583,8,6,0,4,1,0,592,816,17,11,0,7,6,0,831,14,5,28,13,0,7,11,18,0,17,25,42
2006,Inyo County,October,592,5,9,1,7,3,0,597,831,9,7,0,11,8,0,828,15,10,16,19,0,11,18,29,1,16,14,31
2006,Inyo County,November,597,6,10,0,11,2,2,598,828,10,12,0,2,8,0,840,16,15,22,10,2,10,13,25,0,22,16,38
2006,Inyo County,December,598,9,5,2,3,1,2,608,840,14,7,0,11,2,0,848,16,6,21,13,2,3,14,19,2,12,23,37
2006,Kern County,January,7188,162,0,0,170,84,0,7096,863,23,0,0,8,3,0,875,162,254,23,11,0,87,178,265,0,0,185,185
2006,Kern County,February,7067,235,71,0,110,122,0,7141,894,20,0,0,14,25,0,875,306,232,20,39,0,147,124,271,0,71,255,326
2006,Kern County,March,7141,231,0,0,147,70,0,7155,875,42,0,0,11,11,0,896,231,217,42,22,0,81,158,239,0,0,273,273
2006,Kern County,April,7155,169,0,0,72,102,0,7150,896,42,0,0,6,5,0,927,169,174,42,11,0,107,78,185,0,0,211,211
2006,Kern County,May,7150,252,0,0,80,102,0,7220,927,21,0,0,14,13,0,911,252,182,21,27,0,115,94,209,0,0,273,273
2006,Kern County,June,7220,228,0,0,141,82,0,7225,911,19,0,0,14,11,0,905,228,223,19,25,0,93,155,248,0,0,247,247
2006,Kern County,July,7225,231,0,0,196,77,0,7183,905,25,0,0,5,10,0,915,231,273,25,15,0,87,201,288,0,0,256,256
2006,Kern County,August,7183,268,0,0,136,91,0,7224,915,10,0,0,30,44,0,851,268,227,10,74,0,135,166,301,0,0,278,278
2006,Kern County,September,7224,208,0,0,100,132,0,7200,851,38,0,0,3,3,0,883,208,232,38,6,0,135,103,238,0,0,246,246
2006,Kern County,October,7200,331,0,0,212,89,0,7230,883,25,0,0,21,17,0,870,331,301,25,38,0,106,233,339,0,0,356,356
2006,Kern County,November,7230,270,0,0,115,166,0,7219,870,15,0,0,25,35,0,825,270,281,15,60,0,201,140,341,0,0,285,285
2006,Kern County,December,7219,238,0,0,95,139,0,7223,825,45,0,0,5,12,0,853,238,234,45,17,0,151,100,251,0,0,283,283
2006,Kings County,January,713,33,23,4,20,32,1,720,3686,131,57,1,17,96,0,3762,60,53,189,113,1,128,37,166,5,80,164,249
2006,Kings County,February,720,31,15,3,17,17,6,729,3762,88,54,0,9,52,0,3843,49,40,142,61,6,69,26,101,3,69,119,191
2006,Kings County,March,729,34,17,4,7,29,8,740,3843,112,52,0,11,69,1,3926,55,44,164,81,9,98,18,125,4,69,146,219
2006,Kings County,April,740,27,12,5,11,17,14,742,3926,83,30,0,11,60,3,3965,44,42,113,74,17,77,22,116,5,42,110,157
2006,Kings County,May,742,35,9,4,7,19,17,747,3965,87,49,1,19,88,3,3992,48,43,137,110,20,107,26,153,5,58,122,185
2006,Kings County,June,747,39,5,7,11,9,8,770,3992,106,33,2,18,68,1,4046,51,28,141,87,9,77,29,115,9,38,145,192
2006,Kings County,July,770,42,7,4,8,10,8,797,4046,96,37,8,13,71,0,4103,53,26,141,84,8,81,21,110,12,44,138,194
2006,Kings County,August,797,47,9,1,6,28,23,797,4103,102,34,0,20,79,1,4139,57,57,136,100,24,107,26,157,1,43,149,193
2006,Kings County,September,797,22,5,6,13,5,8,804,4139,75,41,5,28,37,0,4195,33,26,121,65,8,42,41,91,11,46,97,154
2006,Kings County,October,804,30,16,1,14,24,9,804,4195,99,42,2,21,89,0,4228,47,47,143,110,9,113,35,157,3,58,129,190
2006,Kings County,November,804,30,7,7,13,16,9,810,4228,80,23,7,15,72,0,4251,44,38,110,87,9,88,28,125,14,30,110,154
2006,Kings County,December,810,33,10,7,8,14,3,835,4251,55,14,3,20,20,0,4283,50,25,72,40,3,34,28,65,10,24,88,122
2006,Lake County,January,509,22,6,0,4,8,0,525,31,0,0,0,0,0,0,31,28,12,0,0,0,8,4,12,0,6,22,28
2006,Lake County,February,525,11,4,0,8,31,0,501,31,0,0,0,0,0,0,31,15,39,0,0,0,31,8,39,0,4,11,15
2006,Lake County,March,501,11,5,0,8,15,0,494,31,0,0,0,0,0,0,31,16,23,0,0,0,15,8,23,0,5,11,16
2006,Lake County,April,494,11,9,0,5,0,0,509,31,0,0,0,0,0,0,31,20,5,0,0,0,0,5,5,0,9,11,20
2006,Lake County,May,509,15,5,0,7,9,0,513,31,0,0,0,0,0,0,31,20,16,0,0,0,9,7,16,0,5,15,20
2006,Lake County,June,513,28,13,0,10,20,0,524,31,0,0,0,0,0,0,31,41,30,0,0,0,20,10,30,0,13,28,41
2006,Lake County,July,524,32,8,0,15,20,0,529,31,0,0,0,0,0,0,31,40,35,0,0,0,20,15,35,0,8,32,40
2006,Lake County,August,529,23,6,0,7,20,0,531,31,0,0,0,0,0,0,31,29,27,0,0,0,20,7,27,0,6,23,29
2006,Lake County,September,531,14,7,0,15,4,0,533,31,0,0,0,0,0,0,31,21,19,0,0,0,4,15,19,0,7,14,21
2006,Lake County,October,533,9,9,0,10,5,0,536,31,0,0,0,0,0,0,31,18,15,0,0,0,5,10,15,0,9,9,18
2006,Lake County,November,536,19,11,0,3,2,0,561,31,0,0,0,0,0,0,31,30,5,0,0,0,2,3,5,0,11,19,30
2006,Lake County,December,561,8,3,0,1,0,0,571,31,0,0,0,0,0,0,31,11,1,0,0,0,0,1,1,0,3,8,11
2006,Lassen County,January,218,3,0,0,3,1,1,216,209,4,0,0,5,2,0,206,3,5,4,7,1,3,8,12,0,0,7,7
2006,Lassen County,February,216,4,0,0,5,0,0,215,206,1,0,0,2,0,0,205,4,5,1,2,0,0,7,7,0,0,5,5
2006,Lassen County,March,215,12,0,0,7,2,2,216,205,1,0,0,2,3,3,198,12,11,1,8,5,5,9,19,0,0,13,13
2006,Lassen County,April,216,7,0,0,3,6,6,208,198,0,0,0,5,7,5,181,7,15,0,17,11,13,8,32,0,0,7,7
2006,Lassen County,May,208,3,0,0,2,2,2,205,181,1,0,0,1,0,0,181,3,6,1,1,2,2,3,7,0,0,4,4
2006,Lassen County,June,205,8,0,0,2,0,0,211,181,1,0,0,0,0,0,182,8,2,1,0,0,0,2,2,0,0,9,9
2006,Lassen County,July,211,5,0,0,9,2,2,203,182,3,0,0,2,0,0,183,5,13,3,2,2,2,11,15,0,0,8,8
2006,Lassen County,August,203,8,0,0,3,0,1,207,183,6,0,0,4,0,0,185,8,4,6,4,1,0,7,8,0,0,14,14
2006,Lassen County,September,207,9,0,0,1,2,2,211,185,4,0,0,5,0,0,184,9,5,4,5,2,2,6,10,0,0,13,13
2006,Lassen County,October,211,11,0,0,9,1,1,211,184,4,0,0,6,2,2,178,11,11,4,10,3,3,15,21,0,0,15,15
2006,Lassen County,November,211,7,0,0,7,0,0,211,178,4,0,0,7,1,1,173,7,7,4,9,1,1,14,16,0,0,11,11
2006,Lassen County,December,211,3,0,0,4,2,2,206,173,3,0,0,4,0,0,172,3,8,3,4,2,2,8,12,0,0,6,6
2006,Los Angeles County,January,53439,1369,644,0,1019,1450,50,52933,8286,87,110,0,183,95,82,8123,2013,2519,197,360,132,1545,1202,2879,0,754,1456,2210
2006,Los Angeles County,February,53519,1145,559,0,934,1192,53,53044,8288,54,62,0,183,54,89,8078,1704,2179,116,326,142,1246,1117,2505,0,621,1199,1820
2006,Los Angeles County,March,53488,1469,727,0,1152,1350,62,53120,8144,62,93,0,258,84,106,7851,2196,2564,155,448,168,1434,1410,3012,0,820,1531,2351
2006,Los Angeles County,April,53811,1318,585,0,1025,1149,66,53474,7939,58,67,0,192,68,85,7719,1903,2240,125,345,151,1217,1217,2585,0,652,1376,2028
2006,Los Angeles County,May,53851,1434,643,0,931,1286,50,53661,7758,79,73,0,207,37,105,7561,2077,2267,152,349,155,1323,1138,2616,0,716,1513,2229
2006,Los Angeles County,June,54009,1429,629,0,958,1097,56,53956,7677,69,67,0,161,43,87,7522,2058,2111,136,291,143,1140,1119,2402,0,696,1498,2194
2006,Los Angeles County,July,54290,1249,583,0,895,1035,45,54147,7479,55,63,0,169,57,84,7287,1832,1975,118,310,129,1092,1064,2285,0,646,1304,1950
2006,Los Angeles County,August,54298,1453,643,0,882,1311,77,54124,7282,88,89,0,146,50,100,7163,2096,2270,177,296,177,1361,1028,2566,0,732,1541,2273
2006,Los Angeles County,September,54528,1376,544,0,970,1303,72,54103,7134,57,64,0,160,48,74,6973,1920,2345,121,282,146,1351,1130,2627,0,608,1433,2041
2006,Los Angeles County,October,54552,1280,555,0,914,1367,60,54046,7054,78,66,0,160,48,61,6929,1835,2341,144,269,121,1415,1074,2610,0,621,1358,1979
2006,Los Angeles County,November,54636,1172,500,0,846,1094,48,54320,7058,62,58,0,148,55,56,6919,1672,1988,120,259,104,1149,994,2247,0,558,1234,1792
2006,Los Angeles County,December,54786,1079,477,0,820,831,35,54656,6955,33,55,0,143,32,64,6804,1556,1686,88,239,99,863,963,1925,0,532,1112,1644
2006,Madera County,January,2838,40,47,0,19,70,0,2836,1180,17,6,0,15,24,0,1164,87,89,23,39,0,94,34,128,0,53,57,110
2006,Madera County,February,2836,47,54,0,74,72,0,2791,1164,16,11,0,3,20,0,1168,101,146,27,23,0,92,77,169,0,65,63,128
2006,Madera County,March,2791,57,93,0,8,106,0,2308,1168,21,10,0,3,17,0,793,150,114,31,20,0,123,11,134,0,103,78,181
2006,Madera County,April,2308,61,45,0,5,54,0,2355,793,19,4,0,2,14,0,800,106,59,23,16,0,68,7,75,0,49,80,129
2006,Madera County,May,2355,52,59,0,41,83,0,2342,800,23,5,0,16,12,0,800,111,124,28,28,0,95,57,152,0,64,75,139
2006,Madera County,June,2342,43,38,0,5,49,0,2369,800,28,7,0,7,8,0,820,81,54,35,15,0,57,12,69,0,45,71,116
2006,Madera County,July,2369,65,40,0,8,50,0,2416,820,31,9,0,4,22,0,834,105,58,40,26,0,72,12,84,0,49,96,145
2006,Madera County,August,2416,43,54,0,14,69,0,2430,834,21,5,0,15,13,0,832,97,83,26,28,0,82,29,111,0,59,64,123
2006,Madera County,September,2430,69,39,0,35,61,0,2442,832,24,9,0,26,30,0,809,108,96,33,56,0,91,61,152,0,48,93,141
2006,Madera County,October,2442,49,33,0,36,66,0,2422,809,21,9,0,22,23,0,794,82,102,30,45,0,89,58,147,0,42,70,112
2006,Madera County,November,2422,53,39,0,6,49,0,2459,794,14,9,0,0,11,0,806,92,55,23,11,0,60,6,66,0,48,67,115
2006,Madera County,December,2459,40,36,0,4,52,0,2479,806,25,9,0,0,19,0,821,76,56,34,19,0,71,4,75,0,45,65,110
2006,Marin County,January,1319,27,7,0,15,10,0,1328,1197,22,6,0,40,4,0,1181,34,25,28,44,0,14,55,69,0,13,49,62
2006,Marin County,February,1328,29,7,0,21,14,0,1329,1181,38,9,0,13,16,0,1199,36,35,47,29,0,30,34,64,0,16,67,83
2006,Marin County,March,1329,45,11,0,40,39,0,1306,1199,49,12,0,38,34,0,1188,56,79,61,72,0,73,78,151,0,23,94,117
2006,Marin County,April,1306,36,9,0,16,12,0,1323,1188,40,10,0,16,12,0,1210,45,28,50,28,0,24,32,56,0,19,76,95
2006,Marin County,May,1323,34,9,0,23,23,0,1320,1210,34,9,0,23,11,0,1219,43,46,43,34,0,34,46,80,0,18,68,86
2006,Marin County,June,1320,37,9,0,13,13,0,1340,1219,50,13,0,23,15,0,1244,46,26,63,38,0,28,36,64,0,22,87,109
2006,Marin County,July,1340,22,6,0,20,18,0,1330,1244,26,7,0,26,16,0,1235,28,38,33,42,0,34,46,80,0,13,48,61
2006,Marin County,August,1330,34,8,0,36,18,0,1318,1235,49,12,0,40,19,0,1237,42,54,61,59,0,37,76,113,0,20,83,103
2006,Marin County,September,1318,39,10,0,18,17,0,1263,1237,28,7,0,21,20,0,1322,49,35,35,41,0,37,39,76,0,17,67,84
2006,Marin County,October,1263,34,9,0,21,16,0,1269,1322,19,5,0,28,19,0,1299,43,37,24,47,0,35,49,84,0,14,53,67
2006,Marin County,November,1269,37,9,0,15,9,0,1291,1299,35,9,0,20,11,0,1312,46,24,44,31,0,20,35,55,0,18,72,90
2006,Marin County,December,1291,32,8,0,25,14,0,1292,1312,25,6,0,10,37,0,1296,40,39,31,47,0,51,35,86,0,14,57,71
2006,Mariposa County,January,72,3,8,0,4,6,0,73,277,15,9,0,4,16,0,281,11,10,24,20,0,22,8,30,0,17,18,35
2006,Mariposa County,February,73,3,0,0,3,4,0,69,281,8,3,0,12,17,0,263,3,7,11,29,0,21,15,36,0,3,11,14
2006,Mariposa County,March,69,0,4,0,2,4,0,67,263,5,11,0,3,14,0,262,4,6,16,17,0,18,5,23,0,15,5,20
2006,Mariposa County,April,67,3,3,0,8,4,2,59,262,4,14,0,2,12,0,266,6,14,18,14,2,16,10,28,0,17,7,24
2006,Mariposa County,May,138,0,0,0,0,0,0,138,261,0,0,0,0,0,0,261,0,0,0,0,0,0,0,0,0,0,0,0
2006,Mariposa County,June,138,2,1,0,0,2,0,139,261,8,8,0,1,18,0,258,3,2,16,19,0,20,1,21,0,9,10,19
2006,Mariposa County,July,139,4,1,0,0,3,0,141,258,4,5,0,0,1,0,266,5,3,9,1,0,4,0,4,0,6,8,14
2006,Mariposa County,August,141,16,5,0,5,4,2,151,266,0,1,0,4,3,0,260,21,11,1,7,2,7,9,18,0,6,16,22
2006,Mariposa County,September,151,3,0,0,1,1,0,152,260,9,1,0,2,4,0,264,3,2,10,6,0,5,3,8,0,1,12,13
2006,Mariposa County,October,152,5,2,0,1,4,0,154,264,12,4,0,3,9,0,268,7,5,16,12,0,13,4,17,0,6,17,23
2006,Mariposa County,November,154,2,0,0,3,3,0,150,268,12,1,0,6,3,0,272,2,6,13,9,0,6,9,15,0,1,14,15
2006,Mariposa County,December,150,3,1,0,4,8,1,141,272,9,3,0,6,15,0,263,4,13,12,21,1,23,10,34,0,4,12,16
2006,Mendocino County,January,1081,29,5,0,5,10,0,1100,161,0,2,0,7,1,0,155,34,15,2,8,0,11,12,23,0,7,29,36
2006,Mendocino County,February,1100,16,11,0,14,7,0,1106,155,0,4,0,2,0,0,157,27,21,4,2,0,7,16,23,0,15,16,31
2006,Mendocino County,March,1106,10,11,0,18,13,0,1096,157,9,1,0,2,5,0,160,21,31,10,7,0,18,20,38,0,12,19,31
2006,Mendocino County,April,1096,18,10,0,7,6,0,1111,160,0,3,0,1,1,0,161,28,13,3,2,0,7,8,15,0,13,18,31
2006,Mendocino County,May,1111,11,9,0,13,13,0,1105,161,0,2,0,4,2,0,157,20,26,2,6,0,15,17,32,0,11,11,22
2006,Mendocino County,June,1105,34,17,0,14,19,0,1123,157,0,0,0,2,2,0,153,51,33,0,4,0,21,16,37,0,17,34,51
2006,Mendocino County,July,1123,13,14,0,10,7,0,1133,153,0,8,0,3,0,0,158,27,17,8,3,0,7,13,20,0,22,13,35
2006,Mendocino County,August,1133,18,11,0,12,15,0,1135,158,0,8,0,5,1,0,160,29,27,8,6,0,16,17,33,0,19,18,37
2006,Mendocino County,September,1135,26,11,0,7,9,0,1156,160,1,1,0,2,0,0,160,37,16,2,2,0,9,9,18,0,12,27,39
2006,Mendocino County,October,1156,19,13,0,11,11,0,1166,160,0,0,0,1,2,0,157,32,22,0,3,0,13,12,25,0,13,19,32
2006,Mendocino County,November,1166,14,13,0,15,10,0,1168,157,0,0,0,2,0,0,155,27,25,0,2,0,10,17,27,0,13,14,27
2006,Mendocino County,December,1168,15,14,0,4,7,0,1186,155,0,0,0,1,2,0,152,29,11,0,3,0,9,5,14,0,14,15,29
2006,Merced County,January,3715,90,92,0,124,67,15,3691,0,0,0,0,0,0,0,0,182,206,0,0,15,67,124,206,0,92,90,182
2006,Merced County,February,3691,85,93,0,141,108,7,3613,0,0,0,0,0,0,0,0,178,256,0,0,7,108,141,256,0,93,85,178
2006,Merced County,March,3613,134,95,0,163,90,11,3578,0,0,0,0,0,0,0,0,229,264,0,0,11,90,163,264,0,95,134,229
2006,Merced County,April,3578,117,87,0,121,85,3,3573,0,0,0,0,0,0,0,0,204,209,0,0,3,85,121,209,0,87,117,204
2006,Merced County,May,3573,129,110,0,125,94,26,3567,0,0,0,0,0,0,0,0,239,245,0,0,26,94,125,245,0,110,129,239
2006,Merced County,June,3567,104,58,0,129,75,8,3517,0,0,0,0,0,0,0,0,162,212,0,0,8,75,129,212,0,58,104,162
2006,Merced County,July,3517,88,62,0,53,37,11,3566,0,0,0,0,0,0,0,0,150,101,0,0,11,37,53,101,0,62,88,150
2006,Merced County,August,3566,147,90,0,116,90,8,3589,0,0,0,0,0,0,0,0,237,214,0,0,8,90,116,214,0,90,147,237
2006,Merced County,September,3589,80,35,0,120,53,5,3526,0,0,0,0,0,0,0,0,115,178,0,0,5,53,120,178,0,35,80,115
2006,Merced County,October,3526,134,99,0,135,61,15,3548,0,0,0,0,0,0,0,0,233,211,0,0,15,61,135,211,0,99,134,233
2006,Merced County,November,3548,136,68,0,136,66,20,3530,0,0,0,0,0,0,0,0,204,222,0,0,20,66,136,222,0,68,136,204
2006,Merced County,December,3530,95,62,0,99,61,13,3514,0,0,0,0,0,0,0,0,157,173,0,0,13,61,99,173,0,62,95,157
2006,Modoc County,January,123,2,0,0,0,0,0,125,170,3,0,0,0,0,0,173,2,0,3,0,0,0,0,0,0,0,5,5
2006,Modoc County,February,125,3,2,0,1,0,0,129,173,2,1,0,3,0,0,173,5,1,3,3,0,0,4,4,0,3,5,8
2006,Modoc County,March,129,7,0,1,3,0,0,134,173,2,2,0,2,0,0,175,8,3,4,2,0,0,5,5,1,2,9,12
2006,Modoc County,April,134,2,0,0,1,0,0,135,175,0,0,0,1,0,0,174,2,1,0,1,0,0,2,2,0,0,2,2
2006,Modoc County,May,135,2,0,0,0,0,0,137,174,1,0,0,1,1,0,173,2,0,1,2,0,1,1,2,0,0,3,3
2006,Modoc County,June,137,4,0,0,1,1,0,139,173,2,0,0,1,0,0,174,4,2,2,1,0,1,2,3,0,0,6,6
2006,Modoc County,July,139,4,0,0,1,1,0,141,174,1,0,0,1,0,0,174,4,2,1,1,0,1,2,3,0,0,5,5
2006,Modoc County,August,141,4,1,0,2,0,0,144,174,3,0,0,4,0,0,173,5,2,3,4,0,0,6,6,0,1,7,8
2006,Modoc County,September,144,3,0,0,2,0,0,145,173,6,0,0,2,0,0,177,3,2,6,2,0,0,4,4,0,0,9,9
2006,Modoc County,October,145,2,0,0,3,0,0,144,177,3,0,0,2,0,0,178,2,3,3,2,0,0,5,5,0,0,5,5
2006,Modoc County,November,144,3,0,0,2,0,0,145,178,4,0,0,0,0,0,182,3,2,4,0,0,0,2,2,0,0,7,7
2006,Modoc County,December,145,1,0,0,3,0,0,143,182,3,0,0,0,0,0,185,1,3,3,0,0,0,3,3,0,0,4,4
2006,Mono County,January,140,9,0,0,1,0,0,148,114,4,0,0,1,0,0,117,9,1,4,1,0,0,2,2,0,0,13,13
2006,Mono County,February,148,7,0,0,0,0,0,155,117,1,0,0,2,0,0,116,7,0,1,2,0,0,2,2,0,0,8,8
2006,Mono County,March,155,3,0,0,6,0,0,152,116,2,0,0,2,0,0,116,3,6,2,2,0,0,8,8,0,0,5,5
2006,Mono County,April,152,2,0,0,0,0,0,154,116,0,0,0,1,0,0,115,2,0,0,1,0,0,1,1,0,0,2,2
2006,Mono County,May,154,8,0,0,0,0,0,162,115,0,0,0,0,0,0,115,8,0,0,0,0,0,0,0,0,0,8,8
2006,Mono County,June,162,0,0,0,9,0,0,153,115,0,0,0,1,0,0,114,0,9,0,1,0,0,10,10,0,0,0,0
2006,Mono County,July,153,3,0,0,0,0,0,156,114,0,0,0,0,0,0,114,3,0,0,0,0,0,0,0,0,0,3,3
2006,Mono County,August,156,0,0,0,12,0,0,144,114,0,0,0,11,0,0,103,0,12,0,11,0,0,23,23,0,0,0,0
2006,Mono County,September,144,4,0,0,0,0,0,148,103,0,0,0,3,0,0,100,4,0,0,3,0,0,3,3,0,0,4,4
2006,Mono County,October,148,0,0,0,6,0,0,142,100,0,0,0,1,0,0,99,0,6,0,1,0,0,7,7,0,0,0,0
2006,Mono County,November,142,4,0,0,3,1,0,142,99,0,0,0,3,0,0,96,4,4,0,3,0,1,6,7,0,0,4,4
2006,Mono County,December,142,0,0,0,0,0,0,142,96,0,0,0,0,0,0,96,0,0,0,0,0,0,0,0,0,0,0,0
2006,Monterey County,January,2963,0,0,0,0,0,66,2897,1883,0,0,0,0,0,216,1667,0,66,0,216,282,0,0,282,0,0,0,0
2006,Monterey County,February,2897,11,29,0,52,36,0,2849,1667,0,0,0,24,4,24,1615,40,88,0,52,24,40,76,140,0,29,11,40
2006,Monterey County,March,2849,106,44,0,61,57,0,2881,1615,0,3,0,17,15,9,1577,150,118,3,41,9,72,78,159,0,47,106,153
2006,Monterey County,April,2881,46,22,0,40,0,0,2909,1577,38,0,0,19,5,0,1591,68,40,38,24,0,5,59,64,0,22,84,106
2006,Monterey County,May,2909,61,21,0,28,15,0,2948,1591,44,1,0,15,2,0,1619,82,43,45,17,0,17,43,60,0,22,105,127
2006,Monterey County,June,2948,97,34,0,52,20,0,3007,1619,0,4,0,24,14,0,1585,131,72,4,38,0,34,76,110,0,38,97,135
2006,Monterey County,July,3007,59,15,0,36,39,0,3006,1585,28,5,0,13,12,0,1593,74,75,33,25,0,51,49,100,0,20,87,107
2006,Monterey County,August,3006,57,32,0,44,28,0,3023,1593,0,1,0,27,10,15,1542,89,72,1,52,15,38,71,124,0,33,57,90
2006,Monterey County,September,3023,12,19,0,27,14,0,3013,1542,24,4,0,12,3,0,1555,31,41,28,15,0,17,39,56,0,23,36,59
2006,Monterey County,October,3013,66,34,0,38,38,0,3037,1555,33,1,0,21,4,0,1564,100,76,34,25,0,42,59,101,0,35,99,134
2006,Monterey County,November,3037,55,10,0,22,4,0,3076,1564,5,2,0,7,13,0,1551,65,26,7,20,0,17,29,46,0,12,60,72
2006,Monterey County,December,3076,15,22,0,35,18,0,3060,1551,0,2,0,13,7,0,1533,37,53,2,20,0,25,48,73,0,24,15,39
2006,Napa County,January,1139,41,11,8,19,10,20,1150,1038,47,7,10,14,14,27,1047,60,49,64,55,47,24,33,104,18,18,88,124
2006,Napa County,February,1150,19,7,4,20,8,8,1144,1047,57,6,1,24,4,7,1076,30,36,64,35,15,12,44,71,5,13,76,94
2006,Napa County,March,1144,53,11,17,25,5,22,1173,1076,55,11,14,36,14,22,1084,81,52,80,72,44,19,61,124,31,22,108,161
2006,Napa County,April,1173,39,17,12,30,5,9,1197,1084,44,8,10,22,4,10,1110,68,44,62,36,19,9,52,80,22,25,83,130
2006,Napa County,May,1197,20,32,16,16,16,12,1221,1110,41,24,9,24,14,11,1135,68,44,74,49,23,30,40,93,25,56,61,142
2006,Napa County,June,1031,19,5,14,18,5,9,1037,1196,40,8,4,30,5,2,1211,38,32,52,37,11,10,48,69,18,13,59,90
2006,Napa County,July,1037,36,5,10,8,6,12,1062,1211,33,5,10,18,13,7,1221,51,26,48,38,19,19,26,64,20,10,69,99
2006,Napa County,August,1062,40,11,35,19,11,63,1055,1221,55,12,49,27,14,61,1235,86,93,116,102,124,25,46,195,84,23,95,202
2006,Napa County,September,1055,33,3,14,6,2,57,1040,1235,49,3,31,8,3,58,1249,50,65,83,69,115,5,14,134,45,6,82,133
2006,Napa County,October,1040,33,6,11,13,1,43,1033,1249,66,6,19,23,7,48,1262,50,57,91,78,91,8,36,135,30,12,99,141
2006,Napa County,November,1033,35,5,5,16,8,10,1044,1262,38,10,1,22,8,18,1263,45,34,49,48,28,16,38,82,6,15,73,94
2006,Napa County,December,1044,34,10,59,8,6,66,1067,1263,54,9,34,10,4,98,1248,103,80,97,112,164,10,18,192,93,19,88,200
2006,Nevada County,January,591,11,8,0,8,4,0,598,154,23,2,0,5,1,0,173,19,12,25,6,0,5,13,18,0,10,34,44
2006,Nevada County,February,598,15,7,0,20,9,0,591,173,12,1,0,5,6,0,175,22,29,13,11,0,15,25,40,0,8,27,35
2006,Nevada County,March,591,9,3,0,5,6,0,592,175,6,3,0,3,4,0,177,12,11,9,7,0,10,8,18,0,6,15,21
2006,Nevada County,April,592,19,15,0,14,9,0,603,177,7,10,0,5,3,3,183,34,23,17,11,3,12,19,34,0,25,26,51
2006,Nevada County,May,603,18,13,0,18,5,2,609,183,7,12,0,3,2,2,195,31,25,19,7,4,7,21,32,0,25,25,50
2006,Nevada County,June,609,20,3,0,22,8,0,602,195,15,4,0,10,6,1,197,23,30,19,17,1,14,32,47,0,7,35,42
2006,Nevada County,July,602,11,0,0,20,0,2,591,197,4,0,0,19,0,3,179,11,22,4,22,5,0,39,44,0,0,15,15
2006,Nevada County,August,591,9,0,0,10,0,0,590,179,11,2,0,8,0,4,180,9,10,13,12,4,0,18,22,0,2,20,22
2006,Nevada County,September,590,6,0,0,17,0,2,577,180,8,0,0,8,0,6,174,6,19,8,14,8,0,25,33,0,0,14,14
2006,Nevada County,October,577,18,1,0,12,0,2,582,174,16,1,0,6,0,4,181,19,14,17,10,6,0,18,24,0,2,34,36
2006,Nevada County,November,582,24,2,0,6,0,2,600,181,5,0,0,7,0,5,174,26,8,5,12,7,0,13,20,0,2,29,31
2006,Nevada County,December,600,15,0,0,10,0,1,604,174,5,0,0,5,0,1,173,15,11,5,6,2,0,15,17,0,0,20,20
2006,Orange County,January,17924,667,325,0,549,478,91,17798,2966,34,13,0,41,13,9,2950,992,1118,47,63,100,491,590,1181,0,338,701,1039
2006,Orange County,February,17798,761,347,1,605,532,92,17678,2950,26,25,0,61,17,5,2918,1109,1229,51,83,97,549,666,1312,1,372,787,1160
2006,Orange County,March,17678,954,317,7,566,475,82,17833,2918,41,17,0,41,29,1,2905,1278,1123,58,71,83,504,607,1194,7,334,995,1336
2006,Orange County,April,17833,630,282,0,607,456,87,17595,2905,23,26,0,33,20,0,2901,912,1150,49,53,87,476,640,1203,0,308,653,961
2006,Orange County,May,17595,587,252,1,611,401,96,17327,2901,20,21,0,29,21,6,2886,840,1108,41,56,102,422,640,1164,1,273,607,881
2006,Orange County,June,17327,959,378,0,553,574,80,17457,2886,12,15,0,34,13,8,2858,1337,1207,27,55,88,587,587,1262,0,393,971,1364
2006,Orange County,July,17457,663,248,0,480,403,58,17427,2858,17,9,0,34,13,0,2837,911,941,26,47,58,416,514,988,0,257,680,937
2006,Orange County,August,17427,672,334,2,635,608,256,16936,2837,21,21,0,47,18,5,2809,1008,1499,42,70,261,626,682,1569,2,355,693,1050
2006,Orange County,September,16936,539,395,0,538,485,116,16731,2809,15,30,0,49,7,0,2798,934,1139,45,56,116,492,587,1195,0,425,554,979
2006,Orange County,October,16731,668,403,0,628,543,155,16476,2798,11,17,0,41,14,0,2771,1071,1326,28,55,155,557,669,1381,0,420,679,1099
2006,Orange County,November,16476,777,286,2,508,502,51,16480,2771,27,34,0,25,7,0,2800,1065,1061,61,32,51,509,533,1093,2,320,804,1126
2006,Orange County,December,16480,653,343,0,548,619,50,16259,2800,19,19,0,48,5,5,2780,996,1217,38,58,55,624,596,1275,0,362,672,1034
2006,Placer County,January,1424,60,13,0,9,20,4,1464,1028,6,2,0,4,0,0,1032,73,33,8,4,4,20,13,37,0,15,66,81
2006,Placer County,February,1464,165,30,0,25,18,58,1558,1032,15,4,0,27,2,0,1022,195,101,19,29,58,20,52,130,0,34,180,214
2006,Placer County,March,1558,94,31,0,47,93,44,1499,1022,10,7,0,12,19,0,1008,125,184,17,31,44,112,59,215,0,38,104,142
2006,Placer County,April,1499,63,21,0,22,20,24,1517,1008,10,2,0,4,8,0,1008,84,66,12,12,24,28,26,78,0,23,73,96
2006,Placer County,May,1517,96,21,0,50,17,38,1529,1008,14,4,0,18,3,1,1004,117,105,18,22,39,20,68,127,0,25,110,135
2006,Placer County,June,1529,75,8,0,105,34,46,1427,1084,9,3,0,5,1,0,1090,83,185,12,6,46,35,110,191,0,11,84,95
2006,Placer County,July,1427,80,34,0,10,35,12,1484,1090,19,1,0,2,1,12,1095,114,57,20,15,24,36,12,72,0,35,99,134
2006,Placer County,August,1484,89,14,0,48,110,53,1376,1095,9,1,0,18,2,0,1085,103,211,10,20,53,112,66,231,0,15,98,113
2006,Placer County,September,1376,91,17,0,2,2,12,1468,1085,12,3,0,1,1,1,1097,108,16,15,3,13,3,3,19,0,20,103,123
2006,Placer County,October,1468,77,14,0,32,12,21,1494,1097,6,2,0,6,4,0,1095,91,65,8,10,21,16,38,75,0,16,83,99
2006,Placer County,November,1494,88,12,5,17,54,37,1491,1095,9,0,0,0,5,0,1099,105,108,9,5,37,59,17,113,5,12,97,114
2006,Placer County,December,1491,77,4,0,5,0,11,1556,1099,7,1,0,0,0,0,1107,81,16,8,0,11,0,5,16,0,5,84,89
2006,Plumas County,January,243,1,0,0,15,0,0,229,217,8,0,0,9,0,0,216,1,15,8,9,0,0,24,24,0,0,9,9
2006,Plumas County,February,229,9,0,0,6,0,0,232,216,7,0,0,9,0,0,214,9,6,7,9,0,0,15,15,0,0,16,16
2006,Plumas County,March,232,5,0,0,11,0,0,226,214,11,0,0,8,0,0,217,5,11,11,8,0,0,19,19,0,0,16,16
2006,Plumas County,April,226,5,0,0,5,0,0,226,217,9,0,0,10,0,0,216,5,5,9,10,0,0,15,15,0,0,14,14
2006,Plumas County,May,226,3,0,0,0,0,0,229,216,10,0,0,7,0,0,219,3,0,10,7,0,0,7,7,0,0,13,13
2006,Plumas County,June,229,4,0,0,13,0,0,220,219,16,0,0,16,0,0,219,4,13,16,16,0,0,29,29,0,0,20,20
2006,Plumas County,July,220,5,0,0,11,0,0,214,219,11,0,0,8,0,0,222,5,11,11,8,0,0,19,19,0,0,16,16
2006,Plumas County,August,214,4,0,0,1,0,0,217,222,9,0,0,10,0,0,221,4,1,9,10,0,0,11,11,0,0,13,13
2006,Plumas County,September,217,18,0,0,10,0,0,225,221,16,0,0,10,0,0,227,18,10,16,10,0,0,20,20,0,0,34,34
2006,Plumas County,October,225,5,0,0,9,0,0,221,227,7,0,0,6,0,0,228,5,9,7,6,0,0,15,15,0,0,12,12
2006,Plumas County,November,221,8,0,0,5,0,0,224,228,10,0,0,3,0,0,235,8,5,10,3,0,0,8,8,0,0,18,18
2006,Plumas County,December,224,5,0,0,5,0,0,224,235,7,0,0,8,0,0,234,5,5,7,8,0,0,13,13,0,0,12,12
2006,Riverside County,January,12207,713,347,0,595,463,0,12209,2325,136,66,0,114,88,0,2325,1060,1058,202,202,0,551,709,1260,0,413,849,1262
2006,Riverside County,February,12209,656,272,0,558,417,0,12162,2325,125,52,0,108,79,0,2315,928,975,177,187,0,496,666,1162,0,324,781,1105
2006,Riverside County,March,12162,656,347,0,831,559,0,11775,2315,125,66,0,57,93,0,2356,1003,1390,191,150,0,652,888,1540,0,413,781,1194
2006,Riverside County,April,11775,803,295,0,193,477,0,12203,2356,153,56,0,93,91,0,2381,1098,670,209,184,0,568,286,854,0,351,956,1307
2006,Riverside County,May,12203,1003,354,0,861,385,0,12314,2381,191,67,0,107,73,0,2459,1357,1246,258,180,0,458,968,1426,0,421,1194,1615
2006,Riverside County,June,12314,1005,286,0,739,465,0,12401,2459,191,55,0,141,88,0,2476,1291,1204,246,229,0,553,880,1433,0,341,1196,1537
2006,Riverside County,July,12401,846,359,0,486,479,0,12641,2476,161,68,0,92,91,0,2522,1205,965,229,183,0,570,578,1148,0,427,1007,1434
2006,Riverside County,August,12641,906,330,0,868,449,0,12560,2522,173,63,0,166,85,0,2507,1236,1317,236,251,0,534,1034,1568,0,393,1079,1472
2006,Riverside County,September,12560,717,293,0,413,403,0,12754,2507,137,56,0,78,77,0,2545,1010,816,193,155,0,480,491,971,0,349,854,1203
2006,Riverside County,October,12754,743,285,0,542,490,0,12750,2545,142,54,0,103,93,0,2545,1028,1032,196,196,0,583,645,1228,0,339,885,1224
2006,Riverside County,November,12750,606,286,0,498,386,0,12758,2545,116,54,0,95,73,0,2547,892,884,170,168,0,459,593,1052,0,340,722,1062
2006,Riverside County,December,12758,603,283,0,549,411,0,12684,2547,115,54,0,105,78,0,2533,886,960,169,183,0,489,654,1143,0,337,718,1055
2006,Sacramento County,January,17542,428,146,47,563,193,51,17356,0,0,0,0,0,0,0,0,621,807,0,0,51,193,563,807,47,146,428,621
2006,Sacramento County,February,17356,492,231,46,496,234,154,17241,0,0,0,0,0,0,0,0,769,884,0,0,154,234,496,884,46,231,492,769
2006,Sacramento County,March,17241,618,296,85,751,236,125,17128,0,0,0,0,0,0,0,0,999,1112,0,0,125,236,751,1112,85,296,618,999
2006,Sacramento County,April,17128,459,279,49,533,235,127,17020,0,0,0,0,0,0,0,0,787,895,0,0,127,235,533,895,49,279,459,787
2006,Sacramento County,May,17020,564,396,62,600,301,136,17005,0,0,0,0,0,0,0,0,1022,1037,0,0,136,301,600,1037,62,396,564,1022
2006,Sacramento County,June,17005,531,391,50,451,270,147,17109,0,0,0,0,0,0,0,0,972,868,0,0,147,270,451,868,50,391,531,972
2006,Sacramento County,July,17109,531,387,40,432,267,1289,16079,0,0,0,0,0,0,0,0,958,1988,0,0,1289,267,432,1988,40,387,531,958
2006,Sacramento County,August,16079,527,490,621,1373,335,1,16008,0,0,0,0,0,0,0,0,1638,1709,0,0,1,335,1373,1709,621,490,527,1638
2006,Sacramento County,September,16008,613,367,29,454,222,201,16140,0,0,0,0,0,0,0,0,1009,877,0,0,201,222,454,877,29,367,613,1009
2006,Sacramento County,October,16140,600,320,22,521,251,105,16205,0,0,0,0,0,0,0,0,942,877,0,0,105,251,521,877,22,320,600,942
2006,Sacramento County,November,16205,507,260,60,471,236,0,16325,0,0,0,0,0,0,0,0,827,707,0,0,0,236,471,707,60,260,507,827
2006,Sacramento County,December,16325,480,181,81,478,168,1,16420,0,0,0,0,0,0,0,0,742,647,0,0,1,168,478,647,81,181,480,742
2006,San Benito County,January,335,14,1,0,13,4,4,329,276,25,4,0,10,15,0,280,15,21,29,25,4,19,23,46,0,5,39,44
2006,San Benito County,February,329,28,2,0,4,8,5,342,280,23,0,0,12,20,0,271,30,17,23,32,5,28,16,49,0,2,51,53
2006,San Benito County,March,342,17,1,0,6,10,9,335,271,15,1,0,5,5,0,277,18,25,16,10,9,15,11,35,0,2,32,34
2006,San Benito County,April,335,14,1,0,8,2,6,334,277,15,2,0,4,6,0,284,15,16,17,10,6,8,12,26,0,3,29,32
2006,San Benito County,May,334,13,0,0,8,14,12,313,284,18,7,0,14,23,0,272,13,34,25,37,12,37,22,71,0,7,31,38
2006,San Benito County,June,313,5,0,0,6,3,4,305,272,19,6,0,6,7,0,284,5,13,25,13,4,10,12,26,0,6,24,30
2006,San Benito County,July,305,13,4,0,8,8,2,304,284,23,5,0,13,16,0,283,17,18,28,29,2,24,21,47,0,9,36,45
2006,San Benito County,August,304,18,2,0,2,4,5,313,283,16,6,0,11,8,0,286,20,11,22,19,5,12,13,30,0,8,34,42
2006,San Benito County,September,313,8,3,0,1,4,2,317,286,15,4,0,6,12,0,287,11,7,19,18,2,16,7,25,0,7,23,30
2006,San Benito County,October,317,16,1,3,6,8,9,314,287,19,1,0,7,16,0,284,20,23,20,23,9,24,13,46,3,2,35,40
2006,San Benito County,November,314,5,3,0,7,8,4,303,284,9,8,0,9,5,0,287,8,19,17,14,4,13,16,33,0,11,14,25
2006,San Benito County,December,303,14,0,0,13,4,4,296,287,9,7,0,5,23,0,275,14,21,16,28,4,27,18,49,0,7,23,30
2006,San Bernardino County,January,21556,468,129,21,376,278,0,21520,4581,195,52,0,81,136,0,4611,618,654,247,217,0,414,457,871,21,181,663,865
2006,San Bernardino County,February,21520,464,129,18,307,298,0,21526,4611,199,43,0,79,110,0,4664,611,605,242,189,0,408,386,794,18,172,663,853
2006,San Bernardino County,March,21526,585,195,17,456,315,0,21552,4664,214,61,0,126,119,0,4694,797,771,275,245,0,434,582,1016,17,256,799,1072
2006,San Bernardino County,April,21354,462,143,0,503,234,0,21222,4639,124,29,0,109,78,0,4605,605,737,153,187,0,312,612,924,0,172,586,758
2006,San Bernardino County,May,21484,518,148,1,409,274,0,21468,4664,181,42,0,80,115,0,4692,667,683,223,195,0,389,489,878,1,190,699,890
2006,San Bernardino County,June,21585,676,192,26,570,534,0,21375,4740,177,70,0,447,186,0,4354,894,1104,247,633,0,720,1017,1737,26,262,853,1141
2006,San Bernardino County,July,21777,494,159,0,492,257,0,21681,4806,119,88,0,163,93,0,4757,653,749,207,256,0,350,655,1005,0,247,613,860
2006,San Bernardino County,August,21437,502,325,8,477,682,0,21113,4647,71,90,1,473,268,1,4067,835,1159,162,742,1,950,950,1901,9,415,573,997
2006,San Bernardino County,September,21380,595,228,2,380,560,0,21265,4548,55,60,0,327,156,0,4180,825,940,115,483,0,716,707,1423,2,288,650,940
2006,San Bernardino County,October,21416,416,193,1,354,457,0,21215,4404,83,48,0,312,123,0,4100,610,811,131,435,0,580,666,1246,1,241,499,741
2006,San Bernardino County,November,21574,306,161,2,251,375,0,21417,4378,54,48,0,225,108,0,4147,469,626,102,333,0,483,476,959,2,209,360,571
2006,San Bernardino County,December,21754,376,122,1,236,404,0,21613,4311,36,48,0,222,99,0,4074,499,640,84,321,0,503,458,961,1,170,412,583
2006,San Diego County,January,25145,933,219,0,506,681,0,25110,3029,42,18,0,30,8,0,3051,1152,1187,60,38,0,689,536,1225,0,237,975,1212
2006,San Diego County,February,25110,820,210,0,388,510,0,25242,3051,46,12,0,43,17,0,3049,1030,898,58,60,0,527,431,958,0,222,866,1088
2006,San Diego County,March,25242,789,218,0,482,892,0,24875,3049,27,4,0,38,36,0,3006,1007,1374,31,74,0,928,520,1448,0,222,816,1038
2006,San Diego County,April,24875,690,254,0,477,488,0,24854,3006,34,8,0,52,54,0,2942,944,965,42,106,0,542,529,1071,0,262,724,986
2006,San Diego County,May,24854,861,256,0,776,645,0,24550,2942,21,5,0,32,8,0,2928,1117,1421,26,40,0,653,808,1461,0,261,882,1143
2006,San Diego County,June,24550,829,221,0,815,275,0,24510,2928,29,9,0,63,0,0,2903,1050,1090,38,63,0,275,878,1153,0,230,858,1088
2006,San Diego County,July,24510,658,204,0,428,380,0,24564,2903,38,2,0,43,8,0,2892,862,808,40,51,0,388,471,859,0,206,696,902
2006,San Diego County,August,24564,609,335,0,547,408,0,24553,2892,35,0,0,28,0,0,2899,944,955,35,28,0,408,575,983,0,335,644,979
2006,San Diego County,September,24553,723,351,0,722,645,0,24260,2899,42,0,0,13,21,0,2907,1074,1367,42,34,0,666,735,1401,0,351,765,1116
2006,San Diego County,October,24260,632,309,0,433,314,0,24454,2907,19,32,0,35,11,0,2912,941,747,51,46,0,325,468,793,0,341,651,992
2006,San Diego County,November,24454,491,261,0,689,396,0,24121,2912,31,9,0,37,26,0,2889,752,1085,40,63,0,422,726,1148,0,270,522,792
2006,San Diego County,December,24121,695,314,0,688,368,0,24074,2889,54,6,0,46,4,0,2899,1009,1056,60,50,0,372,734,1106,0,320,749,1069
2006,San Francisco County,January,0,126,16,8,44,39,94,6740,0,28,2,0,30,9,1,1443,150,177,30,40,95,48,74,217,8,18,154,180
2006,San Francisco County,February,6740,108,15,8,35,38,96,6702,1443,16,2,2,29,7,1,1426,131,169,20,37,97,45,64,206,10,17,124,151
2006,San Francisco County,March,6702,148,30,216,64,68,25,6939,1426,27,3,0,57,14,8,1377,394,157,30,79,33,82,121,236,216,33,175,424
2006,San Francisco County,April,6939,124,6,8,49,32,406,6590,1377,19,0,13,17,6,0,1386,138,487,32,23,406,38,66,510,21,6,143,170
2006,San Francisco County,May,6590,138,30,105,72,54,288,6449,1386,34,0,0,49,15,17,1339,273,414,34,81,305,69,121,495,105,30,172,307
2006,San Francisco County,June,6449,120,34,13,84,48,269,6215,1339,23,4,1,35,20,4,1308,167,401,28,59,273,68,119,460,14,38,143,195
2006,San Francisco County,July,6215,119,14,190,61,31,23,6423,1308,19,3,0,29,7,5,1289,323,115,22,41,28,38,90,156,190,17,138,345
2006,San Francisco County,August,6423,138,17,6,82,46,45,6411,1289,25,0,26,38,9,5,1288,161,173,51,52,50,55,120,225,32,17,163,212
2006,San Francisco County,September,6411,115,23,45,63,39,6,6486,1288,20,3,0,35,14,20,1242,183,108,23,69,26,53,98,177,45,26,135,206
2006,San Francisco County,October,6486,110,43,33,41,65,21,6545,1242,27,1,0,47,8,28,1187,186,127,28,83,49,73,88,210,33,44,137,214
2006,San Francisco County,November,6545,100,12,2,46,28,211,6374,1187,28,0,3,23,10,0,1185,114,285,31,33,211,38,69,318,5,12,128,145
2006,San Francisco County,December,6374,99,10,6,34,20,47,6388,1185,22,17,13,27,4,0,1206,115,101,52,31,47,24,61,132,19,27,121,167
2006,San Joaquin County,January,1951,140,186,50,99,58,19,2151,3173,158,259,1,156,70,0,3365,376,176,418,226,19,128,255,402,51,445,298,794
2006,San Joaquin County,February,2151,166,179,13,33,98,20,2358,3365,177,246,30,31,78,16,3693,358,151,453,125,36,176,64,276,43,425,343,811
2006,San Joaquin County,March,2358,222,347,34,103,118,10,2730,3693,203,261,8,182,108,4,3871,603,231,472,294,14,226,285,525,42,608,425,1075
2006,San Joaquin County,April,2730,183,253,28,87,123,46,2938,3871,153,160,16,59,138,19,3984,464,256,329,216,65,261,146,472,44,413,336,793
2006,San Joaquin County,May,2938,252,235,6,120,133,14,3164,3984,235,335,1,118,142,7,4288,493,267,571,267,21,275,238,534,7,570,487,1064
2006,San Joaquin County,June,3164,174,226,43,78,104,2,3423,4288,187,378,11,49,95,2,4718,443,184,576,146,4,199,127,330,54,604,361,1019
2006,San Joaquin County,July,3423,175,216,18,86,61,15,3670,4718,206,280,9,103,42,5,5063,409,162,495,150,20,103,189,312,27,496,381,904
2006,San Joaquin County,August,3670,174,235,28,124,47,50,3886,5063,220,264,8,119,47,6,5383,437,221,492,172,56,94,243,393,36,499,394,929
2006,San Joaquin County,September,3886,167,191,44,80,89,29,4090,5383,187,210,7,70,114,11,5592,402,198,404,195,40,203,150,393,51,401,354,806
2006,San Joaquin County,October,4090,157,205,30,107,123,32,4220,5592,166,236,27,186,159,9,5667,392,262,429,354,41,282,293,616,57,441,323,821
2006,San Joaquin County,November,4220,140,139,49,82,54,53,4359,5667,155,152,4,87,81,6,5804,328,189,311,174,59,135,169,363,53,291,295,639
2006,San Joaquin County,December,4359,156,218,35,94,95,8,4571,5804,107,263,21,119,92,22,5962,409,197,391,233,30,187,213,430,56,481,263,800
2006,San Luis Obispo County,January,2235,68,13,0,15,17,0,2284,1890,57,39,0,20,37,1,1928,81,32,96,58,1,54,35,90,0,52,125,177
2006,San Luis Obispo County,February,2284,57,21,0,35,28,2,2297,1928,36,29,0,27,43,0,1923,78,65,65,70,2,71,62,135,0,50,93,143
2006,San Luis Obispo County,March,2297,56,28,0,50,24,8,2299,1923,79,40,0,32,55,0,1955,84,82,119,87,8,79,82,169,0,68,135,203
2006,San Luis Obispo County,April,2299,81,36,0,26,39,4,2347,1955,43,24,0,36,34,1,1951,117,69,67,71,5,73,62,140,0,60,124,184
2006,San Luis Obispo County,May,2347,57,23,0,44,32,4,2347,1951,37,24,0,23,38,3,1948,80,80,61,64,7,70,67,144,0,47,94,141
2006,San Luis Obispo County,June,2347,77,27,0,28,30,1,2392,1948,55,24,0,40,26,0,1961,104,59,79,66,1,56,68,125,0,51,132,183
2006,San Luis Obispo County,July,1430,63,20,0,8,24,1,1480,996,45,28,0,48,25,1,995,83,33,73,74,2,49,56,107,0,48,108,156
2006,San Luis Obispo County,August,1480,63,27,1,33,38,1,1499,995,22,18,0,59,45,0,931,91,72,40,104,1,83,92,176,1,45,85,131
2006,San Luis Obispo County,September,1499,63,28,0,52,24,0,1514,931,45,14,0,46,11,1,932,91,76,59,58,1,35,98,134,0,42,108,150
2006,San Luis Obispo County,October,1514,55,23,0,41,25,0,1526,932,14,16,0,40,3,1,918,78,66,30,44,1,28,81,110,0,39,69,108
2006,San Luis Obispo County,November,1526,41,12,0,20,22,0,1537,918,28,23,0,34,14,0,921,53,42,51,48,0,36,54,90,0,35,69,104
2006,San Luis Obispo County,December,1537,43,22,0,42,13,0,1547,921,44,18,0,27,11,0,945,65,55,62,38,0,24,69,93,0,40,87,127
2006,San Mateo County,January,4069,120,42,0,32,82,0,4117,2576,117,32,0,36,87,2,2600,162,114,149,125,2,169,68,239,0,74,237,311
2006,San Mateo County,February,4117,125,45,0,41,57,1,4188,2600,112,28,0,53,80,1,2606,170,99,140,134,2,137,94,233,0,73,237,310
2006,San Mateo County,March,4188,138,40,0,42,77,1,4246,2606,130,21,0,50,100,0,2607,178,120,151,150,1,177,92,270,0,61,268,329
2006,San Mateo County,April,4246,138,57,0,67,82,2,4290,2607,113,39,0,67,77,17,2598,195,151,152,161,19,159,134,312,0,96,251,347
2006,San Mateo County,May,4290,126,41,0,50,100,3,4304,2598,125,28,0,77,100,13,2561,167,153,153,190,16,200,127,343,0,69,251,320
2006,San Mateo County,June,4304,124,41,0,45,64,0,4360,2561,116,17,0,50,86,1,2557,165,109,133,137,1,150,95,246,0,58,240,298
2006,San Mateo County,July,4360,138,77,0,41,80,1,4453,2557,118,38,0,74,120,3,2516,215,122,156,197,4,200,115,319,0,115,256,371
2006,San Mateo County,August,4453,153,52,0,45,93,5,4515,2516,145,32,0,76,127,28,2462,205,143,177,231,33,220,121,374,0,84,298,382
2006,San Mateo County,September,4515,93,35,0,32,79,2,4530,2462,126,16,0,39,66,3,2496,128,113,142,108,5,145,71,221,0,51,219,270
2006,San Mateo County,October,4530,140,53,0,69,100,4,4550,2496,155,29,0,66,121,5,2488,193,173,184,192,9,221,135,365,0,82,295,377
2006,San Mateo County,November,4550,129,55,0,38,65,6,4625,2488,142,29,0,53,107,9,2490,184,109,171,169,15,172,91,278,0,84,271,355
2006,San Mateo County,December,4625,80,31,0,26,50,5,4655,2490,126,18,0,36,72,3,2523,111,81,144,111,8,122,62,192,0,49,206,255
2006,Santa Barbara County,January,3290,118,8,0,40,79,12,3285,3013,177,5,0,101,81,13,3000,126,131,182,195,25,160,141,326,0,13,295,308
2006,Santa Barbara County,February,3325,114,5,0,35,92,11,3306,3050,146,2,0,97,70,14,3017,119,138,148,181,25,162,132,319,0,7,260,267
2006,Santa Barbara County,March,3346,111,8,0,63,79,15,3308,3063,189,6,0,139,65,9,3045,119,157,195,213,24,144,202,370,0,14,300,314
2006,Santa Barbara County,April,3336,105,5,0,48,69,17,3312,3068,139,10,0,95,61,11,3050,110,134,149,167,28,130,143,301,0,15,244,259
2006,Santa Barbara County,May,3333,111,6,0,49,77,20,3304,3034,179,7,0,124,87,17,2992,117,146,186,228,37,164,173,374,0,13,290,303
2006,Santa Barbara County,June,3330,128,6,0,63,87,15,3299,3019,190,6,0,120,79,9,3007,134,165,196,208,24,166,183,373,0,12,318,330
2006,Santa Barbara County,July,3328,90,6,0,44,56,15,3309,3061,169,7,0,90,58,9,3080,96,115,176,157,24,114,134,272,0,13,259,272
2006,Santa Barbara County,August,3316,87,7,0,41,73,16,3280,3109,169,5,0,86,67,11,3119,94,130,174,164,27,140,127,294,0,12,256,268
2006,Santa Barbara County,September,3324,99,5,0,42,67,23,3296,3170,136,9,0,124,77,13,3101,104,132,145,214,36,144,166,346,0,14,235,249
2006,Santa Barbara County,October,3343,91,3,0,40,73,17,3307,3125,161,2,0,103,74,21,3090,94,130,163,198,38,147,143,328,0,5,252,257
2006,Santa Barbara County,November,3356,97,3,0,42,68,17,3329,3135,149,4,0,86,71,9,3122,100,127,153,166,26,139,128,293,0,7,246,253
2006,Santa Barbara County,December,3363,74,4,0,29,51,17,3344,3138,149,2,0,68,53,11,3157,78,97,151,132,28,104,97,229,0,6,223,229
2006,Santa Clara County,January,10305,367,98,568,189,193,545,10411,7665,264,110,511,183,173,520,7674,1033,927,885,876,1065,366,372,1803,1079,208,631,1918
2006,Santa Clara County,February,10411,288,196,594,349,250,618,10272,7674,255,167,372,276,172,426,7594,1078,1217,794,874,1044,422,625,2091,966,363,543,1872
2006,Santa Clara County,March,10272,268,162,584,345,247,577,10117,7594,190,145,494,223,199,530,7471,1014,1169,829,952,1107,446,568,2121,1078,307,458,1843
2006,Santa Clara County,April,10117,363,161,451,245,241,1079,9527,7471,250,114,348,201,182,386,7414,975,1565,712,769,1465,423,446,2334,799,275,613,1687
2006,Santa Clara County,May,9527,419,204,1217,277,250,519,10321,7414,237,165,474,232,191,451,7416,1840,1046,876,874,970,441,509,1920,1691,369,656,2716
2006,Santa Clara County,June,10321,313,229,591,236,221,595,10402,7416,218,151,399,193,176,424,7391,1133,1052,768,793,1019,397,429,1845,990,380,531,1901
2006,Santa Clara County,July,10402,274,133,629,276,247,585,10330,7391,186,113,383,230,178,507,7158,1036,1108,682,915,1092,425,506,2023,1012,246,460,1718
2006,Santa Clara County,August,10330,332,245,572,264,289,530,10396,7158,209,191,462,233,289,488,7010,1149,1083,862,1010,1018,578,497,2093,1034,436,541,2011
2006,Santa Clara County,September,10396,301,153,569,291,242,575,10311,7010,221,153,480,242,218,433,6971,1023,1108,854,893,1008,460,533,2001,1049,306,522,1877
2006,Santa Clara County,October,10311,259,169,493,281,325,503,10123,6971,175,163,379,211,333,393,6751,921,1109,717,937,896,658,492,2046,872,332,434,1638
2006,Santa Clara County,November,10123,220,149,492,229,268,432,10055,6751,107,155,388,207,276,297,6621,861,929,650,780,729,544,436,1709,880,304,327,1511
2006,Santa Clara County,December,10055,307,172,436,234,259,459,10018,6621,205,138,342,193,220,292,6601,915,952,685,705,751,479,427,1657,778,310,512,1600
2006,Santa Cruz County,January,2157,52,55,0,47,47,1,2169,1159,24,21,0,19,18,0,1157,107,95,45,37,1,65,66,132,0,76,76,152
2006,Santa Cruz County,February,2169,53,54,0,34,24,0,2218,1157,37,32,0,29,10,0,1187,107,58,69,39,0,34,63,97,0,86,90,176
2006,Santa Cruz County,March,2218,54,46,0,54,40,0,2224,1187,37,13,0,33,24,0,1180,100,94,50,57,0,64,87,151,0,59,91,150
2006,Santa Cruz County,April,2224,42,44,0,36,23,1,2250,1180,29,29,0,18,14,0,1206,86,60,58,32,1,37,54,92,0,73,71,144
2006,Santa Cruz County,May,2250,56,42,0,57,40,0,2251,1206,32,27,0,20,34,0,1201,98,97,59,54,0,74,77,151,0,69,88,157
2006,Santa Cruz County,June,2248,49,64,0,41,22,0,2298,1201,36,20,0,37,14,0,1206,113,63,56,51,0,36,78,114,0,84,85,169
2006,Santa Cruz County,July,2298,41,64,0,37,43,0,2323,1206,22,29,0,28,15,0,1214,105,80,51,43,0,58,65,123,0,93,63,156
2006,Santa Cruz County,August,2323,61,54,0,23,31,0,2384,1214,38,28,0,27,17,0,1236,115,54,66,44,0,48,50,98,0,82,99,181
2006,Santa Cruz County,September,2384,44,64,0,62,35,0,2395,1236,19,26,0,36,18,0,1227,108,97,45,54,0,53,98,151,0,90,63,153
2006,Santa Cruz County,October,2395,41,45,0,41,33,0,2407,1227,38,16,0,38,13,0,1230,86,74,54,51,0,46,79,125,0,61,79,140
2006,Santa Cruz County,November,2407,44,54,0,34,24,0,2447,1230,31,23,0,31,13,0,1240,98,58,54,44,0,37,65,102,0,77,75,152
2006,Santa Cruz County,December,2447,33,50,0,38,39,0,2453,1240,27,13,0,38,19,1,1222,83,77,40,58,1,58,76,135,0,63,60,123
2006,Shasta County,January,1579,61,37,5,31,37,0,1614,408,36,0,0,19,0,0,425,103,68,36,19,0,37,50,87,5,37,97,139
2006,Shasta County,February,1614,45,38,2,50,38,0,1611,425,23,0,0,29,0,0,419,85,88,23,29,0,38,79,117,2,38,68,108
2006,Shasta County,March,1611,74,50,6,62,50,0,1629,419,30,0,0,49,0,0,400,130,112,30,49,0,50,111,161,6,50,104,160
2006,Shasta County,April,1629,42,27,5,81,27,0,1595,400,28,0,0,45,0,0,383,74,108,28,45,0,27,126,153,5,27,70,102
2006,Shasta County,May,1595,61,22,6,74,22,0,1588,383,27,0,0,34,0,0,376,89,96,27,34,0,22,108,130,6,22,88,116
2006,Shasta County,June,1588,30,28,0,49,28,0,1569,376,31,1,0,28,0,0,380,58,77,32,28,0,28,77,105,0,29,61,90
2006,Shasta County,July,1569,74,39,2,37,39,0,1608,380,10,0,0,13,0,0,377,115,76,10,13,0,39,50,89,2,39,84,125
2006,Shasta County,August,1608,62,42,0,78,42,0,1592,377,29,2,0,44,0,0,364,104,120,31,44,0,42,122,164,0,44,91,135
2006,Shasta County,September,1592,50,16,0,59,16,0,1583,364,31,1,0,32,0,0,364,66,75,32,32,0,16,91,107,0,17,81,98
2006,Shasta County,October,1583,53,44,1,41,44,0,1596,364,39,2,0,34,0,0,371,98,85,41,34,0,44,75,119,1,46,92,139
2006,Shasta County,November,1596,56,36,3,36,36,0,1619,371,32,5,0,30,0,0,378,95,72,37,30,0,36,66,102,3,41,88,132
2006,Shasta County,December,1619,54,26,2,35,26,0,1640,378,31,2,0,35,0,0,376,82,61,33,35,0,26,70,96,2,28,85,115
2006,Sierra County,January,37,4,0,1,0,0,1,41,46,0,0,5,0,0,0,51,5,1,5,0,1,0,0,1,6,0,4,10
2006,Sierra County,February,41,0,0,0,0,0,0,41,51,0,0,0,3,0,0,48,0,0,0,3,0,0,3,3,0,0,0,0
2006,Sierra County,March,41,1,0,0,1,0,0,41,48,0,0,0,0,0,0,48,1,1,0,0,0,0,1,1,0,0,1,1
2006,Sierra County,April,41,1,0,0,0,0,0,42,48,0,0,0,0,0,1,47,1,0,0,1,1,0,0,1,0,0,1,1
2006,Sierra County,May,42,0,0,0,2,0,0,40,47,0,0,0,0,0,0,47,0,2,0,0,0,0,2,2,0,0,0,0
2006,Sierra County,June,40,1,0,0,0,0,0,41,47,0,0,0,0,0,0,47,1,0,0,0,0,0,0,0,0,0,1,1
2006,Sierra County,July,41,2,0,0,0,0,0,43,47,1,0,0,0,0,0,48,2,0,1,0,0,0,0,0,0,0,3,3
2006,Sierra County,August,43,0,0,0,0,0,0,43,48,1,0,0,0,0,0,49,0,0,1,0,0,0,0,0,0,0,1,1
2006,Sierra County,September,43,3,0,0,0,0,0,46,49,0,0,0,1,0,0,48,3,0,0,1,0,0,1,1,0,0,3,3
2006,Sierra County,October,46,0,0,0,0,0,0,46,48,0,0,0,0,0,0,48,0,0,0,0,0,0,0,0,0,0,0,0
2006,Sierra County,November,46,1,0,0,0,0,0,47,48,0,0,0,0,0,0,48,1,0,0,0,0,0,0,0,0,0,1,1
2006,Sierra County,December,47,0,0,0,1,0,0,46,48,0,0,0,0,0,0,48,0,1,0,0,0,0,1,1,0,0,0,0
2006,Siskiyou County,January,539,15,13,0,14,48,0,505,0,0,0,0,0,0,0,0,28,62,0,0,0,48,14,62,0,13,15,28
2006,Siskiyou County,February,505,16,7,0,14,11,0,503,0,0,0,0,0,0,0,0,23,25,0,0,0,11,14,25,0,7,16,23
2006,Siskiyou County,March,503,17,8,0,17,11,0,500,0,0,0,0,0,0,0,0,25,28,0,0,0,11,17,28,0,8,17,25
2006,Siskiyou County,April,500,22,22,0,6,23,0,515,0,0,0,0,0,0,0,0,44,29,0,0,0,23,6,29,0,22,22,44
2006,Siskiyou County,May,515,25,19,0,20,19,0,520,0,0,0,0,0,0,0,0,44,39,0,0,0,19,20,39,0,19,25,44
2006,Siskiyou County,June,520,12,9,0,12,12,0,517,0,0,0,0,0,0,0,0,21,24,0,0,0,12,12,24,0,9,12,21
2006,Siskiyou County,July,517,14,12,0,25,16,0,502,0,0,0,0,0,0,0,0,26,41,0,0,0,16,25,41,0,12,14,26
2006,Siskiyou County,August,502,17,8,147,12,13,119,530,0,0,0,0,0,0,0,0,172,144,0,0,119,13,12,144,147,8,17,172
2006,Siskiyou County,September,530,26,7,0,9,6,0,548,0,0,0,0,0,0,0,0,33,15,0,0,0,6,9,15,0,7,26,33
2006,Siskiyou County,October,548,19,7,0,34,14,0,526,0,0,0,0,0,0,0,0,26,48,0,0,0,14,34,48,0,7,19,26
2006,Siskiyou County,November,526,15,4,0,14,13,0,518,0,0,0,0,0,0,0,0,19,27,0,0,0,13,14,27,0,4,15,19
2006,Siskiyou County,December,518,12,8,0,10,8,0,520,0,0,0,0,0,0,0,0,20,18,0,0,0,8,10,18,0,8,12,20
2006,Solano County,January,3567,83,0,0,85,42,1,3522,1488,35,0,0,61,6,3,1453,83,128,35,70,4,48,146,198,0,0,118,118
2006,Solano County,February,3522,68,0,0,65,39,2,3484,1452,24,0,0,51,3,2,1420,68,106,24,56,4,42,116,162,0,0,92,92
2006,Solano County,March,3481,108,0,0,102,46,0,3441,1419,21,0,0,56,3,4,1377,108,148,21,63,4,49,158,211,0,0,129,129
2006,Solano County,April,3438,89,0,0,63,37,2,3425,1376,29,0,0,37,6,2,1360,89,102,29,45,4,43,100,147,0,0,118,118
2006,Solano County,May,3423,107,0,0,58,30,1,3441,1360,39,0,0,50,2,1,1346,107,89,39,53,2,32,108,142,0,0,146,146
2006,Solano County,June,3446,106,0,0,65,41,3,3443,1356,33,0,0,38,4,1,1346,106,109,33,43,4,45,103,152,0,0,139,139
2006,Solano County,July,3437,87,0,0,69,28,1,3426,1346,25,0,0,47,8,2,1314,87,98,25,57,3,36,116,155,0,0,112,112
2006,Solano County,August,3424,106,0,0,67,47,0,3416,1313,34,0,0,57,2,3,1285,106,114,34,62,3,49,124,176,0,0,140,140
2006,Solano County,September,3406,70,0,0,52,28,1,3395,1294,23,0,0,49,2,2,1264,70,81,23,53,3,30,101,134,0,0,93,93
2006,Solano County,October,3392,88,0,0,63,25,1,3391,1263,23,0,0,43,4,6,1233,88,89,23,53,7,29,106,142,0,0,111,111
2006,Solano County,November,3384,72,0,0,57,20,1,3378,1250,31,0,0,30,0,1,1250,72,78,31,31,2,20,87,109,0,0,103,103
2006,Solano County,December,3377,84,0,0,76,27,0,3358,1249,21,0,0,43,3,4,1220,84,103,21,50,4,30,119,153,0,0,105,105
2006,Sonoma County,January,1800,86,70,2,68,85,8,1797,995,49,44,1,31,34,13,1011,158,161,94,78,21,119,99,239,3,114,135,252
2006,Sonoma County,February,1797,69,71,2,49,56,4,1830,1011,29,27,2,13,31,8,1017,142,109,58,52,12,87,62,161,4,98,98,200
2006,Sonoma County,March,1830,95,88,2,75,93,5,1842,1017,31,41,0,35,41,18,995,185,173,72,94,23,134,110,267,2,129,126,257
2006,Sonoma County,April,1842,74,83,1,61,83,9,1847,995,27,42,0,31,33,16,984,158,153,69,80,25,116,92,233,1,125,101,227
2006,Sonoma County,May,1847,80,86,0,63,80,5,1865,984,34,34,2,40,36,16,962,166,148,70,92,21,116,103,240,2,120,114,236
2006,Sonoma County,June,1865,86,88,3,64,70,6,1902,962,36,42,0,29,33,23,955,177,140,78,85,29,103,93,225,3,130,122,255
2006,Sonoma County,July,1902,62,71,0,68,54,4,1909,955,41,33,1,31,42,19,938,133,126,75,92,23,96,99,218,1,104,103,208
2006,Sonoma County,August,1909,108,72,1,67,77,5,1941,938,52,30,1,36,43,34,908,181,149,83,113,39,120,103,262,2,102,160,264
2006,Sonoma County,September,1941,76,75,2,59,82,5,1948,908,26,32,1,36,39,28,864,153,146,59,103,33,121,95,249,3,107,102,212
2006,Sonoma County,October,1948,72,54,2,71,78,4,1923,864,29,47,2,26,37,44,835,128,153,78,107,48,115,97,260,4,101,101,206
2006,Sonoma County,November,1923,76,78,0,52,94,7,1924,835,44,37,1,29,31,26,831,154,153,82,86,33,125,81,239,1,115,120,236
2006,Sonoma County,December,1924,71,73,3,58,86,2,1925,831,53,32,1,25,23,34,835,147,146,86,82,36,109,83,228,4,105,124,233
2006,Stanislaus County,January,4830,117,123,18,162,14,18,4894,286,0,8,0,11,0,0,283,258,194,8,11,18,14,173,205,18,131,117,266
2006,Stanislaus County,February,4894,125,94,18,137,38,19,4937,283,5,8,0,10,8,0,278,237,194,13,18,19,46,147,212,18,102,130,250
2006,Stanislaus County,March,4937,183,141,18,166,49,26,5038,278,4,9,0,9,8,0,274,342,241,13,17,26,57,175,258,18,150,187,355
2006,Stanislaus County,April,5038,161,103,10,181,50,36,5045,274,4,4,0,5,7,0,270,274,267,8,12,36,57,186,279,10,107,165,282
2006,Stanislaus County,May,5045,98,95,9,129,12,27,5079,270,0,5,0,4,0,0,271,202,168,5,4,27,12,133,172,9,100,98,207
2006,Stanislaus County,June,5079,175,135,20,177,37,28,5167,271,2,6,0,13,1,0,265,330,242,8,14,28,38,190,256,20,141,177,338
2006,Stanislaus County,July,5167,100,125,14,138,47,27,5194,265,2,3,0,1,8,0,261,239,212,5,9,27,55,139,221,14,128,102,244
2006,Stanislaus County,August,5194,155,91,18,169,58,29,5202,261,0,2,0,8,12,0,243,264,256,2,20,29,70,177,276,18,93,155,266
2006,Stanislaus County,September,5202,121,115,16,199,34,32,5189,243,1,5,0,9,1,0,239,252,265,6,10,32,35,208,275,16,120,122,258
2006,Stanislaus County,October,5189,130,73,15,195,35,21,5156,239,1,2,0,8,5,0,229,218,251,3,13,21,40,203,264,15,75,131,221
2006,Stanislaus County,November,5156,113,74,27,162,40,21,5147,229,3,0,0,2,10,0,220,214,223,3,12,21,50,164,235,27,74,116,217
2006,Stanislaus County,December,5147,137,92,17,148,18,28,5199,220,4,7,0,5,0,0,226,246,194,11,5,28,18,153,199,17,99,141,257
2006,Sutter County,January,3452,30,25,2,2,14,9,3483,569,3,0,0,4,0,4,564,57,25,3,8,13,14,6,33,2,25,33,60
2006,Sutter County,February,3484,31,19,1,0,19,12,3504,564,3,3,1,3,0,0,568,51,31,7,3,12,19,3,34,2,22,34,58
2006,Sutter County,March,3504,35,29,2,1,17,21,3531,568,3,3,0,2,0,0,572,66,39,6,2,21,17,3,41,2,32,38,72
2006,Sutter County,April,3531,24,20,5,3,10,19,3548,572,4,3,0,1,0,0,578,49,32,7,1,19,10,4,33,5,23,28,56
2006,Sutter County,May,3548,30,18,3,1,25,10,3563,578,3,4,0,6,0,0,579,51,36,7,6,10,25,7,42,3,22,33,58
2006,Sutter County,June,3563,32,18,1,1,18,8,3587,579,2,2,0,3,0,0,580,51,27,4,3,8,18,4,30,1,20,34,55
2006,Sutter County,July,3587,40,21,4,5,20,6,3621,580,0,2,0,2,0,2,578,65,31,2,4,8,20,7,35,4,23,40,67
2006,Sutter County,August,3621,30,25,1,2,14,23,3638,578,3,1,0,4,0,1,577,56,39,4,5,24,14,6,44,1,26,33,60
2006,Sutter County,September,3638,36,22,0,8,9,12,3667,577,3,2,0,4,0,0,578,58,29,5,4,12,9,12,33,0,24,39,63
2006,Sutter County,October,3667,33,26,5,0,13,15,3703,578,0,3,0,1,0,0,580,64,28,3,1,15,13,1,29,5,29,33,67
2006,Sutter County,November,3703,27,24,8,1,14,13,3734,580,2,3,0,1,0,1,583,59,28,5,2,14,14,2,30,8,27,29,64
2006,Sutter County,December,3734,35,18,3,2,18,11,3759,583,2,0,0,1,0,0,584,56,31,2,1,11,18,3,32,3,18,37,58
2006,Tehama County,January,274,10,0,81,0,11,5,349,155,16,0,42,3,7,3,200,91,16,58,13,8,18,3,29,123,0,26,149
2006,Tehama County,February,349,15,1,0,13,5,29,318,200,1,0,4,2,2,16,185,16,47,5,20,45,7,15,67,4,1,16,21
2006,Tehama County,March,318,17,1,69,10,2,29,364,185,6,0,27,6,1,7,204,87,41,33,14,36,3,16,55,96,1,23,120
2006,Tehama County,April,364,9,0,0,7,10,13,343,204,7,0,0,2,2,3,204,9,30,7,7,16,12,9,37,0,0,16,16
2006,Tehama County,May,343,16,1,8,2,10,3,353,204,9,0,0,5,3,4,201,25,15,9,12,7,13,7,27,8,1,25,34
2006,Tehama County,June,353,17,0,1,3,13,6,349,201,15,1,2,9,8,4,198,18,22,18,21,10,21,12,43,3,1,32,36
2006,Tehama County,July,349,18,0,4,15,1,2,353,198,12,0,8,0,0,0,218,22,18,20,0,2,1,15,18,12,0,30,42
2006,Tehama County,August,353,25,1,9,10,2,30,346,218,9,0,4,4,6,33,188,35,42,13,43,63,8,14,85,13,1,34,48
2006,Tehama County,September,346,7,0,30,6,4,12,361,188,12,0,24,5,5,0,214,37,22,36,10,12,9,11,32,54,0,19,73
2006,Tehama County,October,361,10,0,0,6,1,0,364,214,9,0,1,4,0,14,206,10,7,10,18,14,1,10,25,1,0,19,20
2006,Tehama County,November,364,33,0,12,13,8,30,358,206,19,0,0,6,3,19,197,45,51,19,28,49,11,19,79,12,0,52,64
2006,Tehama County,December,358,18,0,11,3,1,6,377,197,14,0,3,1,0,15,198,29,10,17,16,21,1,4,26,14,0,32,46
2006,Trinity County,January,366,4,5,2,4,1,4,368,4,0,0,0,0,0,0,4,11,9,0,0,4,1,4,9,2,5,4,11
2006,Trinity County,February,368,4,0,0,5,0,1,366,4,0,0,0,1,0,0,3,4,6,0,1,1,0,6,7,0,0,4,4
2006,Trinity County,March,366,6,0,3,6,0,4,365,3,0,0,0,0,0,0,3,9,10,0,0,4,0,6,10,3,0,6,9
2006,Trinity County,April,365,2,0,3,5,1,4,360,3,1,0,0,0,0,0,4,5,10,1,0,4,1,5,10,3,0,3,6
2006,Trinity County,May,360,3,0,0,1,3,0,359,4,0,0,0,0,0,0,4,3,4,0,0,0,3,1,4,0,0,3,3
2006,Trinity County,June,359,3,0,4,3,2,1,360,4,0,0,0,0,0,0,4,7,6,0,0,1,2,3,6,4,0,3,7
2006,Trinity County,July,360,2,0,1,7,2,1,353,4,0,0,0,1,0,0,3,3,10,0,1,1,2,8,11,1,0,2,3
2006,Trinity County,August,353,7,0,0,3,1,1,355,3,1,0,0,0,0,0,4,7,5,1,0,1,1,3,5,0,0,8,8
2006,Trinity County,September,355,5,0,0,4,0,2,354,4,0,0,0,0,0,0,4,5,6,0,0,2,0,4,6,0,0,5,5
2006,Trinity County,October,354,2,2,3,5,0,2,354,4,0,0,0,0,0,0,4,7,7,0,0,2,0,5,7,3,2,2,7
2006,Trinity County,November,354,9,0,1,6,0,4,354,4,0,0,0,0,0,0,4,10,10,0,0,4,0,6,10,1,0,9,10
2006,Trinity County,December,354,1,7,0,1,0,2,359,4,0,0,0,1,0,0,3,8,3,0,1,2,0,2,4,0,7,1,8
2006,Tulare County,January,7427,160,115,0,63,62,0,7577,0,0,0,0,0,0,0,0,275,125,0,0,0,62,63,125,0,115,160,275
2006,Tulare County,February,7577,180,148,0,50,100,0,7755,0,0,0,0,0,0,0,0,328,150,0,0,0,100,50,150,0,148,180,328
2006,Tulare County,March,7755,235,130,0,51,56,0,8013,0,0,0,0,0,0,0,0,365,107,0,0,0,56,51,107,0,130,235,365
2006,Tulare County,April,8013,240,112,0,37,61,0,8267,0,0,0,0,0,0,0,0,352,98,0,0,0,61,37,98,0,112,240,352
2006,Tulare County,May,8267,370,141,0,49,89,0,8640,0,0,0,0,0,0,0,0,511,138,0,0,0,89,49,138,0,141,370,511
2006,Tulare County,June,8640,329,119,0,31,96,0,8961,0,0,0,0,0,0,0,0,448,127,0,0,0,96,31,127,0,119,329,448
2006,Tulare County,July,8961,221,147,0,58,26,0,9245,0,0,0,0,0,0,0,0,368,84,0,0,0,26,58,84,0,147,221,368
2006,Tulare County,August,9245,322,181,0,55,132,0,9561,0,0,0,0,0,0,0,0,503,187,0,0,0,132,55,187,0,181,322,503
2006,Tulare County,September,9561,281,155,0,46,77,0,9874,0,0,0,0,0,0,0,0,436,123,0,0,0,77,46,123,0,155,281,436
2006,Tulare County,October,9874,341,158,0,49,91,0,10233,0,0,0,0,0,0,0,0,499,140,0,0,0,91,49,140,0,158,341,499
2006,Tulare County,November,10233,231,167,0,52,73,0,10506,0,0,0,0,0,0,0,0,398,125,0,0,0,73,52,125,0,167,231,398
2006,Tulare County,December,10506,192,174,6,23,15,5995,4845,0,0,0,0,0,0,0,0,372,6033,0,0,5995,15,23,6033,6,174,192,372
2006,Tuolumne County,January,770,46,8,0,1,3,23,797,1370,46,12,0,45,8,1,1374,54,27,58,54,24,11,46,81,0,20,92,112
2006,Tuolumne County,February,797,35,10,0,9,9,0,824,1374,12,6,0,38,5,0,1349,45,18,18,43,0,14,47,61,0,16,47,63
2006,Tuolumne County,March,824,54,14,0,13,7,32,840,1349,30,20,0,35,31,0,1333,68,52,50,66,32,38,48,118,0,34,84,118
2006,Tuolumne County,April,840,25,2,0,24,2,9,832,1333,45,15,0,60,27,3,1303,27,35,60,90,12,29,84,125,0,17,70,87
2006,Tuolumne County,May,832,37,16,0,17,9,17,842,1303,49,21,0,38,47,5,1283,53,43,70,90,22,56,55,133,0,37,86,123
2006,Tuolumne County,June,842,53,6,0,17,4,37,843,1283,29,22,0,38,32,4,1260,59,58,51,74,41,36,55,132,0,28,82,110
2006,Tuolumne County,July,843,29,9,0,10,3,9,859,1260,27,7,0,20,23,0,1251,38,22,34,43,9,26,30,65,0,16,56,72
2006,Tuolumne County,August,859,26,18,0,7,18,3,875,1251,45,15,0,31,24,1,1255,44,28,60,56,4,42,38,84,0,33,71,104
2006,Tuolumne County,September,875,37,12,0,15,11,21,877,1255,16,12,0,36,15,7,1225,49,47,28,58,28,26,51,105,0,24,53,77
2006,Tuolumne County,October,877,32,17,0,21,7,9,889,1225,38,26,0,26,38,0,1225,49,37,64,64,9,45,47,101,0,43,70,113
2006,Tuolumne County,November,889,20,9,0,25,18,15,860,1225,26,28,0,33,36,2,1208,29,58,54,71,17,54,58,129,0,37,46,83
2006,Tuolumne County,December,860,16,20,0,5,19,4,868,1208,10,29,0,20,39,0,1188,36,28,39,59,4,58,25,87,0,49,26,75
2006,Ventura County,January,3340,90,24,0,51,50,0,3353,10426,260,46,0,59,566,0,10107,114,101,306,625,0,616,110,726,0,70,350,420
2006,Ventura County,February,3353,111,18,0,37,9,0,3436,10107,274,64,0,49,442,0,9954,129,46,338,491,0,451,86,537,0,82,385,467
2006,Ventura County,March,3436,91,19,0,39,51,0,3456,9954,375,71,0,45,204,0,10151,110,90,446,249,0,255,84,339,0,90,466,556
2006,Ventura County,April,3456,109,17,0,54,17,0,3511,10151,333,47,0,44,180,0,10307,126,71,380,224,0,197,98,295,0,64,442,506
2006,Ventura County,May,3511,121,89,0,61,0,0,3660,10307,374,72,0,47,249,0,10457,210,61,446,296,0,249,108,357,0,161,495,656
2006,Ventura County,June,3660,115,24,0,39,0,0,3760,10457,323,57,0,52,351,0,10434,139,39,380,403,0,351,91,442,0,81,438,519
2006,Ventura County,July,3760,85,15,0,44,29,0,3787,10434,326,61,0,47,23,0,10751,100,73,387,70,0,52,91,143,0,76,411,487
2006,Ventura County,August,3787,102,16,0,47,48,0,3810,10751,405,60,0,53,33,0,11130,118,95,465,86,0,81,100,181,0,76,507,583
2006,Ventura County,September,3810,99,17,0,36,32,0,3856,11130,365,50,0,52,83,0,11410,116,68,415,135,0,115,88,203,0,67,464,531
2006,Ventura County,October,3856,111,19,0,21,64,0,3901,11410,354,53,0,54,120,0,11643,130,85,407,174,0,184,75,259,0,72,465,537
2006,Ventura County,November,3901,97,64,0,27,0,0,4035,11643,389,54,0,43,289,0,11754,161,27,443,332,0,289,70,359,0,118,486,604
2006,Ventura County,December,4035,100,24,0,43,0,0,4116,11754,329,58,0,48,134,0,11959,124,43,387,182,0,134,91,225,0,82,429,511
2006,Yolo County,January,4504,81,38,0,56,63,0,4504,0,0,0,0,0,0,0,0,119,119,0,0,0,63,56,119,0,38,81,119
2006,Yolo County,February,4504,71,33,0,25,52,0,4531,0,0,0,0,0,0,0,0,104,77,0,0,0,52,25,77,0,33,71,104
2006,Yolo County,March,4531,67,35,0,47,51,0,4535,0,0,0,0,0,0,0,0,102,98,0,0,0,51,47,98,0,35,67,102
2006,Yolo County,April,4535,106,40,0,49,51,0,4581,0,0,0,0,0,0,0,0,146,100,0,0,0,51,49,100,0,40,106,146
2006,Yolo County,May,4581,75,37,0,57,49,0,4587,0,0,0,0,0,0,0,0,112,106,0,0,0,49,57,106,0,37,75,112
2006,Yolo County,June,4587,57,28,0,36,20,0,4616,0,0,0,0,0,0,0,0,85,56,0,0,0,20,36,56,0,28,57,85
2006,Yolo County,July,4616,73,37,0,46,44,0,4636,0,0,0,0,0,0,0,0,110,90,0,0,0,44,46,90,0,37,73,110
2006,Yolo County,August,4636,87,40,0,50,25,0,4688,0,0,0,0,0,0,0,0,127,75,0,0,0,25,50,75,0,40,87,127
2006,Yolo County,September,4688,59,26,0,20,25,0,4728,0,0,0,0,0,0,0,0,85,45,0,0,0,25,20,45,0,26,59,85
2006,Yolo County,October,4728,95,50,0,34,34,0,4805,0,0,0,0,0,0,0,0,145,68,0,0,0,34,34,68,0,50,95,145
2006,Yolo County,November,4805,83,35,0,34,31,0,4858,0,0,0,0,0,0,0,0,118,65,0,0,0,31,34,65,0,35,83,118
2006,Yolo County,December,4858,59,20,0,30,17,0,4890,0,0,0,0,0,0,0,0,79,47,0,0,0,17,30,47,0,20,59,79
2006,Yuba County,January,773,23,13,4,10,2,5,796,283,22,6,0,8,9,1,293,40,17,28,18,6,11,18,35,4,19,45,68
2006,Yuba County,February,796,24,12,9,10,2,7,822,293,14,4,3,5,13,0,296,45,19,21,18,7,15,15,37,12,16,38,66
2006,Yuba County,March,822,25,14,3,12,3,6,843,296,14,11,1,9,7,2,304,42,21,26,18,8,10,21,39,4,25,39,68
2006,Yuba County,April,843,27,16,2,16,3,4,865,304,17,4,3,13,10,2,303,45,23,24,25,6,13,29,48,5,20,44,69
2006,Yuba County,May,865,20,16,3,13,2,8,881,303,21,6,1,4,10,0,317,39,23,28,14,8,12,17,37,4,22,41,67
2006,Yuba County,June,881,21,6,2,7,0,2,901,317,19,8,1,2,0,1,342,29,9,28,3,3,0,9,12,3,14,40,57
2006,Yuba County,July,901,23,9,6,9,5,3,922,342,23,4,0,3,8,0,358,38,17,27,11,3,13,12,28,6,13,46,65
2006,Yuba County,August,922,29,9,5,7,4,8,946,358,13,8,1,2,13,0,365,43,19,22,15,8,17,9,34,6,17,42,65
2006,Yuba County,September,946,91,31,14,20,10,19,1033,365,48,15,1,9,28,1,391,136,49,64,38,20,38,29,87,15,46,139,200
2006,Yuba County,October,1033,19,12,3,8,4,3,1052,391,13,9,2,5,7,2,401,34,15,24,14,5,11,13,29,5,21,32,58
2006,Yuba County,November,1052,28,14,3,6,1,3,1087,401,17,7,1,3,4,2,417,45,10,25,9,5,5,9,19,4,21,45,70
2006,Yuba County,December,1087,28,4,3,4,2,7,1109,417,16,5,2,3,4,1,432,35,13,23,8,8,6,7,21,5,9,44,58
2007,Alameda County,January,15572,296,126,0,190,96,139,15569,1355,29,3,0,31,16,32,1308,422,425,32,79,171,112,221,504,0,129,325,454
2007,Alameda County,February,15569,211,137,0,175,92,63,15587,1308,31,1,0,8,8,11,1313,348,330,32,27,74,100,183,357,0,138,242,380
2007,Alameda County,March,15587,303,115,0,195,124,93,15593,1313,38,3,5,7,30,17,1305,418,412,46,54,110,154,202,466,5,118,341,464
2007,Alameda County,April,15593,246,123,0,200,82,127,15553,1305,27,4,0,40,18,45,1233,369,409,31,103,172,100,240,512,0,127,273,400
2007,Alameda County,May,15553,306,118,0,305,111,214,15347,1233,55,8,0,73,18,58,1147,424,630,63,149,272,129,378,779,0,126,361,487
2007,Alameda County,June,15347,283,127,0,180,106,125,15346,1147,37,3,0,18,9,20,1140,410,411,40,47,145,115,198,458,0,130,320,450
2007,Alameda County,July,15346,304,130,0,202,96,124,15358,1140,33,6,0,15,18,27,1119,434,422,39,60,151,114,217,482,0,136,337,473
2007,Alameda County,August,15358,341,121,0,193,96,84,15447,1119,30,3,0,16,12,21,1103,462,373,33,49,105,108,209,422,0,124,371,495
2007,Alameda County,September,15447,287,104,0,196,88,44,15510,1103,40,6,0,9,13,49,1078,391,328,46,71,93,101,205,399,0,110,327,437
2007,Alameda County,October,15510,310,156,0,225,122,142,15487,1078,25,10,7,16,16,23,1065,466,489,42,55,165,138,241,544,7,166,335,508
2007,Alameda County,November,15487,289,133,0,169,76,143,15521,1065,43,2,0,8,6,27,1069,422,388,45,41,170,82,177,429,0,135,332,467
2007,Alameda County,December,15521,284,146,0,183,98,172,15498,1069,46,7,12,17,13,79,1025,430,453,65,109,251,111,200,562,12,153,330,495
2007,Alpine County,January,17,1,0,0,0,0,0,18,30,1,0,0,2,0,0,29,1,0,1,2,0,0,2,2,0,0,2,2
2007,Alpine County,February,18,0,1,0,0,1,0,18,29,0,0,0,1,0,0,28,1,1,0,1,0,1,1,2,0,1,0,1
2007,Alpine County,March,18,0,1,0,0,2,0,17,28,3,0,0,0,3,1,27,1,2,3,4,1,5,0,6,0,1,3,4
2007,Alpine County,April,17,0,1,0,0,0,0,18,27,3,0,0,1,0,0,29,1,0,3,1,0,0,1,1,0,1,3,4
2007,Alpine County,May,18,0,1,0,0,0,0,19,29,0,0,0,2,1,1,25,1,0,0,4,1,1,2,4,0,1,0,1
2007,Alpine County,June,19,2,1,0,1,0,0,21,25,0,1,0,2,1,0,23,3,1,1,3,0,1,3,4,0,2,2,4
2007,Alpine County,July,21,0,0,0,0,0,0,21,23,1,1,0,0,4,0,21,0,0,2,4,0,4,0,4,0,1,1,2
2007,Alpine County,August,21,2,0,0,0,0,0,23,21,1,2,0,0,0,0,24,2,0,3,0,0,0,0,0,0,2,3,5
2007,Alpine County,September,23,1,0,0,1,0,0,23,24,0,3,0,2,0,0,25,1,1,3,2,0,0,3,3,0,3,1,4
2007,Alpine County,October,23,0,0,0,0,0,0,23,25,2,0,0,2,0,0,25,0,0,2,2,0,0,2,2,0,0,2,2
2007,Alpine County,November,23,0,0,0,1,2,0,20,25,0,1,0,0,1,0,25,0,3,1,1,0,3,1,4,0,1,0,1
2007,Alpine County,December,20,0,1,0,0,1,0,20,25,0,0,0,0,0,0,25,1,1,0,0,0,1,0,1,0,1,0,1
2007,Amador County,January,362,12,11,0,9,18,0,358,770,32,3,0,32,12,0,761,23,27,35,44,0,30,41,71,0,14,44,58
2007,Amador County,February,358,11,8,0,16,20,0,475,761,40,11,0,20,18,0,1083,19,36,51,38,0,38,36,74,0,19,51,70
2007,Amador County,March,475,14,8,0,12,17,0,468,1083,11,6,0,61,12,0,1027,22,29,17,73,0,29,73,102,0,14,25,39
2007,Amador County,April,468,12,10,0,13,24,0,453,1027,42,11,0,28,15,0,1037,22,37,53,43,0,39,41,80,0,21,54,75
2007,Amador County,May,453,6,7,0,10,11,0,445,1037,31,11,0,24,7,0,1048,13,21,42,31,0,18,34,52,0,18,37,55
2007,Amador County,June,445,14,12,0,10,11,0,450,1048,16,6,0,33,12,0,1025,26,21,22,45,0,23,43,66,0,18,30,48
2007,Amador County,July,450,8,11,0,6,15,0,448,1025,45,6,0,22,10,0,1044,19,21,51,32,0,25,28,53,0,17,53,70
2007,Amador County,August,448,13,19,0,16,12,0,452,1044,48,12,0,36,14,0,1054,32,28,60,50,0,26,52,78,0,31,61,92
2007,Amador County,September,452,13,4,0,6,14,0,449,1054,24,6,0,38,4,0,1042,17,20,30,42,0,18,44,62,0,10,37,47
2007,Amador County,October,449,9,23,0,17,14,0,450,1042,43,15,0,39,7,0,1054,32,31,58,46,0,21,56,77,0,38,52,90
2007,Amador County,November,450,13,10,0,8,10,0,455,1054,22,8,0,28,6,0,1050,23,18,30,34,0,16,36,52,0,18,35,53
2007,Amador County,December,455,5,11,0,7,20,0,444,1050,29,7,0,30,14,0,1042,16,27,36,44,0,34,37,71,0,18,34,52
2007,Butte County,January,1215,45,20,0,27,40,0,1213,684,22,1,0,2,4,0,701,65,67,23,6,0,44,29,73,0,21,67,88
2007,Butte County,February,1213,27,16,0,18,28,0,1210,701,14,1,0,4,5,0,707,43,46,15,9,0,33,22,55,0,17,41,58
2007,Butte County,March,1221,40,19,0,27,56,1,1196,708,12,1,0,1,10,0,710,59,84,13,11,1,66,28,95,0,20,52,72
2007,Butte County,April,1196,45,5,0,17,30,1,1198,710,16,0,0,0,9,0,717,50,48,16,9,1,39,17,57,0,5,61,66
2007,Butte County,May,1390,79,21,0,31,56,2,1401,836,37,5,0,3,30,2,843,100,89,42,35,4,86,34,124,0,26,116,142
2007,Butte County,June,1779,71,18,0,23,46,1,1798,838,44,5,0,17,34,1,835,89,70,49,52,2,80,40,122,0,23,115,138
2007,Butte County,July,1773,54,20,0,33,69,1,1744,814,44,6,0,26,19,0,819,74,103,50,45,1,88,59,148,0,26,98,124
2007,Butte County,August,1741,45,12,0,30,62,1,1705,817,41,8,0,31,24,0,811,57,93,49,55,1,86,61,148,0,20,86,106
2007,Butte County,September,1677,54,16,0,40,35,2,1670,794,35,5,0,21,22,0,791,70,77,40,43,2,57,61,120,0,21,89,110
2007,Butte County,October,1669,70,16,0,24,39,3,1689,792,37,8,0,29,20,2,786,86,66,45,51,5,59,53,117,0,24,107,131
2007,Butte County,November,1659,61,14,0,32,49,2,1651,766,23,7,0,22,13,1,760,75,83,30,36,3,62,54,119,0,21,84,105
2007,Butte County,December,1635,39,27,0,29,41,1,1630,764,24,9,0,18,10,1,768,66,71,33,29,2,51,47,100,0,36,63,99
2007,Calaveras County,January,276,6,2,3,7,2,4,274,144,6,1,0,4,4,0,143,11,13,7,8,4,6,11,21,3,3,12,18
2007,Calaveras County,February,281,6,3,5,6,2,1,286,144,4,2,0,9,3,1,137,14,9,6,13,2,5,15,22,5,5,10,20
2007,Calaveras County,March,286,9,3,4,10,1,0,291,137,8,1,2,4,2,0,142,16,11,11,6,0,3,14,17,6,4,17,27
2007,Calaveras County,April,291,6,1,4,7,2,0,293,142,7,0,0,4,2,0,143,11,9,7,6,0,4,11,15,4,1,13,18
2007,Calaveras County,May,293,11,3,4,11,0,0,300,143,9,0,0,2,3,0,147,18,11,9,5,0,3,13,16,4,3,20,27
2007,Calaveras County,June,300,11,4,3,7,5,0,306,147,7,4,0,6,3,0,149,18,12,11,9,0,8,13,21,3,8,18,29
2007,Calaveras County,July,306,10,0,1,7,3,0,307,149,2,1,0,4,4,0,144,11,10,3,8,0,7,11,18,1,1,12,14
2007,Calaveras County,August,307,7,6,1,6,7,0,308,144,12,4,1,2,5,0,154,14,13,17,7,0,12,8,20,2,10,19,31
2007,Calaveras County,September,308,8,4,1,8,7,2,304,154,10,3,0,4,8,0,155,13,17,13,12,2,15,12,29,1,7,18,26
2007,Calaveras County,October,304,9,4,2,10,5,9,295,155,13,2,1,5,6,0,160,15,24,16,11,9,11,15,35,3,6,22,31
2007,Calaveras County,November,295,2,3,1,8,4,7,282,160,9,6,2,6,5,0,166,6,19,17,11,7,9,14,30,3,9,11,23
2007,Calaveras County,December,282,9,2,1,14,3,4,273,166,8,1,0,7,5,1,162,12,21,9,13,5,8,21,34,1,3,17,21
2007,Colusa County,January,127,10,4,0,0,9,0,132,97,4,2,0,2,1,0,100,14,9,6,3,0,10,2,12,0,6,14,20
2007,Colusa County,February,132,5,3,0,1,8,0,131,100,4,5,0,1,3,0,105,8,9,9,4,0,11,2,13,0,8,9,17
2007,Colusa County,March,131,7,2,0,6,6,0,128,105,6,3,0,3,6,0,105,9,12,9,9,0,12,9,21,0,5,13,18
2007,Colusa County,April,128,3,2,0,2,1,0,130,105,5,3,0,3,1,0,109,5,3,8,4,0,2,5,7,0,5,8,13
2007,Colusa County,May,130,5,3,0,4,3,0,131,109,7,3,0,2,3,0,114,8,7,10,5,0,6,6,12,0,6,12,18
2007,Colusa County,June,131,9,4,0,5,4,0,135,114,5,3,0,4,3,0,115,13,9,8,7,0,7,9,16,0,7,14,21
2007,Colusa County,July,135,5,2,0,3,9,0,130,115,10,0,0,2,3,0,120,7,12,10,5,0,12,5,17,0,2,15,17
2007,Colusa County,August,130,7,3,0,2,5,0,133,120,10,1,0,1,8,0,122,10,7,11,9,0,13,3,16,0,4,17,21
2007,Colusa County,September,133,3,3,0,1,4,0,134,122,14,4,0,1,5,0,134,6,5,18,6,0,9,2,11,0,7,17,24
2007,Colusa County,October,134,10,5,0,1,3,0,145,134,11,1,0,3,5,0,138,15,4,12,8,0,8,4,12,0,6,21,27
2007,Colusa County,November,145,9,5,0,2,3,0,154,138,5,2,0,0,2,0,143,14,5,7,2,0,5,2,7,0,7,14,21
2007,Colusa County,December,154,6,4,0,0,1,0,163,143,4,2,0,0,3,0,146,10,1,6,3,0,4,0,4,0,6,10,16
2007,Contra Costa County,January,3058,152,91,18,120,90,16,3093,0,0,0,0,0,0,0,0,261,226,0,0,16,90,120,226,18,91,152,261
2007,Contra Costa County,February,3093,107,76,7,60,94,13,3116,0,0,0,0,0,0,0,0,190,167,0,0,13,94,60,167,7,76,107,190
2007,Contra Costa County,March,3116,122,91,19,82,118,14,3134,0,0,0,0,0,0,0,0,232,214,0,0,14,118,82,214,19,91,122,232
2007,Contra Costa County,April,3134,115,62,11,95,120,18,3089,0,0,0,0,0,0,0,0,188,233,0,0,18,120,95,233,11,62,115,188
2007,Contra Costa County,May,3089,141,87,7,64,119,26,3115,0,0,0,0,0,0,0,0,235,209,0,0,26,119,64,209,7,87,141,235
2007,Contra Costa County,June,3115,156,94,7,46,123,17,3186,0,0,0,0,0,0,0,0,257,186,0,0,17,123,46,186,7,94,156,257
2007,Contra Costa County,July,3186,86,78,8,91,112,14,3141,0,0,0,0,0,0,0,0,172,217,0,0,14,112,91,217,8,78,86,172
2007,Contra Costa County,August,3141,146,112,8,53,89,11,3254,0,0,0,0,0,0,0,0,266,153,0,0,11,89,53,153,8,112,146,266
2007,Contra Costa County,September,3254,108,105,5,75,131,28,3238,0,0,0,0,0,0,0,0,218,234,0,0,28,131,75,234,5,105,108,218
2007,Contra Costa County,October,3238,152,93,11,98,128,24,3244,0,0,0,0,0,0,0,0,256,250,0,0,24,128,98,250,11,93,152,256
2007,Contra Costa County,November,3244,114,99,10,73,107,17,3270,0,0,0,0,0,0,0,0,223,197,0,0,17,107,73,197,10,99,114,223
2007,Contra Costa County,December,3270,99,76,7,77,115,4,3256,0,0,0,0,0,0,0,0,182,196,0,0,4,115,77,196,7,76,99,182
2007,Del Norte County,January,262,6,0,0,4,1,1,262,59,4,0,0,2,2,0,59,6,6,4,4,1,3,6,10,0,0,10,10
2007,Del Norte County,February,262,8,5,0,12,16,1,246,59,4,3,0,5,6,1,54,13,29,7,12,2,22,17,41,0,8,12,20
2007,Del Norte County,March,183,0,0,0,0,0,0,183,129,0,0,0,0,0,0,129,0,0,0,0,0,0,0,0,0,0,0,0
2007,Del Norte County,April,183,9,16,0,9,3,0,196,129,5,4,0,8,7,0,123,25,12,9,15,0,10,17,27,0,20,14,34
2007,Del Norte County,May,196,4,9,0,11,6,0,192,123,4,3,0,5,8,0,117,13,17,7,13,0,14,16,30,0,12,8,20
2007,Del Norte County,June,192,6,7,0,5,9,0,191,117,4,8,0,2,7,1,119,13,14,12,10,1,16,7,24,0,15,10,25
2007,Del Norte County,July,191,6,8,0,4,3,0,198,119,4,6,0,3,1,1,124,14,7,10,5,1,4,7,12,0,14,10,24
2007,Del Norte County,August,198,4,8,0,5,10,2,193,124,4,2,0,0,7,0,123,12,17,6,7,2,17,5,24,0,10,8,18
2007,Del Norte County,September,193,4,9,2,7,11,1,189,123,3,2,2,2,10,0,118,15,19,7,12,1,21,9,31,4,11,7,22
2007,Del Norte County,October,189,4,1,0,9,3,2,180,118,10,0,2,6,6,0,118,5,14,12,12,2,9,15,26,2,1,14,17
2007,Del Norte County,November,180,3,9,0,1,7,1,183,118,13,6,0,4,4,0,129,12,9,19,8,1,11,5,17,0,15,16,31
2007,Del Norte County,December,183,4,3,1,2,2,1,186,129,6,2,0,2,1,1,133,8,5,8,4,2,3,4,9,1,5,10,16
2007,El Dorado County,January,1494,54,30,30,49,40,28,1491,184,22,2,2,12,3,1,194,114,117,26,16,29,43,61,133,32,32,76,140
2007,El Dorado County,February,1491,66,16,8,53,32,26,1470,194,36,3,0,10,8,2,213,90,111,39,20,28,40,63,131,8,19,102,129
2007,El Dorado County,March,1470,72,20,24,43,41,39,1463,213,43,1,1,21,6,0,231,116,123,45,27,39,47,64,150,25,21,115,161
2007,El Dorado County,April,1463,74,22,82,61,41,62,1477,231,27,3,3,24,15,1,224,178,164,33,40,63,56,85,204,85,25,101,211
2007,El Dorado County,May,1477,64,23,59,36,30,35,1522,224,32,2,6,31,4,4,225,146,101,40,39,39,34,67,140,65,25,96,186
2007,El Dorado County,June,1522,49,20,9,34,59,12,1495,225,36,1,0,9,5,0,248,78,105,37,14,12,64,43,119,9,21,85,115
2007,El Dorado County,July,1495,50,21,3,50,44,20,1455,248,26,3,0,15,4,0,258,74,114,29,19,20,48,65,133,3,24,76,103
2007,El Dorado County,August,1455,40,25,4,48,48,24,1404,258,28,1,3,19,16,1,254,69,120,32,36,25,64,67,156,7,26,68,101
2007,El Dorado County,September,1404,40,18,4,31,40,27,1368,254,17,5,0,20,12,3,241,62,98,22,35,30,52,51,133,4,23,57,84
2007,El Dorado County,October,1368,27,9,15,38,21,14,1346,241,24,4,1,5,16,1,248,51,73,29,22,15,37,43,95,16,13,51,80
2007,El Dorado County,November,1346,17,15,10,38,13,12,1325,248,25,5,2,17,3,0,260,42,63,32,20,12,16,55,83,12,20,42,74
2007,El Dorado County,December,1325,25,7,15,37,21,8,1306,260,27,1,2,9,2,1,278,47,66,30,12,9,23,46,78,17,8,52,77
2007,Fresno County,January,7341,207,292,1,239,418,1,7183,2236,85,168,1,148,152,1,2189,500,658,254,301,2,570,387,959,2,460,292,754
2007,Fresno County,February,7183,240,255,3,226,280,1,7174,2189,57,38,1,92,30,1,2162,498,507,96,123,2,310,318,630,4,293,297,594
2007,Fresno County,March,7174,331,305,3,227,377,3,7206,2162,91,33,2,67,37,0,2184,639,607,126,104,3,414,294,711,5,338,422,765
2007,Fresno County,April,7206,350,309,0,220,485,0,7160,2184,80,54,0,81,42,0,2195,659,705,134,123,0,527,301,828,0,363,430,793
2007,Fresno County,May,7160,279,378,0,225,481,3,7108,2195,90,67,2,83,68,0,2203,657,709,159,151,3,549,308,860,2,445,369,816
2007,Fresno County,June,7108,252,320,3,172,324,1,7186,2203,92,95,1,35,124,0,2232,575,497,188,159,1,448,207,656,4,415,344,763
2007,Fresno County,July,7186,319,265,0,232,331,3,7204,2232,92,36,3,59,34,0,2270,584,566,131,93,3,365,291,659,3,301,411,715
2007,Fresno County,August,7204,305,319,3,238,468,0,7125,2270,80,42,0,53,35,0,2304,627,706,122,88,0,503,291,794,3,361,385,749
2007,Fresno County,September,7125,280,258,3,218,354,1,7093,2304,87,79,1,41,70,0,2360,541,573,167,111,1,424,259,684,4,337,367,708
2007,Fresno County,October,7093,326,332,5,382,548,1,6825,2360,117,72,0,80,60,0,2409,663,931,189,140,1,608,462,1071,5,404,443,852
2007,Fresno County,November,6825,222,328,5,158,363,1,6858,2409,61,58,2,48,58,0,2424,555,522,121,106,1,421,206,628,7,386,283,676
2007,Fresno County,December,6858,285,256,0,271,307,1,6820,2424,109,43,1,82,68,0,2427,541,579,153,150,1,375,353,729,1,299,394,694
2007,Glenn County,January,833,7,3,0,0,0,2,841,518,5,4,0,1,1,0,525,10,2,9,2,2,1,1,4,0,7,12,19
2007,Glenn County,February,841,6,0,0,10,2,8,827,525,16,0,0,0,0,0,541,6,20,16,0,8,2,10,20,0,0,22,22
2007,Glenn County,March,827,4,3,0,1,0,6,827,541,5,3,0,0,0,0,549,7,7,8,0,6,0,1,7,0,6,9,15
2007,Glenn County,April,827,15,1,0,0,0,1,842,549,8,4,0,0,0,0,561,16,1,12,0,1,0,0,1,0,5,23,28
2007,Glenn County,May,842,8,4,0,0,0,1,853,561,2,3,0,0,0,0,566,12,1,5,0,1,0,0,1,0,7,10,17
2007,Glenn County,June,853,7,3,0,0,4,0,859,566,6,2,0,0,0,0,574,10,4,8,0,0,4,0,4,0,5,13,18
2007,Glenn County,July,859,10,1,0,0,3,0,867,574,4,6,0,0,0,0,584,11,3,10,0,0,3,0,3,0,7,14,21
2007,Glenn County,August,867,10,3,0,0,0,0,880,584,4,0,0,2,0,0,586,13,0,4,2,0,0,2,2,0,3,14,17
2007,Glenn County,September,880,3,2,0,0,0,5,880,586,5,1,0,0,0,0,592,5,5,6,0,5,0,0,5,0,3,8,11
2007,Glenn County,October,880,1,1,0,3,0,2,877,592,10,0,0,0,0,0,602,2,5,10,0,2,0,3,5,0,1,11,12
2007,Glenn County,November,877,3,2,0,1,0,0,881,602,9,2,0,0,0,0,613,5,1,11,0,0,0,1,1,0,4,12,16
2007,Glenn County,December,881,3,2,0,1,0,2,883,613,5,2,0,2,0,0,618,5,3,7,2,2,0,3,5,0,4,8,12
2007,Humboldt County,January,1445,29,0,4,48,8,8,1414,0,0,0,0,0,0,0,0,33,64,0,0,8,8,48,64,4,0,29,33
2007,Humboldt County,February,1412,21,0,1,23,9,3,1399,38,0,0,0,0,0,0,38,22,35,0,0,3,9,23,35,1,0,21,22
2007,Humboldt County,March,1399,26,0,5,21,11,3,1395,38,0,0,0,0,0,0,38,31,35,0,0,3,11,21,35,5,0,26,31
2007,Humboldt County,April,1395,23,0,4,16,18,5,1383,37,0,0,0,0,0,0,37,27,39,0,0,5,18,16,39,4,0,23,27
2007,Humboldt County,May,1383,37,0,3,27,13,4,1379,37,0,0,1,0,0,0,38,40,44,1,0,4,13,27,44,4,0,37,41
2007,Humboldt County,June,1379,33,0,3,9,11,1,1394,38,0,0,0,0,0,0,38,36,21,0,0,1,11,9,21,3,0,33,36
2007,Humboldt County,July,1394,41,0,3,34,7,1,1396,38,2,0,0,0,0,0,40,44,42,2,0,1,7,34,42,3,0,43,46
2007,Humboldt County,August,1396,41,0,2,43,11,1,1384,40,1,0,0,0,0,0,41,43,55,1,0,1,11,43,55,2,0,42,44
2007,Humboldt County,September,1384,22,0,1,16,8,2,1381,41,1,0,0,0,0,0,42,23,26,1,0,2,8,16,26,1,0,23,24
2007,Humboldt County,October,1381,35,0,5,53,6,7,1355,42,0,0,0,4,0,0,38,40,66,0,4,7,6,57,70,5,0,35,40
2007,Humboldt County,November,1355,29,0,1,27,7,0,1351,38,2,0,1,1,0,0,40,30,34,3,1,0,7,28,35,2,0,31,33
2007,Humboldt County,December,1351,26,0,3,26,8,3,1343,40,0,0,1,1,0,0,40,29,37,1,1,3,8,27,38,4,0,26,30
2007,Imperial County,January,43,30,11,0,36,7,0,41,97,11,0,0,1,0,0,107,41,43,11,1,0,7,37,44,0,11,41,52
2007,Imperial County,February,41,16,10,0,48,11,0,8,107,5,0,0,3,0,0,109,26,59,5,3,0,11,51,62,0,10,21,31
2007,Imperial County,March,8,67,28,0,51,27,0,25,109,16,0,0,19,0,0,106,95,78,16,19,0,27,70,97,0,28,83,111
2007,Imperial County,April,25,22,11,0,35,7,0,16,106,10,0,0,14,0,0,102,33,42,10,14,0,7,49,56,0,11,32,43
2007,Imperial County,May,16,42,15,0,45,7,0,21,102,10,0,0,11,0,0,101,57,52,10,11,0,7,56,63,0,15,52,67
2007,Imperial County,June,21,34,18,0,50,14,0,9,101,10,0,0,8,0,0,103,52,64,10,8,0,14,58,72,0,18,44,62
2007,Imperial County,July,9,57,21,0,49,12,0,26,103,11,0,0,18,0,0,96,78,61,11,18,0,12,67,79,0,21,68,89
2007,Imperial County,August,26,35,0,0,45,3,0,13,96,16,0,0,7,0,0,105,35,48,16,7,0,3,52,55,0,0,51,51
2007,Imperial County,September,13,46,31,0,12,20,0,58,105,17,0,0,8,0,0,114,77,32,17,8,0,20,20,40,0,31,63,94
2007,Imperial County,October,58,46,10,0,0,0,0,114,114,25,0,0,8,0,0,131,56,0,25,8,0,0,8,8,0,10,71,81
2007,Imperial County,November,114,38,7,0,76,7,0,76,131,15,0,0,2,0,0,144,45,83,15,2,0,7,78,85,0,7,53,60
2007,Imperial County,December,76,80,8,0,78,5,0,81,144,21,0,0,1,0,0,164,88,83,21,1,0,5,79,84,0,8,101,109
2007,Inyo County,January,608,2,7,1,6,2,1,609,848,12,4,0,11,3,0,850,10,9,16,14,1,5,17,23,1,11,14,26
2007,Inyo County,February,609,7,10,0,8,8,0,610,850,16,6,0,4,20,1,847,17,16,22,25,1,28,12,41,0,16,23,39
2007,Inyo County,March,610,8,7,0,1,8,1,615,847,23,5,0,13,4,0,858,15,10,28,17,1,12,14,27,0,12,31,43
2007,Inyo County,April,615,8,5,0,1,5,0,622,858,20,13,0,2,5,0,884,13,6,33,7,0,10,3,13,0,18,28,46
2007,Inyo County,May,622,2,3,1,6,11,1,610,884,13,16,0,4,13,1,895,6,18,29,18,2,24,10,36,1,19,15,35
2007,Inyo County,June,610,11,7,0,7,5,1,615,895,6,7,0,4,7,1,896,18,13,13,12,2,12,11,25,0,14,17,31
2007,Inyo County,July,615,5,4,0,3,11,0,610,896,17,8,0,4,8,0,909,9,14,25,12,0,19,7,26,0,12,22,34
2007,Inyo County,August,610,6,10,0,6,4,1,615,909,13,4,0,17,14,0,895,16,11,17,31,1,18,23,42,0,14,19,33
2007,Inyo County,September,615,7,5,0,9,9,1,608,895,21,9,1,12,9,0,905,12,19,31,21,1,18,21,40,1,14,28,43
2007,Inyo County,October,608,12,11,0,5,10,1,615,905,19,20,0,4,24,0,916,23,16,39,28,1,34,9,44,0,31,31,62
2007,Inyo County,November,615,5,7,0,2,3,0,622,916,9,13,0,10,7,0,921,12,5,22,17,0,10,12,22,0,20,14,34
2007,Inyo County,December,622,3,4,1,5,6,1,618,921,11,8,0,8,16,0,916,8,12,19,24,1,22,13,36,1,12,14,27
2007,Kern County,January,7311,189,0,0,119,160,0,7221,853,10,0,0,11,20,0,832,189,279,10,31,0,180,130,310,0,0,199,199
2007,Kern County,February,7221,319,0,0,55,82,0,7403,832,40,0,0,8,20,0,844,319,137,40,28,0,102,63,165,0,0,359,359
2007,Kern County,March,7403,183,0,0,181,106,0,7299,844,150,0,0,4,10,0,980,183,287,150,14,0,116,185,301,0,0,333,333
2007,Kern County,April,7299,379,0,0,57,100,0,7521,980,24,0,0,22,41,0,941,379,157,24,63,0,141,79,220,0,0,403,403
2007,Kern County,May,7521,340,0,0,80,203,0,7578,941,11,0,0,23,34,0,895,340,283,11,57,0,237,103,340,0,0,351,351
2007,Kern County,June,7578,321,0,0,150,227,0,7522,895,15,0,0,18,30,0,862,321,377,15,48,0,257,168,425,0,0,336,336
2007,Kern County,July,7522,365,0,0,105,161,0,7621,862,10,0,0,22,32,0,818,365,266,10,54,0,193,127,320,0,0,375,375
2007,Kern County,August,7621,292,0,0,77,154,0,7682,818,16,0,0,13,24,0,797,292,231,16,37,0,178,90,268,0,0,308,308
2007,Kern County,September,7682,204,0,0,207,97,0,7582,797,10,0,0,17,17,0,773,204,304,10,34,0,114,224,338,0,0,214,214
2007,Kern County,October,7582,232,0,0,125,135,0,7554,773,16,0,0,34,39,0,716,232,260,16,73,0,174,159,333,0,0,248,248
2007,Kern County,November,7554,160,0,0,85,41,0,7588,716,15,0,0,16,20,0,695,160,126,15,36,0,61,101,162,0,0,175,175
2007,Kern County,December,7588,194,0,0,81,126,0,7575,695,10,0,0,18,28,0,659,194,207,10,46,0,154,99,253,0,0,204,204
2007,Kings County,January,835,47,5,4,15,20,10,846,4283,80,35,4,19,59,0,4324,56,45,119,78,10,79,34,123,8,40,127,175
2007,Kings County,February,846,0,0,0,0,0,0,1081,4324,0,0,0,0,0,0,3056,0,0,0,0,0,0,0,0,0,0,0,0
2007,Kings County,March,1081,52,13,3,25,19,0,1105,3056,64,23,0,17,38,0,3088,68,44,87,55,0,57,42,99,3,36,116,155
2007,Kings County,April,1105,60,15,7,26,19,0,1142,3088,70,25,0,15,41,0,3127,82,45,95,56,0,60,41,101,7,40,130,177
2007,Kings County,May,1142,60,12,4,53,25,0,1140,3127,68,27,0,32,68,0,3122,76,78,95,100,0,93,85,178,4,39,128,171
2007,Kings County,June,1140,62,35,8,48,22,0,1175,3122,91,38,0,26,40,0,3185,105,70,129,66,0,62,74,136,8,73,153,234
2007,Kings County,July,1175,61,34,4,51,41,0,1182,3185,87,38,0,46,68,0,3196,99,92,125,114,0,109,97,206,4,72,148,224
2007,Kings County,August,1182,76,28,0,48,12,0,1226,3196,202,83,0,33,8,0,3440,104,60,285,41,0,20,81,101,0,111,278,389
2007,Kings County,September,1226,54,21,5,58,21,11,1216,3440,48,6,0,210,104,9,3171,80,90,54,323,20,125,268,413,5,27,102,134
2007,Kings County,October,1216,60,35,6,45,32,3,1237,3171,63,22,0,63,42,6,3145,101,80,85,111,9,74,108,191,6,57,123,186
2007,Kings County,November,1237,36,68,7,109,88,25,1126,3145,101,76,7,53,31,8,3237,111,222,184,92,33,119,162,314,14,144,137,295
2007,Kings County,December,1126,112,189,13,75,79,31,1255,3237,189,140,7,46,53,11,3463,314,185,336,110,42,132,121,295,20,329,301,650
2007,Lake County,January,571,10,8,0,1,23,0,565,31,0,0,0,0,0,0,31,18,24,0,0,0,23,1,24,0,8,10,18
2007,Lake County,February,565,10,2,0,4,0,0,573,31,0,0,0,25,0,0,6,12,4,0,25,0,0,29,29,0,2,10,12
2007,Lake County,March,573,14,2,0,6,23,0,560,6,0,0,0,0,0,0,6,16,29,0,0,0,23,6,29,0,2,14,16
2007,Lake County,April,560,14,6,0,6,15,0,559,6,0,0,0,0,0,0,6,20,21,0,0,0,15,6,21,0,6,14,20
2007,Lake County,May,559,16,9,0,11,19,0,554,6,0,0,0,0,0,0,6,25,30,0,0,0,19,11,30,0,9,16,25
2007,Lake County,June,554,11,6,0,10,6,0,555,6,0,0,0,0,0,0,6,17,16,0,0,0,6,10,16,0,6,11,17
2007,Lake County,July,555,15,5,0,1,4,0,570,6,0,0,0,0,0,0,6,20,5,0,0,0,4,1,5,0,5,15,20
2007,Lake County,August,570,12,15,0,9,10,0,578,6,0,0,0,0,0,0,6,27,19,0,0,0,10,9,19,0,15,12,27
2007,Lake County,September,578,10,15,0,8,0,0,595,6,0,0,0,0,0,0,6,25,8,0,0,0,0,8,8,0,15,10,25
2007,Lake County,October,595,10,14,0,5,6,0,608,6,0,0,0,0,0,0,6,24,11,0,0,0,6,5,11,0,14,10,24
2007,Lake County,November,608,15,0,0,13,0,0,610,6,0,0,0,0,0,0,6,15,13,0,0,0,0,13,13,0,0,15,15
2007,Lake County,December,610,16,20,0,1,3,0,642,6,0,0,0,0,0,0,6,36,4,0,0,0,3,1,4,0,20,16,36
2007,Lassen County,January,206,16,0,0,3,0,0,219,172,10,0,0,4,0,0,178,16,3,10,4,0,0,7,7,0,0,26,26
2007,Lassen County,February,219,13,0,0,4,0,0,228,178,7,0,0,3,0,0,182,13,4,7,3,0,0,7,7,0,0,20,20
2007,Lassen County,March,228,13,0,0,4,0,0,237,182,6,0,0,2,0,0,186,13,4,6,2,0,0,6,6,0,0,19,19
2007,Lassen County,April,237,12,0,0,3,0,0,246,186,8,0,0,1,0,0,193,12,3,8,1,0,0,4,4,0,0,20,20
2007,Lassen County,May,246,15,0,0,1,0,0,260,193,9,0,0,1,0,0,201,15,1,9,1,0,0,2,2,0,0,24,24
2007,Lassen County,June,358,9,0,0,3,3,3,358,205,10,0,0,4,1,1,209,9,9,10,6,4,4,7,15,0,0,19,19
2007,Lassen County,July,361,11,0,0,4,4,4,360,210,9,0,0,9,2,2,206,11,12,9,13,6,6,13,25,0,0,20,20
2007,Lassen County,August,364,16,0,0,4,3,3,370,208,5,0,0,2,3,3,205,16,10,5,8,6,6,6,18,0,0,21,21
2007,Lassen County,September,372,8,0,0,10,4,4,362,208,5,0,0,5,6,6,196,8,18,5,17,10,10,15,35,0,0,13,13
2007,Lassen County,October,366,8,0,0,4,3,3,364,201,1,0,0,3,1,1,197,8,10,1,5,4,4,7,15,0,0,9,9
2007,Lassen County,November,367,7,0,0,3,3,3,365,198,2,0,0,3,2,2,193,7,9,2,7,5,5,6,16,0,0,9,9
2007,Lassen County,December,368,6,0,0,7,6,6,355,195,3,0,0,7,2,1,188,6,19,3,10,7,8,14,29,0,0,9,9
2007,Los Angeles County,January,55037,1272,560,0,931,1257,48,54633,6744,39,56,0,136,65,74,6564,1832,2236,95,275,122,1322,1067,2511,0,616,1311,1927
2007,Los Angeles County,February,55055,1098,452,0,849,1064,57,54635,6682,32,47,0,121,54,41,6545,1550,1970,79,216,98,1118,970,2186,0,499,1130,1629
2007,Los Angeles County,March,54678,1359,549,0,1107,1211,75,54193,6477,47,50,0,206,41,60,6267,1908,2393,97,307,135,1252,1313,2700,0,599,1406,2005
2007,Los Angeles County,April,54539,1218,566,0,949,1065,56,54253,6308,44,24,0,135,36,56,6149,1784,2070,68,227,112,1101,1084,2297,0,590,1262,1852
2007,Los Angeles County,May,54737,1373,512,0,988,1099,53,54482,6272,45,32,0,180,44,69,6056,1885,2140,77,293,122,1143,1168,2433,0,544,1418,1962
2007,Los Angeles County,June,54872,1185,463,0,993,1128,78,54321,6202,51,36,0,142,34,60,6053,1648,2199,87,236,138,1162,1135,2435,0,499,1236,1735
2007,Los Angeles County,July,54986,1174,512,0,832,1090,49,54701,6178,46,35,0,135,27,44,6053,1686,1971,81,206,93,1117,967,2177,0,547,1220,1767
2007,Los Angeles County,August,55043,1209,512,0,940,1075,47,54702,6119,48,35,0,136,36,49,5981,1721,2062,83,221,96,1111,1076,2283,0,547,1257,1804
2007,Los Angeles County,September,55266,1098,429,0,826,989,42,54936,6159,53,27,0,116,23,31,6069,1527,1857,80,170,73,1012,942,2027,0,456,1151,1607
2007,Los Angeles County,October,55119,1209,448,0,851,1027,41,54857,6098,45,25,0,109,33,50,5976,1657,1919,70,192,91,1060,960,2111,0,473,1254,1727
2007,Los Angeles County,November,55318,1019,457,0,762,919,36,55077,6016,44,21,0,115,30,36,5900,1476,1717,65,181,72,949,877,1898,0,478,1063,1541
2007,Los Angeles County,December,55623,922,376,0,764,736,37,55384,5978,35,15,0,127,16,34,5851,1298,1537,50,177,71,752,891,1714,0,391,957,1348
2007,Madera County,January,2442,51,32,0,66,47,0,2412,809,24,7,0,27,17,0,796,83,113,31,44,0,64,93,157,0,39,75,114
2007,Madera County,February,2412,35,41,0,11,83,0,2394,796,16,3,0,7,13,0,795,76,94,19,20,0,96,18,114,0,44,51,95
2007,Madera County,March,2394,60,36,0,33,64,0,2393,795,24,15,0,23,41,0,770,96,97,39,64,0,105,56,161,0,51,84,135
2007,Madera County,April,2393,60,34,0,23,66,0,2398,770,22,4,0,5,13,0,778,94,89,26,18,0,79,28,107,0,38,82,120
2007,Madera County,May,2398,58,47,0,18,72,0,2413,778,30,5,0,1,22,0,790,105,90,35,23,0,94,19,113,0,52,88,140
2007,Madera County,June,2413,62,40,0,21,76,0,2418,790,48,12,0,10,21,0,819,102,97,60,31,0,97,31,128,0,52,110,162
2007,Madera County,July,2418,36,21,0,16,42,0,2417,819,25,5,0,14,13,0,822,57,58,30,27,0,55,30,85,0,26,61,87
2007,Madera County,August,2417,59,36,0,27,63,0,2422,822,18,2,0,8,16,0,818,95,90,20,24,0,79,35,114,0,38,77,115
2007,Madera County,September,2422,57,44,0,14,90,0,2419,818,25,13,0,11,31,0,814,101,104,38,42,0,121,25,146,0,57,82,139
2007,Madera County,October,2419,54,56,0,14,90,0,2425,814,19,17,0,6,33,0,811,110,104,36,39,0,123,20,143,0,73,73,146
2007,Madera County,November,2425,43,49,0,19,76,0,2422,811,24,12,0,11,30,0,806,92,95,36,41,0,106,30,136,0,61,67,128
2007,Madera County,December,2422,61,50,0,15,102,0,2416,806,21,29,0,12,53,0,791,111,117,50,65,0,155,27,182,0,79,82,161
2007,Marin County,January,1292,40,10,0,23,22,0,1297,1296,42,10,0,21,18,0,1309,50,45,52,39,0,40,44,84,0,20,82,102
2007,Marin County,February,1297,19,5,0,34,14,0,1273,1309,29,7,0,41,27,0,1277,24,48,36,68,0,41,75,116,0,12,48,60
2007,Marin County,March,1273,42,11,0,25,20,0,1281,1277,36,9,0,42,41,0,1239,53,45,45,83,0,61,67,128,0,20,78,98
2007,Marin County,April,1281,25,6,0,31,31,0,1250,1239,39,10,0,46,37,0,1205,31,62,49,83,0,68,77,145,0,16,64,80
2007,Marin County,May,1250,38,9,0,10,10,0,1277,1205,28,7,0,24,3,0,1213,47,20,35,27,0,13,34,47,0,16,66,82
2007,Marin County,June,1277,31,8,0,15,30,0,1271,1213,28,7,0,23,19,0,1206,39,45,35,42,0,49,38,87,0,15,59,74
2007,Marin County,July,1271,37,9,0,14,21,0,1282,1206,46,12,0,20,23,0,1221,46,35,58,43,0,44,34,78,0,21,83,104
2007,Marin County,August,1282,41,10,0,23,34,0,1276,1221,34,9,0,34,28,0,1202,51,57,43,62,0,62,57,119,0,19,75,94
2007,Marin County,September,1276,35,9,0,22,19,0,1279,1202,34,9,0,19,19,0,1207,44,41,43,38,0,38,41,79,0,18,69,87
2007,Marin County,October,1279,20,5,0,17,16,0,1271,1207,28,7,0,28,17,0,1197,25,33,35,45,0,33,45,78,0,12,48,60
2007,Marin County,November,1271,26,7,0,15,18,0,1271,1197,37,9,0,15,20,0,1208,33,33,46,35,0,38,30,68,0,16,63,79
2007,Marin County,December,1271,30,8,0,8,13,0,1288,1208,34,8,0,8,20,0,1222,38,21,42,28,0,33,16,49,0,16,64,80
2007,Mariposa County,January,163,2,3,0,3,7,0,158,260,12,11,0,4,14,1,264,5,10,23,19,1,21,7,29,0,14,14,28
2007,Mariposa County,February,158,2,0,0,1,0,0,159,264,14,0,0,5,4,0,269,2,1,14,9,0,4,6,10,0,0,16,16
2007,Mariposa County,March,159,3,0,0,3,1,0,158,269,6,2,0,8,3,0,266,3,4,8,11,0,4,11,15,0,2,9,11
2007,Mariposa County,April,158,2,0,0,1,1,0,158,266,14,1,0,4,2,0,275,2,2,15,6,0,3,5,8,0,1,16,17
2007,Mariposa County,May,158,7,0,0,4,0,0,161,275,14,0,0,13,6,0,270,7,4,14,19,0,6,17,23,0,0,21,21
2007,Mariposa County,June,161,1,6,0,2,2,0,164,270,14,5,0,3,4,0,282,7,4,19,7,0,6,5,11,0,11,15,26
2007,Mariposa County,July,164,4,4,0,2,4,0,166,282,9,8,0,5,11,0,283,8,6,17,16,0,15,7,22,0,12,13,25
2007,Mariposa County,August,166,11,4,0,3,2,0,176,283,19,8,0,6,11,0,293,15,5,27,17,0,13,9,22,0,12,30,42
2007,Mariposa County,September,176,3,1,0,1,1,0,178,293,5,1,0,2,1,0,296,4,2,6,3,0,2,3,5,0,2,8,10
2007,Mariposa County,October,178,4,3,0,6,5,0,174,296,8,5,0,7,11,0,291,7,11,13,18,0,16,13,29,0,8,12,20
2007,Mariposa County,November,174,5,1,0,12,3,0,165,291,11,4,0,14,11,0,281,6,15,15,25,0,14,26,40,0,5,16,21
2007,Mariposa County,December,165,6,7,0,8,8,0,162,281,13,4,0,8,7,0,283,13,16,17,15,0,15,16,31,0,11,19,30
2007,Mendocino County,January,1186,17,19,0,5,2,0,1215,152,1,2,0,0,2,0,153,36,7,3,2,0,4,5,9,0,21,18,39
2007,Mendocino County,February,1215,14,16,0,5,7,0,1233,153,0,0,0,4,0,0,149,30,12,0,4,0,7,9,16,0,16,14,30
2007,Mendocino County,March,1233,22,12,0,7,6,0,1254,149,0,1,0,0,2,0,148,34,13,1,2,0,8,7,15,0,13,22,35
2007,Mendocino County,April,1254,17,20,0,7,7,0,1277,148,0,1,0,1,0,0,148,37,14,1,1,0,7,8,15,0,21,17,38
2007,Mendocino County,May,1277,18,15,0,10,11,0,1289,148,0,1,0,0,0,0,149,33,21,1,0,0,11,10,21,0,16,18,34
2007,Mendocino County,June,1289,29,13,0,7,4,0,1320,149,0,2,0,0,0,0,151,42,11,2,0,0,4,7,11,0,15,29,44
2007,Mendocino County,July,1320,41,26,0,11,8,0,1368,151,1,2,0,1,0,0,153,67,19,3,1,0,8,12,20,0,28,42,70
2007,Mendocino County,August,1368,31,16,0,4,10,0,1401,153,0,1,0,2,2,0,150,47,14,1,4,0,12,6,18,0,17,31,48
2007,Mendocino County,September,1401,16,10,0,6,11,0,1410,150,0,2,0,1,1,0,150,26,17,2,2,0,12,7,19,0,12,16,28
2007,Mendocino County,October,1410,17,30,0,7,12,0,1438,150,1,2,0,2,0,0,151,47,19,3,2,0,12,9,21,0,32,18,50
2007,Mendocino County,November,1438,22,7,0,15,5,0,1447,151,1,2,1,1,0,0,154,29,20,4,1,0,5,16,21,1,9,23,33
2007,Mendocino County,December,1447,20,10,0,5,6,0,1466,154,0,0,0,2,0,0,152,30,11,0,2,0,6,7,13,0,10,20,30
2007,Merced County,January,3514,141,100,0,179,76,10,3490,0,0,0,0,0,0,0,0,241,265,0,0,10,76,179,265,0,100,141,241
2007,Merced County,February,3490,87,59,0,115,66,11,3444,0,0,0,0,0,0,0,0,146,192,0,0,11,66,115,192,0,59,87,146
2007,Merced County,March,3444,158,102,0,187,91,22,3404,0,0,0,0,0,0,0,0,260,300,0,0,22,91,187,300,0,102,158,260
2007,Merced County,April,3404,149,86,0,89,30,6,3514,0,0,0,0,0,0,0,0,235,125,0,0,6,30,89,125,0,86,149,235
2007,Merced County,May,3514,161,100,0,143,89,12,3531,0,0,0,0,0,0,0,0,261,244,0,0,12,89,143,244,0,100,161,261
2007,Merced County,June,3531,123,97,0,110,71,3,3567,0,0,0,0,0,0,0,0,220,184,0,0,3,71,110,184,0,97,123,220
2007,Merced County,July,3567,107,98,0,195,102,13,3462,0,0,0,0,0,0,0,0,205,310,0,0,13,102,195,310,0,98,107,205
2007,Merced County,August,3462,124,112,0,165,77,22,3434,0,0,0,0,0,0,0,0,236,264,0,0,22,77,165,264,0,112,124,236
2007,Merced County,September,3434,109,82,0,73,79,5,3468,0,0,0,0,0,0,0,0,191,157,0,0,5,79,73,157,0,82,109,191
2007,Merced County,October,3468,93,76,0,171,80,5,3381,0,0,0,0,0,0,0,0,169,256,0,0,5,80,171,256,0,76,93,169
2007,Merced County,November,3381,98,77,0,163,87,7,3299,0,0,0,0,0,0,0,0,175,257,0,0,7,87,163,257,0,77,98,175
2007,Merced County,December,3299,116,101,0,146,94,8,3268,0,0,0,0,0,0,0,0,217,248,0,0,8,94,146,248,0,101,116,217
2007,Modoc County,January,143,4,0,0,2,0,0,145,185,2,0,0,1,0,0,186,4,2,2,1,0,0,3,3,0,0,6,6
2007,Modoc County,February,145,2,0,0,1,1,0,145,186,3,0,0,1,0,0,188,2,2,3,1,0,1,2,3,0,0,5,5
2007,Modoc County,March,145,2,0,0,5,0,0,142,188,2,0,0,4,0,0,186,2,5,2,4,0,0,9,9,0,0,4,4
2007,Modoc County,April,142,2,1,0,2,0,0,143,186,3,0,0,2,1,0,186,3,2,3,3,0,1,4,5,0,1,5,6
2007,Modoc County,May,143,2,0,0,0,2,0,143,186,2,0,0,1,0,0,187,2,2,2,1,0,2,1,3,0,0,4,4
2007,Modoc County,June,143,6,1,0,3,1,0,146,187,1,0,0,1,0,0,187,7,4,1,1,0,1,4,5,0,1,7,8
2007,Modoc County,July,146,4,0,0,3,2,0,145,187,2,0,0,2,0,0,187,4,5,2,2,0,2,5,7,0,0,6,6
2007,Modoc County,August,145,3,0,0,4,1,0,143,187,0,0,0,2,0,0,185,3,5,0,2,0,1,6,7,0,0,3,3
2007,Modoc County,September,143,3,2,0,4,0,0,144,185,2,0,0,0,0,0,187,5,4,2,0,0,0,4,4,0,2,5,7
2007,Modoc County,October,144,2,0,0,5,2,0,139,187,1,0,0,1,0,0,187,2,7,1,1,0,2,6,8,0,0,3,3
2007,Modoc County,November,140,4,2,0,4,0,0,142,187,1,0,0,2,0,0,186,6,4,1,2,0,0,6,6,0,2,5,7
2007,Modoc County,December,144,2,0,0,4,1,0,141,186,1,2,0,1,0,0,188,2,5,3,1,0,1,5,6,0,2,3,5
2007,Mono County,January,142,1,0,0,4,0,0,139,96,3,0,0,2,0,0,97,1,4,3,2,0,0,6,6,0,0,4,4
2007,Mono County,February,139,9,0,0,5,0,0,143,97,3,0,0,1,0,0,99,9,5,3,1,0,0,6,6,0,0,12,12
2007,Mono County,March,143,9,0,0,7,0,0,145,99,4,0,0,1,0,0,102,9,7,4,1,0,0,8,8,0,0,13,13
2007,Mono County,April,145,7,0,0,1,0,0,151,102,7,0,0,2,0,0,107,7,1,7,2,0,0,3,3,0,0,14,14
2007,Mono County,May,151,4,1,0,2,0,0,154,107,3,0,0,0,0,0,110,5,2,3,0,0,0,2,2,0,1,7,8
2007,Mono County,June,154,5,1,0,1,0,0,159,110,3,0,0,0,0,0,113,6,1,3,0,0,0,1,1,0,1,8,9
2007,Mono County,July,154,0,0,0,0,0,0,149,110,0,0,0,0,0,0,87,0,0,0,0,0,0,0,0,0,0,0,0
2007,Mono County,August,149,1,1,0,3,0,1,147,87,0,0,1,1,0,0,87,2,4,1,1,1,0,4,5,1,1,1,3
2007,Mono County,September,147,4,2,0,4,0,0,149,87,5,1,0,3,0,0,90,6,4,6,3,0,0,7,7,0,3,9,12
2007,Mono County,October,149,4,1,0,1,1,0,152,90,3,0,0,3,0,0,90,5,2,3,3,0,1,4,5,0,1,7,8
2007,Mono County,November,152,6,1,0,2,0,0,157,90,1,0,0,5,0,0,86,7,2,1,5,0,0,7,7,0,1,7,8
2007,Mono County,December,157,1,0,0,2,0,0,156,86,4,0,0,2,0,0,88,1,2,4,2,0,0,4,4,0,0,5,5
2007,Monterey County,January,3189,78,8,0,27,13,0,3235,1533,7,1,0,5,5,0,1531,86,40,8,10,0,18,32,50,0,9,85,94
2007,Monterey County,February,3106,169,23,0,47,14,0,3237,1555,5,1,0,6,0,0,1555,192,61,6,6,0,14,53,67,0,24,174,198
2007,Monterey County,March,3237,13,21,0,45,22,0,3204,1555,9,3,0,3,2,0,1562,34,67,12,5,0,24,48,72,0,24,22,46
2007,Monterey County,April,3204,68,8,0,69,12,0,3199,1562,0,2,0,14,11,0,1539,76,81,2,25,0,23,83,106,0,10,68,78
2007,Monterey County,May,3199,38,20,0,42,28,0,3187,1539,8,1,0,9,8,0,1531,58,70,9,17,0,36,51,87,0,21,46,67
2007,Monterey County,June,3187,46,25,0,62,16,0,3180,1531,0,0,0,33,5,0,1493,71,78,0,38,0,21,95,116,0,25,46,71
2007,Monterey County,July,3180,60,19,0,40,12,0,3207,1493,11,0,0,21,13,0,1470,79,52,11,34,0,25,61,86,0,19,71,90
2007,Monterey County,August,3207,21,18,0,39,26,0,3181,1470,9,3,0,44,16,0,1422,39,65,12,60,0,42,83,125,0,21,30,51
2007,Monterey County,September,3181,46,6,0,27,10,0,3196,1422,0,1,0,21,4,20,1378,52,37,1,45,20,14,48,82,0,7,46,53
2007,Monterey County,October,3196,97,5,0,35,19,0,3244,1378,0,5,0,23,9,7,1344,102,54,5,39,7,28,58,93,0,10,97,107
2007,Monterey County,November,3244,15,6,0,41,9,0,3215,1344,0,8,0,13,8,8,1323,21,50,8,29,8,17,54,79,0,14,15,29
2007,Monterey County,December,3215,48,16,0,30,6,0,3243,1323,0,9,0,13,12,18,1289,64,36,9,43,18,18,43,79,0,25,48,73
2007,Napa County,January,1067,30,7,50,11,6,58,1079,1248,67,6,55,18,17,98,1243,87,75,128,133,156,23,29,208,105,13,97,215
2007,Napa County,February,1079,22,3,35,11,18,51,1059,1243,30,3,26,14,22,52,1214,60,80,59,88,103,40,25,168,61,6,52,119
2007,Napa County,March,1059,40,10,14,26,14,38,1045,1214,37,8,19,26,19,51,1182,64,78,64,96,89,33,52,174,33,18,77,128
2007,Napa County,April,1045,39,8,17,15,8,40,1046,1182,41,5,21,17,8,57,1167,64,63,67,82,97,16,32,145,38,13,80,131
2007,Napa County,May,1046,27,6,152,6,7,183,1035,1167,11,6,172,5,6,169,1176,185,196,189,180,352,13,11,376,324,12,38,374
2007,Napa County,June,1035,9,2,93,4,9,72,1054,1176,6,1,145,3,8,120,1197,104,85,152,131,192,17,7,216,238,3,15,256
2007,Napa County,July,1054,35,6,14,3,12,35,1059,1197,28,4,14,5,9,46,1183,55,50,46,60,81,21,8,110,28,10,63,101
2007,Napa County,August,1059,39,3,95,2,2,145,1047,1183,34,1,94,5,2,122,1183,137,149,129,129,267,4,7,278,189,4,73,266
2007,Napa County,September,1047,15,6,74,8,13,57,1064,1183,10,0,145,10,11,151,1166,95,78,155,172,208,24,18,250,219,6,25,250
2007,Napa County,October,1064,34,1,8,7,2,61,1037,1166,47,0,23,9,2,74,1151,43,70,70,85,135,4,16,155,31,1,81,113
2007,Napa County,November,1037,54,15,7,16,4,34,1059,1151,73,19,8,7,8,72,1164,76,54,100,87,106,12,23,141,15,34,127,176
2007,Napa County,December,1059,36,22,22,22,19,55,1043,1164,33,20,16,40,20,37,1136,80,96,69,97,92,39,62,193,38,42,69,149
2007,Nevada County,January,604,23,1,0,16,0,3,609,173,11,0,0,3,0,5,176,24,19,11,8,8,0,19,27,0,1,34,35
2007,Nevada County,February,609,18,2,0,14,0,2,613,176,5,1,0,7,0,7,168,20,16,6,14,9,0,21,30,0,3,23,26
2007,Nevada County,March,613,21,3,0,14,0,0,623,168,7,0,0,5,0,4,166,24,14,7,9,4,0,19,23,0,3,28,31
2007,Nevada County,April,623,16,0,0,18,0,18,603,166,6,0,0,5,0,4,163,16,36,6,9,22,0,23,45,0,0,22,22
2007,Nevada County,May,603,24,0,0,14,0,6,607,163,6,1,0,5,0,4,161,24,20,7,9,10,0,19,29,0,1,30,31
2007,Nevada County,June,607,30,0,0,18,0,4,615,161,5,0,0,14,0,3,149,30,22,5,17,7,0,32,39,0,0,35,35
2007,Nevada County,July,615,18,1,0,12,0,12,610,149,5,0,0,3,0,1,150,19,24,5,4,13,0,15,28,0,1,23,24
2007,Nevada County,August,610,16,0,0,13,0,14,599,150,5,0,0,6,0,0,149,16,27,5,6,14,0,19,33,0,0,21,21
2007,Nevada County,September,599,9,1,0,5,0,16,588,149,7,0,0,5,0,0,151,10,21,7,5,16,0,10,26,0,1,16,17
2007,Nevada County,October,588,16,2,0,33,0,18,555,151,6,0,0,11,0,1,145,18,51,6,12,19,0,44,63,0,2,22,24
2007,Nevada County,November,555,7,0,0,16,0,6,540,145,0,0,0,5,0,1,139,7,22,0,6,7,0,21,28,0,0,7,7
2007,Nevada County,December,540,12,0,0,10,0,7,535,139,4,0,0,4,0,3,136,12,17,4,7,10,0,14,24,0,0,16,16
2007,Orange County,January,16259,760,395,0,629,572,71,16142,2780,36,38,0,36,25,6,2787,1155,1272,74,67,77,597,665,1339,0,433,796,1229
2007,Orange County,February,16142,663,375,2,635,452,82,16013,2787,30,40,0,27,24,9,2797,1040,1169,70,60,91,476,662,1229,2,415,693,1110
2007,Orange County,March,16013,660,469,0,650,402,54,16036,2797,37,21,0,36,16,4,2799,1129,1106,58,56,58,418,686,1162,0,490,697,1187
2007,Orange County,April,16036,783,380,0,590,591,141,15877,2799,34,6,0,16,10,3,2810,1163,1322,40,29,144,601,606,1351,0,386,817,1203
2007,Orange County,May,15877,848,590,0,798,707,45,15765,2810,35,18,0,28,10,0,2825,1438,1550,53,38,45,717,826,1588,0,608,883,1491
2007,Orange County,June,15765,823,437,0,615,602,52,15756,2825,25,15,0,54,9,13,2789,1260,1269,40,76,65,611,669,1345,0,452,848,1300
2007,Orange County,July,15756,659,560,8,616,750,31,15586,2789,21,5,0,19,1,11,2784,1227,1397,26,31,42,751,635,1428,8,565,680,1253
2007,Orange County,August,15586,702,603,0,743,680,78,15390,2784,37,18,0,45,10,5,2779,1305,1501,55,60,83,690,788,1561,0,621,739,1360
2007,Orange County,September,15390,715,424,0,512,624,44,15349,2779,35,5,0,39,10,1,2769,1139,1180,40,50,45,634,551,1230,0,429,750,1179
2007,Orange County,October,15349,635,540,0,597,720,65,15142,2769,42,11,0,43,10,2,2767,1175,1382,53,55,67,730,640,1437,0,551,677,1228
2007,Orange County,November,15142,638,450,0,534,470,56,15170,2767,29,18,0,27,22,2,2763,1088,1060,47,51,58,492,561,1111,0,468,667,1135
2007,Orange County,December,15170,488,388,0,547,647,42,14810,2763,26,15,0,19,7,2,2776,876,1236,41,28,44,654,566,1264,0,403,514,917
2007,Placer County,January,1556,108,15,0,76,16,51,1536,1027,15,4,0,16,2,1,1027,123,143,19,19,52,18,92,162,0,19,123,142
2007,Placer County,February,1536,61,8,0,70,53,37,1445,1027,15,1,0,64,10,0,969,69,160,16,74,37,63,134,234,0,9,76,85
2007,Placer County,March,1445,108,14,1,92,8,39,1429,969,24,4,0,11,0,1,985,123,139,28,12,40,8,103,151,1,18,132,151
2007,Placer County,April,1429,58,7,0,32,19,17,1426,985,18,2,0,3,0,0,1002,65,68,20,3,17,19,35,71,0,9,76,85
2007,Placer County,May,1426,79,18,0,26,0,34,1463,1002,10,1,0,4,0,0,1009,97,60,11,4,34,0,30,64,0,19,89,108
2007,Placer County,June,1463,90,15,0,87,2,49,1430,1009,16,5,0,6,1,0,1023,105,138,21,7,49,3,93,145,0,20,106,126
2007,Placer County,July,1430,81,22,0,13,12,30,1478,1023,7,7,0,2,3,0,1032,103,55,14,5,30,15,15,60,0,29,88,117
2007,Placer County,August,1478,65,20,0,28,3,37,1495,1032,13,3,0,2,1,0,1045,85,68,16,3,37,4,30,71,0,23,78,101
2007,Placer County,September,1495,47,2,0,26,0,41,1477,1045,8,1,0,4,0,0,1050,49,67,9,4,41,0,30,71,0,3,55,58
2007,Placer County,October,1477,68,6,0,20,2,12,1517,1050,11,4,0,4,0,0,1061,74,34,15,4,12,2,24,38,0,10,79,89
2007,Placer County,November,1517,69,7,0,87,0,24,1482,1061,6,1,0,5,0,0,1063,76,111,7,5,24,0,92,116,0,8,75,83
2007,Placer County,December,1482,70,7,0,35,11,5,1508,1063,12,2,0,3,0,0,1074,77,51,14,3,5,11,38,54,0,9,82,91
2007,Plumas County,January,224,7,0,0,8,0,0,223,234,9,0,0,9,0,0,234,7,8,9,9,0,0,17,17,0,0,16,16
2007,Plumas County,February,223,1,0,0,3,0,0,221,234,2,0,0,12,0,0,224,1,3,2,12,0,0,15,15,0,0,3,3
2007,Plumas County,March,221,9,0,0,9,0,0,221,224,16,0,0,6,0,0,234,9,9,16,6,0,0,15,15,0,0,25,25
2007,Plumas County,April,221,8,0,0,12,0,0,217,234,12,0,0,3,0,0,243,8,12,12,3,0,0,15,15,0,0,20,20
2007,Plumas County,May,217,5,0,0,4,0,0,218,243,11,0,0,8,0,0,246,5,4,11,8,0,0,12,12,0,0,16,16
2007,Plumas County,June,218,9,0,0,1,0,0,226,246,14,0,0,4,0,0,256,9,1,14,4,0,0,5,5,0,0,23,23
2007,Plumas County,July,226,12,0,0,7,0,0,231,256,16,0,0,11,0,0,261,12,7,16,11,0,0,18,18,0,0,28,28
2007,Plumas County,August,231,7,9,0,7,13,0,227,261,8,7,0,3,5,0,268,16,20,15,8,0,18,10,28,0,16,15,31
2007,Plumas County,September,227,12,13,0,4,10,0,238,268,12,6,0,7,9,0,270,25,14,18,16,0,19,11,30,0,19,24,43
2007,Plumas County,October,238,3,26,0,9,24,0,234,270,15,34,0,8,44,0,267,29,33,49,52,0,68,17,85,0,60,18,78
2007,Plumas County,November,234,3,2,0,4,9,0,226,267,7,13,0,4,11,0,272,5,13,20,15,0,20,8,28,0,15,10,25
2007,Plumas County,December,226,8,13,0,1,13,0,233,272,5,3,0,3,13,0,264,21,14,8,16,0,26,4,30,0,16,13,29
2007,Riverside County,January,13287,718,292,0,669,445,0,13183,2531,137,56,0,127,85,0,2512,1010,1114,193,212,0,530,796,1326,0,348,855,1203
2007,Riverside County,February,13183,846,290,0,661,302,0,13356,2512,161,55,0,126,57,0,2545,1136,963,216,183,0,359,787,1146,0,345,1007,1352
2007,Riverside County,March,13356,1129,339,0,775,509,0,13540,2545,215,64,0,148,97,0,2579,1468,1284,279,245,0,606,923,1529,0,403,1344,1747
2007,Riverside County,April,13540,958,383,0,742,485,0,13654,2579,182,73,0,141,92,0,2601,1341,1227,255,233,0,577,883,1460,0,456,1140,1596
2007,Riverside County,May,13654,1104,348,0,871,482,0,13753,2601,210,66,0,165,91,0,2621,1452,1353,276,256,0,573,1036,1609,0,414,1314,1728
2007,Riverside County,June,13753,948,360,0,719,565,0,13777,2621,181,68,0,137,108,0,2625,1308,1284,249,245,0,673,856,1529,0,428,1129,1557
2007,Riverside County,July,13777,1098,354,0,922,486,0,13821,2625,209,67,0,176,93,0,2632,1452,1408,276,269,0,579,1098,1677,0,421,1307,1728
2007,Riverside County,August,13821,824,380,0,590,487,0,13948,2632,157,72,0,112,93,0,2656,1204,1077,229,205,0,580,702,1282,0,452,981,1433
2007,Riverside County,September,13948,916,323,0,759,409,0,14019,2656,174,62,0,144,78,0,2670,1239,1168,236,222,0,487,903,1390,0,385,1090,1475
2007,Riverside County,October,14019,1002,340,0,796,407,0,14158,2670,191,65,0,152,77,0,2697,1342,1203,256,229,0,484,948,1432,0,405,1193,1598
2007,Riverside County,November,14158,540,239,0,608,266,0,14063,2697,103,46,0,116,51,0,2679,779,874,149,167,0,317,724,1041,0,285,643,928
2007,Riverside County,December,14063,932,230,0,598,310,0,14317,2679,177,44,0,113,59,0,2728,1162,908,221,172,0,369,711,1080,0,274,1109,1383
2007,Sacramento County,January,16420,438,69,1606,404,189,2,17938,0,0,0,0,0,0,0,0,2113,595,0,0,2,189,404,595,1606,69,438,2113
2007,Sacramento County,February,17983,574,96,39,443,138,28,18083,0,0,0,0,0,0,0,0,709,609,0,0,28,138,443,609,39,96,574,709
2007,Sacramento County,March,18083,618,180,52,512,165,2,18209,0,0,0,0,0,0,0,0,850,679,0,0,2,165,512,679,52,180,618,850
2007,Sacramento County,April,18209,557,197,59,457,149,0,18416,0,0,0,0,0,0,0,0,813,606,0,0,0,149,457,606,59,197,557,813
2007,Sacramento County,May,18416,552,206,67,471,227,95,18448,0,0,0,0,0,0,0,0,825,793,0,0,95,227,471,793,67,206,552,825
2007,Sacramento County,June,18448,540,161,73,626,175,2,18419,0,0,0,0,0,0,0,0,774,803,0,0,2,175,626,803,73,161,540,774
2007,Sacramento County,July,18419,475,519,144,543,349,0,18665,0,0,0,0,0,0,0,0,1138,892,0,0,0,349,543,892,144,519,475,1138
2007,Sacramento County,August,18665,541,422,163,580,272,2,18937,0,0,0,0,0,0,0,0,1126,854,0,0,2,272,580,854,163,422,541,1126
2007,Sacramento County,September,18937,472,385,20,542,245,4,19023,0,0,0,0,0,0,0,0,877,791,0,0,4,245,542,791,20,385,472,877
2007,Sacramento County,October,19023,529,462,10,529,307,93,19095,0,0,0,0,0,0,0,0,1001,929,0,0,93,307,529,929,10,462,529,1001
2007,Sacramento County,November,19095,536,299,15,741,155,3,19046,0,0,0,0,0,0,0,0,850,899,0,0,3,155,741,899,15,299,536,850
2007,Sacramento County,December,19046,450,342,5,468,188,6,19181,0,0,0,0,0,0,0,0,797,662,0,0,6,188,468,662,5,342,450,797
2007,San Benito County,January,334,15,3,0,6,13,8,325,311,15,1,0,6,10,0,311,18,27,16,16,8,23,12,43,0,4,30,34
2007,San Benito County,February,325,13,2,0,7,9,4,320,311,20,0,0,6,6,0,319,15,20,20,12,4,15,13,32,0,2,33,35
2007,San Benito County,March,320,14,1,0,7,6,4,318,319,16,4,0,12,6,0,321,15,17,20,18,4,12,19,35,0,5,30,35
2007,San Benito County,April,318,22,4,0,4,7,6,327,321,10,3,0,10,5,0,319,26,17,13,15,6,12,14,32,0,7,32,39
2007,San Benito County,May,327,22,5,0,1,4,14,335,319,17,2,0,14,10,0,314,27,19,19,24,14,14,15,43,0,7,39,46
2007,San Benito County,June,335,9,6,0,3,5,2,340,314,12,7,0,1,11,0,321,15,10,19,12,2,16,4,22,0,13,21,34
2007,San Benito County,July,340,15,4,0,7,14,10,328,321,24,8,0,7,8,0,338,19,31,32,15,10,22,14,46,0,12,39,51
2007,San Benito County,August,328,17,5,0,10,10,0,330,338,19,6,0,7,13,0,343,22,20,25,20,0,23,17,40,0,11,36,47
2007,San Benito County,September,330,10,9,0,2,9,9,329,343,18,2,0,11,6,0,346,19,20,20,17,9,15,13,37,0,11,28,39
2007,San Benito County,October,329,18,2,0,2,7,5,335,346,13,5,0,3,8,0,353,20,14,18,11,5,15,5,25,0,7,31,38
2007,San Benito County,November,335,5,3,0,5,6,3,329,353,33,4,0,7,9,2,372,8,14,37,18,5,15,12,32,0,7,38,45
2007,San Benito County,December,329,8,3,0,3,6,1,330,372,21,4,0,8,15,0,374,11,10,25,23,1,21,11,33,0,7,29,36
2007,San Bernardino County,January,21903,435,173,1,353,530,0,21629,4214,62,41,0,312,114,0,3891,609,883,103,426,0,644,665,1309,1,214,497,712
2007,San Bernardino County,February,22088,371,143,4,333,458,0,21815,4242,78,31,0,300,88,0,3963,518,791,109,388,0,546,633,1179,4,174,449,627
2007,San Bernardino County,March,22127,415,154,6,341,586,0,21775,4184,91,28,0,331,127,0,3845,575,927,119,458,0,713,672,1385,6,182,506,694
2007,San Bernardino County,April,22243,392,150,7,344,550,0,21898,4104,85,17,0,283,82,0,3841,549,894,102,365,0,632,627,1259,7,167,477,651
2007,San Bernardino County,May,22370,513,170,4,319,603,0,22135,3999,73,27,0,330,80,0,3689,687,922,100,410,0,683,649,1332,4,197,586,787
2007,San Bernardino County,June,22669,462,119,5,316,482,0,22457,3903,59,17,0,248,62,0,3669,586,798,76,310,0,544,564,1108,5,136,521,662
2007,San Bernardino County,July,22746,427,160,5,357,500,0,22481,3835,41,20,0,227,60,0,3609,592,857,61,287,0,560,584,1144,5,180,468,653
2007,San Bernardino County,August,22786,448,181,8,395,597,0,22431,3722,64,19,1,318,46,1,3441,637,992,84,365,1,643,713,1357,9,200,512,721
2007,San Bernardino County,September,22798,382,148,9,322,472,0,22543,3638,58,19,1,229,36,0,3451,539,794,78,265,0,508,551,1059,10,167,440,617
2007,San Bernardino County,October,22834,508,160,9,345,556,0,22610,3512,33,13,2,238,69,1,3252,677,901,48,308,1,625,583,1209,11,173,541,725
2007,San Bernardino County,November,23040,409,125,1,338,440,0,22797,3368,17,21,0,165,48,0,3193,535,778,38,213,0,488,503,991,1,146,426,573
2007,San Bernardino County,December,23022,373,148,4,248,458,0,22841,3263,39,13,0,203,43,0,3069,525,706,52,246,0,501,451,952,4,161,412,577
2007,San Diego County,January,17107,563,210,0,305,289,10,17276,1278,80,19,0,25,59,0,1293,773,604,99,84,10,348,330,688,0,229,643,872
2007,San Diego County,February,17276,465,135,0,278,278,6,17314,1293,70,18,0,26,55,2,1298,600,562,88,83,8,333,304,645,0,153,535,688
2007,San Diego County,March,17314,504,177,0,334,267,2,17392,1298,60,23,0,36,62,0,1283,681,603,83,98,2,329,370,701,0,200,564,764
2007,San Diego County,April,17392,505,171,0,342,307,4,17415,1283,56,21,0,29,51,0,1280,676,653,77,80,4,358,371,733,0,192,561,753
2007,San Diego County,May,17415,520,162,0,338,295,8,17456,1280,88,26,0,38,52,1,1303,682,641,114,91,9,347,376,732,0,188,608,796
2007,San Diego County,June,17456,539,130,0,339,268,5,17513,1303,71,16,0,31,49,0,1310,669,612,87,80,5,317,370,692,0,146,610,756
2007,San Diego County,July,17513,497,131,0,277,253,2,17609,1310,60,25,0,25,40,0,1330,628,532,85,65,2,293,302,597,0,156,557,713
2007,San Diego County,August,17609,388,126,0,319,316,3,17485,1330,50,15,0,35,58,0,1302,514,638,65,93,3,374,354,731,0,141,438,579
2007,San Diego County,September,17512,376,126,0,355,245,4,17410,1293,41,18,0,32,61,1,1258,502,604,59,94,5,306,387,698,0,144,417,561
2007,San Diego County,October,17396,299,109,0,308,217,2,17277,1252,40,15,0,21,39,1,1246,408,527,55,61,3,256,329,588,0,124,339,463
2007,San Diego County,November,17372,289,109,0,269,289,3,17209,1251,33,13,0,20,45,1,1231,398,561,46,66,4,334,289,627,0,122,322,444
2007,San Diego County,December,17256,336,127,0,289,231,7,17192,1221,46,13,0,25,42,0,1213,463,527,59,67,7,273,314,594,0,140,382,522
2007,San Francisco County,January,7184,125,37,72,81,47,19,7271,1205,29,9,24,35,6,8,1218,234,147,62,49,27,53,116,196,96,46,154,296
2007,San Francisco County,February,7271,118,30,4,45,42,31,7305,1218,25,1,1,24,4,6,1211,152,118,27,34,37,46,69,152,5,31,143,179
2007,San Francisco County,March,7305,181,26,51,72,31,47,7413,1211,35,2,1,31,11,74,1133,258,150,38,116,121,42,103,266,52,28,216,296
2007,San Francisco County,April,7413,192,72,88,83,53,161,7468,1133,34,1,7,34,11,13,1117,352,297,42,58,174,64,117,355,95,73,226,394
2007,San Francisco County,May,7468,157,30,46,54,68,124,7455,1117,22,4,47,31,14,41,1104,233,246,73,86,165,82,85,332,93,34,179,306
2007,San Francisco County,June,7455,139,9,171,64,31,125,7554,1104,30,1,2,34,5,8,1090,319,220,33,47,133,36,98,267,173,10,169,352
2007,San Francisco County,July,7554,128,10,194,76,11,109,7690,1090,33,2,7,29,1,1,1101,332,196,42,31,110,12,105,227,201,12,161,374
2007,San Francisco County,August,7690,73,5,56,62,14,53,7695,1101,35,1,0,25,2,12,1098,134,129,36,39,65,16,87,168,56,6,108,170
2007,San Francisco County,September,7695,172,17,62,106,23,121,7696,1098,21,1,20,18,6,15,1101,251,250,42,39,136,29,124,289,82,18,193,293
2007,San Francisco County,October,7696,250,29,38,120,23,52,7818,1101,17,0,0,32,3,18,1065,317,195,17,53,70,26,152,248,38,29,267,334
2007,San Francisco County,November,7818,179,8,6,45,27,64,7875,1065,26,0,0,18,2,9,1062,193,136,26,29,73,29,63,165,6,8,205,219
2007,San Francisco County,December,7875,146,31,6,106,39,102,7811,1062,21,2,2,21,0,2,1064,183,247,25,23,104,39,127,270,8,33,167,208
2007,San Joaquin County,January,4891,154,225,60,104,112,21,5093,6198,209,274,10,136,85,11,6459,439,237,493,232,32,197,240,469,70,499,363,932
2007,San Joaquin County,February,4773,135,161,41,81,106,28,4895,6223,132,214,4,105,80,4,6384,337,215,350,189,32,186,186,404,45,375,267,687
2007,San Joaquin County,March,4895,188,286,31,47,135,7,5211,6384,109,338,10,50,146,14,6631,505,189,457,210,21,281,97,399,41,624,297,962
2007,San Joaquin County,April,5211,154,218,29,41,126,27,5418,6631,152,251,5,42,112,5,6880,401,194,408,159,32,238,83,353,34,469,306,809
2007,San Joaquin County,May,5418,182,231,14,59,44,21,5721,6880,169,269,3,98,93,4,7126,427,124,441,195,25,137,157,319,17,500,351,868
2007,San Joaquin County,June,5721,153,270,34,66,167,28,5917,7126,182,287,4,83,140,3,7373,457,261,473,226,31,307,149,487,38,557,335,930
2007,San Joaquin County,July,5917,163,280,30,70,83,24,6213,7373,181,268,3,80,111,3,7631,473,177,452,194,27,194,150,371,33,548,344,925
2007,San Joaquin County,August,6213,255,181,42,80,192,38,6381,7631,216,202,8,102,158,16,7781,478,310,426,276,54,350,182,586,50,383,471,904
2007,San Joaquin County,September,6381,157,188,31,58,302,29,6368,7781,142,178,8,119,348,47,7595,376,389,328,514,76,650,177,903,39,366,299,704
2007,San Joaquin County,October,6368,223,225,37,71,138,26,6618,7595,146,212,17,98,177,13,7682,485,235,375,288,39,315,169,523,54,437,369,860
2007,San Joaquin County,November,6618,131,171,24,55,121,8,6760,7682,147,159,0,51,102,3,7832,326,184,306,156,11,223,106,340,24,330,278,632
2007,San Joaquin County,December,6760,132,179,19,109,142,18,6821,7832,117,256,3,108,146,3,7951,330,269,376,257,21,288,217,526,22,435,249,706
2007,San Luis Obispo County,January,1547,75,28,0,42,19,3,1586,945,30,22,0,48,19,3,927,103,64,52,70,6,38,90,134,0,50,105,155
2007,San Luis Obispo County,February,1586,21,14,0,21,24,1,1575,927,32,14,0,12,17,3,941,35,46,46,32,4,41,33,78,0,28,53,81
2007,San Luis Obispo County,March,1575,59,25,0,29,15,2,1613,941,36,14,0,34,9,3,945,84,46,50,46,5,24,63,92,0,39,95,134
2007,San Luis Obispo County,April,1613,53,28,0,23,35,2,1634,945,47,19,0,28,19,0,964,81,60,66,47,2,54,51,107,0,47,100,147
2007,San Luis Obispo County,May,1634,49,25,0,26,9,1,1672,964,65,29,0,29,23,1,1005,74,36,94,53,2,32,55,89,0,54,114,168
2007,San Luis Obispo County,June,1672,37,26,0,33,31,1,1670,1005,37,32,0,20,11,1,1042,63,65,69,32,2,42,53,97,0,58,74,132
2007,San Luis Obispo County,July,1670,54,24,0,31,18,1,1698,1042,67,17,0,30,29,0,1067,78,50,84,59,1,47,61,109,0,41,121,162
2007,San Luis Obispo County,August,1698,52,30,0,41,43,3,1693,1067,45,33,0,40,28,0,1077,82,87,78,68,3,71,81,155,0,63,97,160
2007,San Luis Obispo County,September,1693,69,19,0,28,15,10,1728,1077,56,13,0,31,15,3,1097,88,53,69,49,13,30,59,102,0,32,125,157
2007,San Luis Obispo County,October,1728,61,30,0,9,16,0,1794,1097,52,28,0,27,14,0,1136,91,25,80,41,0,30,36,66,0,58,113,171
2007,San Luis Obispo County,November,1794,30,21,0,15,21,0,1809,1136,28,5,0,4,4,0,1161,51,36,33,8,0,25,19,44,0,26,58,84
2007,San Luis Obispo County,December,1809,102,44,0,38,35,9,1873,1161,60,52,0,40,26,3,1204,146,82,112,69,12,61,78,151,0,96,162,258
2007,San Mateo County,January,4303,172,52,0,69,95,7,4356,2523,176,49,0,54,122,14,2558,224,171,225,190,21,217,123,361,0,101,348,449
2007,San Mateo County,February,4356,133,53,0,45,90,1,4406,2558,137,44,0,56,104,7,2572,186,136,181,167,8,194,101,303,0,97,270,367
2007,San Mateo County,March,4406,115,27,0,41,50,2,4455,2572,130,35,0,69,92,12,2564,142,93,165,173,14,142,110,266,0,62,245,307
2007,San Mateo County,April,4455,114,64,0,63,70,2,4498,2564,135,42,0,81,94,14,2552,178,135,177,189,16,164,144,324,0,106,249,355
2007,San Mateo County,May,4498,139,51,0,68,71,11,4538,2552,157,27,0,58,84,17,2577,190,150,184,159,28,155,126,309,0,78,296,374
2007,San Mateo County,June,4538,75,32,0,41,53,11,4540,2577,93,20,0,55,62,10,2563,107,105,113,127,21,115,96,232,0,52,168,220
2007,San Mateo County,July,4540,153,66,0,59,83,3,4614,2563,105,27,0,70,104,8,2513,219,145,132,182,11,187,129,327,0,93,258,351
2007,San Mateo County,August,4614,128,44,0,58,111,3,4614,2513,127,27,0,67,108,10,2482,172,172,154,185,13,219,125,357,0,71,255,326
2007,San Mateo County,September,4614,108,37,0,55,36,4,4664,2482,107,18,0,43,58,5,2501,145,95,125,106,9,94,98,201,0,55,215,270
2007,San Mateo County,October,4664,174,75,0,75,93,3,4742,2501,141,33,0,59,97,13,2506,249,171,174,169,16,190,134,340,0,108,315,423
2007,San Mateo County,November,4742,130,37,0,66,88,4,4751,2506,99,15,0,44,63,14,2499,167,158,114,121,18,151,110,279,0,52,229,281
2007,San Mateo County,December,4751,92,38,0,35,43,1,4802,2499,78,14,0,31,52,7,2501,130,79,92,90,8,95,66,169,0,52,170,222
2007,Santa Barbara County,January,3260,87,7,0,32,71,24,3227,3161,165,8,0,141,67,27,3099,94,127,173,235,51,138,173,362,0,15,252,267
2007,Santa Barbara County,February,3253,58,4,0,38,48,29,3200,3129,147,11,0,87,72,24,3104,62,115,158,183,53,120,125,298,0,15,205,220
2007,Santa Barbara County,March,3226,99,6,0,25,54,25,3227,3138,156,5,0,99,70,21,3109,105,104,161,190,46,124,124,294,0,11,255,266
2007,Santa Barbara County,April,3256,110,4,0,23,64,20,3263,3134,202,8,0,82,59,18,3185,114,107,210,159,38,123,105,266,0,12,312,324
2007,Santa Barbara County,May,3311,99,12,0,39,69,28,3286,3238,182,15,0,124,72,15,3224,111,136,197,211,43,141,163,347,0,27,281,308
2007,Santa Barbara County,June,3333,109,5,0,41,60,27,3319,3257,177,5,0,125,68,16,3230,114,128,182,209,43,128,166,337,0,10,286,296
2007,Santa Barbara County,July,3334,115,4,0,33,48,26,3346,3261,141,8,0,83,57,19,3251,119,107,149,159,45,105,116,266,0,12,256,268
2007,Santa Barbara County,August,3377,84,2,0,36,52,36,3339,3292,189,5,0,115,64,12,3295,86,124,194,191,48,116,151,315,0,7,273,280
2007,Santa Barbara County,September,3376,76,5,0,38,64,28,3327,3335,144,5,0,69,53,20,3342,81,130,149,142,48,117,107,272,0,10,220,230
2007,Santa Barbara County,October,3364,97,7,0,64,65,29,3310,3355,144,6,0,140,60,22,3283,104,158,150,222,51,125,204,380,0,13,241,254
2007,Santa Barbara County,November,3358,78,5,0,38,57,23,3323,3309,141,4,0,109,44,11,3290,83,118,145,164,34,101,147,282,0,9,219,228
2007,Santa Barbara County,December,3349,68,3,0,36,46,26,3312,3309,127,2,0,105,50,12,3271,71,108,129,167,38,96,141,275,0,5,195,200
2007,Santa Clara County,January,10018,405,164,520,291,291,482,10043,6601,208,133,344,248,272,332,6434,1089,1064,685,852,814,563,539,1916,864,297,613,1774
2007,Santa Clara County,February,10043,304,163,646,237,269,541,10109,6434,240,154,403,173,238,367,6453,1113,1047,797,778,908,507,410,1825,1049,317,544,1910
2007,Santa Clara County,March,10109,325,184,573,267,272,556,10096,6453,189,188,457,225,293,437,6332,1082,1095,834,955,993,565,492,2050,1030,372,514,1916
2007,Santa Clara County,April,10096,287,141,601,292,221,474,10138,6332,233,155,502,222,221,391,6388,1029,987,890,834,865,442,514,1821,1103,296,520,1919
2007,Santa Clara County,May,10138,327,200,506,310,294,656,9911,6388,208,146,317,227,254,512,6066,1033,1260,671,993,1168,548,537,2253,823,346,535,1704
2007,Santa Clara County,June,9911,312,161,623,269,257,497,9984,6066,203,157,466,243,272,315,6062,1096,1023,826,830,812,529,512,1853,1089,318,515,1922
2007,Santa Clara County,July,9984,309,184,708,264,308,523,10090,6062,221,172,526,205,269,334,6173,1201,1095,919,808,857,577,469,1903,1234,356,530,2120
2007,Santa Clara County,August,10090,268,200,900,279,329,878,9972,6173,181,172,587,239,307,512,6055,1368,1486,940,1058,1390,636,518,2544,1487,372,449,2308
2007,Santa Clara County,September,9972,289,217,508,222,265,567,9932,6055,188,173,381,190,271,487,5849,1014,1054,742,948,1054,536,412,2002,889,390,477,1756
2007,Santa Clara County,October,9932,339,243,665,287,261,571,10060,5849,211,191,464,211,294,363,5847,1247,1119,866,868,934,555,498,1987,1129,434,550,2113
2007,Santa Clara County,November,10060,250,166,593,260,269,463,10077,5847,170,142,443,220,278,294,5810,1009,992,755,792,757,547,480,1784,1036,308,420,1764
2007,Santa Clara County,December,10077,282,144,518,263,262,427,10069,5810,144,159,389,226,235,297,5744,944,952,692,758,724,497,489,1710,907,303,426,1636
2007,Santa Cruz County,January,2453,48,53,0,43,53,0,2458,1222,55,24,0,11,37,0,1253,101,96,79,48,0,90,54,144,0,77,103,180
2007,Santa Cruz County,February,2458,47,50,0,43,24,1,2487,1253,33,25,0,22,12,0,1277,97,68,58,34,1,36,65,102,0,75,80,155
2007,Santa Cruz County,March,2487,62,51,0,59,46,0,2495,1277,52,14,0,22,14,0,1307,113,105,66,36,0,60,81,141,0,65,114,179
2007,Santa Cruz County,April,2495,52,53,0,49,13,0,2538,1307,51,27,0,32,9,0,1344,105,62,78,41,0,22,81,103,0,80,103,183
2007,Santa Cruz County,May,2538,41,60,0,44,13,0,2582,1344,35,28,0,13,12,0,1382,101,57,63,25,0,25,57,82,0,88,76,164
2007,Santa Cruz County,June,2582,48,43,0,36,33,0,2604,1382,37,22,0,31,10,0,1400,91,69,59,41,0,43,67,110,0,65,85,150
2007,Santa Cruz County,July,2604,47,54,0,51,33,0,2621,1400,26,28,0,20,7,0,1427,101,84,54,27,0,40,71,111,0,82,73,155
2007,Santa Cruz County,August,2621,61,50,0,53,32,0,2647,1427,65,20,0,37,15,0,1460,111,85,85,52,0,47,90,137,0,70,126,196
2007,Santa Cruz County,September,2647,48,63,0,30,15,0,2713,1460,35,25,0,16,9,0,1495,111,45,60,25,0,24,46,70,0,88,83,171
2007,Santa Cruz County,October,2713,60,58,0,39,19,0,2773,1495,36,26,0,24,18,0,1515,118,58,62,42,0,37,63,100,0,84,96,180
2007,Santa Cruz County,November,2773,62,21,0,62,10,0,2784,1515,38,16,0,35,5,0,1529,83,72,54,40,0,15,97,112,0,37,100,137
2007,Santa Cruz County,December,2784,37,50,0,40,14,0,2817,1529,40,22,0,16,10,0,1565,87,54,62,26,0,24,56,80,0,72,77,149
2007,Shasta County,January,1640,98,52,6,26,52,0,1718,376,48,6,0,19,0,0,411,156,78,54,19,0,52,45,97,6,58,146,210
2007,Shasta County,February,1718,49,32,2,14,32,0,1755,411,38,8,0,39,0,0,418,83,46,46,39,0,32,53,85,2,40,87,129
2007,Shasta County,March,1755,102,49,5,30,49,0,1832,418,36,4,0,57,0,0,401,156,79,40,57,0,49,87,136,5,53,138,196
2007,Shasta County,April,1832,84,31,5,19,31,0,1902,401,22,15,0,31,0,0,407,120,50,37,31,0,31,50,81,5,46,106,157
2007,Shasta County,May,1902,70,27,3,23,27,0,1952,407,28,7,0,45,0,0,397,100,50,35,45,0,27,68,95,3,34,98,135
2007,Shasta County,June,1952,95,46,7,40,46,0,2014,397,23,3,0,36,0,0,387,148,86,26,36,0,46,76,122,7,49,118,174
2007,Shasta County,July,2014,88,55,2,55,55,0,2049,387,26,2,0,21,0,0,394,145,110,28,21,0,55,76,131,2,57,114,173
2007,Shasta County,August,2049,63,28,3,29,28,0,2086,394,23,7,0,4,0,0,420,94,57,30,4,0,28,33,61,3,35,86,124
2007,Shasta County,September,2086,42,28,1,25,28,0,2104,420,27,11,0,7,0,0,451,71,53,38,7,0,28,32,60,1,39,69,109
2007,Shasta County,October,2104,104,23,4,21,23,0,2191,451,22,6,0,13,0,0,466,131,44,28,13,0,23,34,57,4,29,126,159
2007,Shasta County,November,2191,47,25,1,26,25,0,2213,466,19,6,0,19,0,0,472,73,51,25,19,0,25,45,70,1,31,66,98
2007,Shasta County,December,2213,45,43,1,12,43,0,2247,472,19,9,0,44,0,0,456,89,55,28,44,0,43,56,99,1,52,64,117
2007,Sierra County,January,48,0,0,0,0,0,0,48,48,0,0,0,2,0,0,46,0,0,0,2,0,0,2,2,0,0,0,0
2007,Sierra County,February,48,1,0,0,0,0,0,49,46,0,0,0,0,0,0,46,1,0,0,0,0,0,0,0,0,0,1,1
2007,Sierra County,March,48,0,0,0,0,0,0,48,46,0,0,0,0,0,0,46,0,0,0,0,0,0,0,0,0,0,0,0
2007,Sierra County,April,48,0,0,0,0,0,0,48,46,0,0,0,0,0,0,46,0,0,0,0,0,0,0,0,0,0,0,0
2007,Sierra County,May,48,0,0,0,0,0,0,48,46,0,0,0,1,0,0,45,0,0,0,1,0,0,1,1,0,0,0,0
2007,Sierra County,June,48,0,0,0,1,0,0,47,45,0,0,0,1,0,0,44,0,1,0,1,0,0,2,2,0,0,0,0
2007,Sierra County,July,47,0,0,0,2,0,0,45,44,0,0,0,2,0,0,42,0,2,0,2,0,0,4,4,0,0,0,0
2007,Sierra County,August,45,0,0,0,0,0,1,44,42,1,0,0,1,0,0,42,0,1,1,1,1,0,1,2,0,0,1,1
2007,Sierra County,September,44,2,0,0,0,0,0,46,42,0,0,0,1,0,0,41,2,0,0,1,0,0,1,1,0,0,2,2
2007,Sierra County,October,46,2,0,0,0,0,0,48,41,1,0,0,1,0,0,41,2,0,1,1,0,0,1,1,0,0,3,3
2007,Sierra County,November,48,2,0,0,1,0,2,47,41,0,0,0,0,0,0,41,2,3,0,0,2,0,1,3,0,0,2,2
2007,Sierra County,December,47,2,0,0,1,0,0,48,41,0,0,0,2,0,0,39,2,1,0,2,0,0,3,3,0,0,2,2
2007,Siskiyou County,January,520,9,7,90,22,20,135,449,0,0,0,0,0,0,0,0,106,177,0,0,135,20,22,177,90,7,9,106
2007,Siskiyou County,February,449,13,11,0,11,13,0,449,0,0,0,0,0,0,0,0,24,24,0,0,0,13,11,24,0,11,13,24
2007,Siskiyou County,March,449,13,11,0,11,13,0,449,0,0,0,0,0,0,0,0,24,24,0,0,0,13,11,24,0,11,13,24
2007,Siskiyou County,April,449,9,11,1,11,20,0,439,0,0,0,0,0,0,0,0,21,31,0,0,0,20,11,31,1,11,9,21
2007,Siskiyou County,May,439,21,4,175,4,77,100,458,0,0,0,0,0,0,0,0,200,181,0,0,100,77,4,181,175,4,21,200
2007,Siskiyou County,June,458,11,3,141,10,13,76,514,0,0,0,0,0,0,0,0,155,99,0,0,76,13,10,99,141,3,11,155
2007,Siskiyou County,July,514,9,7,37,16,10,59,482,0,0,0,0,0,0,0,0,53,85,0,0,59,10,16,85,37,7,9,53
2007,Siskiyou County,August,482,15,4,9,8,9,13,480,0,0,0,0,0,0,0,0,28,30,0,0,13,9,8,30,9,4,15,28
2007,Siskiyou County,September,480,37,11,41,11,15,10,533,0,0,0,0,0,0,0,0,89,36,0,0,10,15,11,36,41,11,37,89
2007,Siskiyou County,October,533,21,14,7,9,5,2,559,0,0,0,0,0,0,0,0,42,16,0,0,2,5,9,16,7,14,21,42
2007,Siskiyou County,November,559,19,2,0,3,3,0,574,0,0,0,0,0,0,0,0,21,6,0,0,0,3,3,6,0,2,19,21
2007,Siskiyou County,December,574,13,2,85,4,5,68,597,0,0,0,0,0,0,0,0,100,77,0,0,68,5,4,77,85,2,13,100
2007,Solano County,January,3370,100,0,0,48,32,0,3390,1256,30,0,0,44,1,5,1236,100,80,30,50,5,33,92,130,0,0,130,130
2007,Solano County,February,3379,84,0,0,64,24,1,3374,1234,17,0,0,37,4,5,1205,84,89,17,46,6,28,101,135,0,0,101,101
2007,Solano County,March,3369,97,0,0,61,22,1,3382,1205,35,0,0,51,3,5,1181,97,84,35,59,6,25,112,143,0,0,132,132
2007,Solano County,April,3382,105,0,0,72,7,2,3406,1181,31,0,0,27,1,2,1182,105,81,31,30,4,8,99,111,0,0,136,136
2007,Solano County,May,3373,109,0,0,65,44,3,3370,1183,38,0,0,38,2,1,1180,109,112,38,41,4,46,103,153,0,0,147,147
2007,Solano County,June,3368,85,0,0,76,23,0,3354,1198,34,0,0,34,4,4,1190,85,99,34,42,4,27,110,141,0,0,119,119
2007,Solano County,July,3350,86,0,0,71,25,0,3340,1190,34,0,0,42,5,5,1172,86,96,34,52,5,30,113,148,0,0,120,120
2007,Solano County,August,3360,118,2,0,58,23,2,3397,1201,29,0,0,30,1,1,1198,120,83,29,32,3,24,88,115,0,2,147,149
2007,Solano County,September,3391,78,0,0,63,12,0,3394,1195,19,0,0,42,7,0,1165,78,75,19,49,0,19,105,124,0,0,97,97
2007,Solano County,October,3381,107,0,0,66,34,2,3386,1186,31,0,0,40,4,1,1172,107,102,31,45,3,38,106,147,0,0,138,138
2007,Solano County,November,3385,91,0,0,57,22,0,3397,1170,33,0,0,46,3,3,1151,91,79,33,52,3,25,103,131,0,0,124,124
2007,Solano County,December,3395,101,0,0,50,22,0,3424,1151,21,0,0,31,3,0,1138,101,72,21,34,0,25,81,106,0,0,122,122
2007,Sonoma County,January,1886,86,83,1,66,91,7,1892,901,45,22,3,22,35,21,893,170,164,70,78,28,126,88,242,4,105,131,240
2007,Sonoma County,February,1892,88,76,0,55,80,7,1914,898,33,28,0,15,23,20,901,164,142,61,58,27,103,70,200,0,104,121,225
2007,Sonoma County,March,1907,81,96,0,65,73,5,1941,911,25,32,1,29,35,36,869,177,143,58,100,41,108,94,243,1,128,106,235
2007,Sonoma County,April,1936,109,88,1,74,84,6,1970,876,33,30,1,20,34,17,869,198,164,64,71,23,118,94,235,2,118,142,262
2007,Sonoma County,May,1965,110,72,3,70,64,6,2010,873,33,44,1,24,31,31,865,185,140,78,86,37,95,94,226,4,116,143,263
2007,Sonoma County,June,1969,56,84,0,71,66,5,1967,835,11,20,0,23,23,18,802,140,142,31,64,23,89,94,206,0,104,67,171
2007,Sonoma County,July,2030,75,61,2,61,76,3,2028,852,26,21,2,33,31,18,819,138,140,49,82,21,107,94,222,4,82,101,187
2007,Sonoma County,August,2019,85,66,0,65,83,5,2017,826,32,28,1,30,33,11,813,151,153,61,74,16,116,95,227,1,94,117,212
2007,Sonoma County,September,2015,70,59,1,37,67,3,2038,823,31,29,1,19,39,9,817,130,107,61,67,12,106,56,174,2,88,101,191
2007,Sonoma County,October,2036,108,74,0,63,106,6,2043,818,38,31,1,25,31,14,818,182,175,70,70,20,137,88,245,1,105,146,252
2007,Sonoma County,November,2035,72,76,0,67,72,11,2033,828,32,35,0,22,26,15,832,148,150,67,63,26,98,89,213,0,111,104,215
2007,Sonoma County,December,2034,86,65,0,50,77,2,2056,835,27,22,0,26,23,19,816,151,129,49,68,21,100,76,197,0,87,113,200
2007,Stanislaus County,January,5209,96,112,20,135,21,37,5244,297,4,2,0,3,0,0,300,228,193,6,3,37,21,138,196,20,114,100,234
2007,Stanislaus County,February,5244,104,97,14,138,23,23,5275,300,3,0,0,2,0,0,301,215,184,3,2,23,23,140,186,14,97,107,218
2007,Stanislaus County,March,5275,42,87,11,37,98,29,5251,301,1,0,0,4,4,0,294,140,164,1,8,29,102,41,172,11,87,43,141
2007,Stanislaus County,April,5251,128,37,23,109,78,7,5245,294,3,0,0,0,0,0,297,188,194,3,0,7,78,109,194,23,37,131,191
2007,Stanislaus County,May,5245,130,112,21,72,50,12,5374,297,3,0,0,1,1,0,298,263,134,3,2,12,51,73,136,21,112,133,266
2007,Stanislaus County,June,5374,104,54,4,126,6,25,5379,298,0,0,0,0,0,0,298,162,157,0,0,25,6,126,157,4,54,104,162
2007,Stanislaus County,July,5379,155,83,8,66,183,7,5369,298,4,0,0,0,2,0,300,246,256,4,2,7,185,66,258,8,83,159,250
2007,Stanislaus County,August,5369,88,123,8,146,151,16,5275,300,5,0,0,1,0,0,304,219,313,5,1,16,151,147,314,8,123,93,224
2007,Stanislaus County,September,5275,139,124,10,141,191,20,5196,304,3,0,0,0,1,0,306,273,352,3,1,20,192,141,353,10,124,142,276
2007,Stanislaus County,October,5196,179,102,7,146,148,17,5173,306,2,0,0,5,3,0,300,288,311,2,8,17,151,151,319,7,102,181,290
2007,Stanislaus County,November,5173,127,69,5,126,88,14,5146,300,2,0,0,3,0,0,299,201,228,2,3,14,88,129,231,5,69,129,203
2007,Stanislaus County,December,5146,191,103,4,117,122,9,5196,299,1,1,0,3,2,0,296,298,248,2,5,9,124,120,253,4,104,192,300
2007,Sutter County,January,857,47,0,0,1,9,17,877,36,4,0,0,1,4,2,33,47,27,4,7,19,13,2,34,0,0,51,51
2007,Sutter County,February,877,47,12,0,1,42,15,878,33,2,3,0,4,1,1,32,59,58,5,6,16,43,5,64,0,15,49,64
2007,Sutter County,March,878,30,22,2,3,39,22,868,32,2,1,0,0,1,1,33,54,64,3,2,23,40,3,66,2,23,32,57
2007,Sutter County,April,868,20,23,1,1,36,10,865,33,2,3,0,1,1,0,36,44,47,5,2,10,37,2,49,1,26,22,49
2007,Sutter County,May,865,39,18,1,2,40,23,858,36,0,2,0,0,0,0,38,58,65,2,0,23,40,2,65,1,20,39,60
2007,Sutter County,June,858,30,27,0,1,36,21,857,38,5,0,0,2,0,0,41,57,58,5,2,21,36,3,60,0,27,35,62
2007,Sutter County,July,857,48,23,0,0,28,16,884,41,0,2,0,2,0,0,41,71,44,2,2,16,28,2,46,0,25,48,73
2007,Sutter County,August,884,23,16,1,0,30,10,884,41,4,2,0,3,1,2,41,40,40,6,6,12,31,3,46,1,18,27,46
2007,Sutter County,September,884,24,14,0,1,25,11,885,41,1,6,0,1,4,0,43,38,37,7,5,11,29,2,42,0,20,25,45
2007,Sutter County,October,885,36,15,3,3,25,13,898,43,1,1,0,0,2,0,43,54,41,2,2,13,27,3,43,3,16,37,56
2007,Sutter County,November,898,17,27,0,3,20,6,913,43,2,0,2,1,4,1,41,44,29,4,6,7,24,4,35,2,27,19,48
2007,Sutter County,December,913,23,23,0,2,25,19,913,41,3,0,0,2,0,0,42,46,46,3,2,19,25,4,48,0,23,26,49
2007,Tehama County,January,377,12,0,7,18,2,10,366,199,7,0,12,4,4,13,197,19,30,19,21,23,6,22,51,19,0,19,38
2007,Tehama County,February,366,15,0,1,9,10,9,354,197,7,0,2,20,5,7,174,16,28,9,32,16,15,29,60,3,0,22,25
2007,Tehama County,March,354,15,0,0,6,11,17,335,174,11,0,0,3,1,0,181,15,34,11,4,17,12,9,38,0,0,26,26
2007,Tehama County,April,335,32,5,14,4,2,5,375,181,14,0,0,5,0,0,190,51,11,14,5,5,2,9,16,14,5,46,65
2007,Tehama County,May,375,11,0,8,0,0,5,389,190,5,0,6,2,0,6,193,19,5,11,8,11,0,2,13,14,0,16,30
2007,Tehama County,June,389,5,0,1,5,0,0,390,193,2,0,1,0,0,10,186,6,5,3,10,10,0,5,15,2,0,7,9
2007,Tehama County,July,390,8,0,11,11,1,8,389,186,11,0,1,4,0,3,191,19,20,12,7,11,1,15,27,12,0,19,31
2007,Tehama County,August,389,5,3,5,2,3,3,394,191,3,0,4,4,3,14,177,13,8,7,21,17,6,6,29,9,3,8,20
2007,Tehama County,September,394,12,0,28,0,0,0,434,177,6,0,10,0,0,0,193,40,0,16,0,0,0,0,0,38,0,18,56
2007,Tehama County,October,434,14,0,17,10,0,0,455,193,12,0,6,3,0,0,208,31,10,18,3,0,0,13,13,23,0,26,49
2007,Tehama County,November,455,14,0,9,0,0,0,478,208,13,0,2,0,0,8,215,23,0,15,8,8,0,0,8,11,0,27,38
2007,Tehama County,December,478,4,0,0,1,8,6,467,215,3,0,0,4,1,10,203,4,15,3,15,16,9,5,30,0,0,7,7
2007,Trinity County,January,359,6,6,1,2,4,2,364,3,0,0,0,0,0,0,3,13,8,0,0,2,4,2,8,1,6,6,13
2007,Trinity County,February,364,4,4,2,7,0,1,366,3,0,0,0,0,0,0,3,10,8,0,0,1,0,7,8,2,4,4,10
2007,Trinity County,March,366,4,5,0,5,0,5,365,3,1,0,0,0,0,0,4,9,10,1,0,5,0,5,10,0,5,5,10
2007,Trinity County,April,365,3,6,0,15,2,2,355,4,0,0,0,0,0,0,4,9,19,0,0,2,2,15,19,0,6,3,9
2007,Trinity County,May,355,4,1,2,6,0,6,350,4,0,0,0,1,0,0,3,7,12,0,1,6,0,7,13,2,1,4,7
2007,Trinity County,June,350,6,0,0,10,0,1,345,3,0,0,0,1,0,0,2,6,11,0,1,1,0,11,12,0,0,6,6
2007,Trinity County,July,345,3,4,3,5,0,3,347,2,0,0,0,0,0,0,2,10,8,0,0,3,0,5,8,3,4,3,10
2007,Trinity County,August,347,3,2,2,6,0,1,347,2,2,0,0,1,0,0,3,7,7,2,1,1,0,7,8,2,2,5,9
2007,Trinity County,September,347,6,8,0,2,0,3,356,3,1,1,0,0,0,0,5,14,5,2,0,3,0,2,5,0,9,7,16
2007,Trinity County,October,356,6,1,2,7,0,0,358,5,2,0,0,0,0,0,7,9,7,2,0,0,0,7,7,2,1,8,11
2007,Trinity County,November,358,3,3,0,1,0,1,362,7,0,0,0,0,0,0,7,6,2,0,0,1,0,1,2,0,3,3,6
2007,Trinity County,December,362,6,0,0,2,0,2,364,7,0,0,0,0,0,0,7,6,4,0,0,2,0,2,4,0,0,6,6
2007,Tulare County,January,4844,322,134,10,38,17,117,5138,0,0,0,0,0,0,0,0,466,172,0,0,117,17,38,172,10,134,322,466
2007,Tulare County,February,5138,264,153,33,29,42,317,5200,0,0,0,0,0,0,0,0,450,388,0,0,317,42,29,388,33,153,264,450
2007,Tulare County,March,5200,200,74,10,22,18,220,5224,0,0,0,0,0,0,0,0,284,260,0,0,220,18,22,260,10,74,200,284
2007,Tulare County,April,5224,339,161,4,27,29,423,5249,0,0,0,0,0,0,0,0,504,479,0,0,423,29,27,479,4,161,339,504
2007,Tulare County,May,5249,350,111,6,26,22,238,5430,0,0,0,0,0,0,0,0,467,286,0,0,238,22,26,286,6,111,350,467
2007,Tulare County,June,5430,229,96,12,28,44,231,5464,0,0,0,0,0,0,0,0,337,303,0,0,231,44,28,303,12,96,229,337
2007,Tulare County,July,5464,80,23,0,181,15,152,5219,0,0,0,0,0,0,0,0,103,348,0,0,152,15,181,348,0,23,80,103
2007,Tulare County,August,5219,613,111,0,177,64,235,5467,0,0,0,0,0,0,0,0,724,476,0,0,235,64,177,476,0,111,613,724
2007,Tulare County,September,5467,300,51,0,458,85,280,4995,0,0,0,0,0,0,0,0,351,823,0,0,280,85,458,823,0,51,300,351
2007,Tulare County,October,4995,286,87,0,280,94,176,4818,0,0,0,0,0,0,0,0,373,550,0,0,176,94,280,550,0,87,286,373
2007,Tulare County,November,4818,111,90,0,180,71,155,4613,0,0,0,0,0,0,0,0,201,406,0,0,155,71,180,406,0,90,111,201
2007,Tulare County,December,4613,136,11,4,139,26,102,4497,0,0,0,0,0,0,0,0,151,267,0,0,102,26,139,267,4,11,136,151
2007,Tuolumne County,January,841,63,20,0,18,16,29,861,1188,22,21,0,33,31,0,1167,83,63,43,64,29,47,51,127,0,41,85,126
2007,Tuolumne County,February,861,22,14,0,6,5,13,873,1167,57,8,0,34,17,0,1181,36,24,65,51,13,22,40,75,0,22,79,101
2007,Tuolumne County,March,873,20,10,0,1,10,0,892,1181,69,33,0,2,23,0,1258,30,11,102,25,0,33,3,36,0,43,89,132
2007,Tuolumne County,April,892,49,12,0,18,13,20,902,1258,48,21,0,46,20,1,1260,61,51,69,67,21,33,64,118,0,33,97,130
2007,Tuolumne County,May,902,34,14,0,27,12,25,886,1260,46,14,0,51,10,3,1256,48,64,60,64,28,22,78,128,0,28,80,108
2007,Tuolumne County,June,886,38,11,0,12,13,11,899,1256,43,14,0,15,7,3,1288,49,36,57,25,14,20,27,61,0,25,81,106
2007,Tuolumne County,July,899,27,16,0,12,20,17,893,1288,30,24,0,21,27,3,1291,43,49,54,51,20,47,33,100,0,40,57,97
2007,Tuolumne County,August,893,22,11,0,8,15,13,890,1291,51,21,0,43,43,0,1277,33,36,72,86,13,58,51,122,0,32,73,105
2007,Tuolumne County,September,890,30,18,0,21,21,14,882,1277,79,20,0,66,20,5,1285,48,56,99,91,19,41,87,147,0,38,109,147
2007,Tuolumne County,October,882,37,36,0,18,30,16,891,1285,77,40,0,38,33,3,1328,73,64,117,74,19,63,56,138,0,76,114,190
2007,Tuolumne County,November,891,46,18,0,16,17,14,908,1328,52,29,0,40,30,3,1336,64,47,81,73,17,47,56,120,0,47,98,145
2007,Tuolumne County,December,908,33,19,0,16,12,6,926,1336,47,19,0,57,21,1,1323,52,34,66,79,7,33,73,113,0,38,80,118
2007,Ventura County,January,4104,116,31,0,41,53,0,4157,11956,358,77,0,44,0,0,12347,147,94,435,44,0,53,85,138,0,108,474,582
2007,Ventura County,February,4157,97,22,0,34,22,0,4220,12347,320,91,0,46,0,0,12712,119,56,411,46,0,22,80,102,0,113,417,530
2007,Ventura County,March,4220,130,499,0,40,0,0,4809,12712,345,778,0,56,0,0,13779,629,40,1123,56,0,0,96,96,0,1277,475,1752
2007,Ventura County,April,4809,99,25,0,46,79,0,4808,13779,353,62,0,61,50,0,14083,124,125,415,111,0,129,107,236,0,87,452,539
2007,Ventura County,May,4808,114,20,0,39,64,0,4839,14083,365,48,0,43,55,0,14398,134,103,413,98,0,119,82,201,0,68,479,547
2007,Ventura County,June,4839,100,22,0,52,73,0,4836,14398,335,54,0,61,189,0,14537,122,125,389,250,0,262,113,375,0,76,435,511
2007,Ventura County,July,4836,101,14,0,35,86,0,4830,14537,361,53,0,52,231,0,14668,115,121,414,283,0,317,87,404,0,67,462,529
2007,Ventura County,August,4830,118,13,0,40,10,0,4911,14668,368,48,0,54,428,0,14602,131,50,416,482,0,438,94,532,0,61,486,547
2007,Ventura County,September,4911,89,9,0,35,11,0,4963,14602,335,39,0,39,290,0,14647,98,46,374,329,0,301,74,375,0,48,424,472
2007,Ventura County,October,4963,113,18,0,38,129,0,4927,14647,326,34,0,59,298,0,14650,131,167,360,357,0,427,97,524,0,52,439,491
2007,Ventura County,November,4927,93,16,0,22,80,0,4934,14650,330,31,0,47,83,0,14881,109,102,361,130,0,163,69,232,0,47,423,470
2007,Ventura County,December,4934,87,17,0,21,87,0,4930,14881,294,43,0,49,315,0,14854,104,108,337,364,0,402,70,472,0,60,381,441
2007,Yolo County,January,3701,81,38,0,31,32,0,3757,0,0,0,0,0,0,0,0,119,63,0,0,0,32,31,63,0,38,81,119
2007,Yolo County,February,3757,63,32,0,41,23,0,3788,0,0,0,0,0,0,0,0,95,64,0,0,0,23,41,64,0,32,63,95
2007,Yolo County,March,3788,52,29,0,52,33,0,3784,0,0,0,0,0,0,0,0,81,85,0,0,0,33,52,85,0,29,52,81
2007,Yolo County,April,2948,66,35,0,56,27,0,2966,0,0,0,0,0,0,0,0,101,83,0,0,0,27,56,83,0,35,66,101
2007,Yolo County,May,2966,86,47,0,55,36,0,3008,0,0,0,0,0,0,0,0,133,91,0,0,0,36,55,91,0,47,86,133
2007,Yolo County,June,3008,47,24,0,10,24,0,3045,0,0,0,0,0,0,0,0,71,34,0,0,0,24,10,34,0,24,47,71
2007,Yolo County,July,3045,64,36,0,49,27,0,3069,0,0,0,0,0,0,0,0,100,76,0,0,0,27,49,76,0,36,64,100
2007,Yolo County,August,3069,70,40,0,55,18,0,3106,0,0,0,0,0,0,0,0,110,73,0,0,0,18,55,73,0,40,70,110
2007,Yolo County,September,3106,59,27,0,26,35,0,3131,0,0,0,0,0,0,0,0,86,61,0,0,0,35,26,61,0,27,59,86
2007,Yolo County,October,3131,62,42,0,97,42,0,3096,0,0,0,0,0,0,0,0,104,139,0,0,0,42,97,139,0,42,62,104
2007,Yolo County,November,3096,71,37,0,67,28,0,3109,0,0,0,0,0,0,0,0,108,95,0,0,0,28,67,95,0,37,71,108
2007,Yolo County,December,3109,42,25,0,55,36,0,3085,0,0,0,0,0,0,0,0,67,91,0,0,0,36,55,91,0,25,42,67
2007,Yuba County,January,1109,26,11,1,7,10,6,1124,432,21,6,0,3,8,2,446,38,23,27,13,8,18,10,36,1,17,47,65
2007,Yuba County,February,1124,19,11,3,10,2,2,1143,446,16,7,4,1,9,0,463,33,14,27,10,2,11,11,24,7,18,35,60
2007,Yuba County,March,1143,28,14,7,13,14,2,1163,463,15,14,3,3,3,1,488,49,29,32,7,3,17,16,36,10,28,43,81
2007,Yuba County,April,1163,26,17,3,10,2,4,1193,488,12,13,0,3,8,0,502,46,16,25,11,4,10,13,27,3,30,38,71
2007,Yuba County,May,1193,16,7,4,12,0,19,1189,502,28,8,3,4,10,1,526,27,31,39,15,20,10,16,46,7,15,44,66
2007,Yuba County,June,1189,20,12,3,7,8,2,1207,526,17,9,0,9,6,5,532,35,17,26,20,7,14,16,37,3,21,37,61
2007,Yuba County,July,1207,29,16,2,8,10,3,1233,532,23,15,2,2,8,7,555,47,21,40,17,10,18,10,38,4,31,52,87
2007,Yuba County,August,1233,25,8,1,20,1,4,1242,555,17,12,4,8,5,2,573,34,25,33,15,6,6,28,40,5,20,42,67
2007,Yuba County,September,1242,22,7,4,5,12,4,1254,573,19,8,1,4,1,1,595,33,21,28,6,5,13,9,27,5,15,41,61
2007,Yuba County,October,1254,28,15,2,11,17,8,1263,595,17,9,2,3,4,2,614,45,36,28,9,10,21,14,45,4,24,45,73
2007,Yuba County,November,1263,19,5,3,10,9,7,1264,614,21,7,3,6,4,6,629,27,26,31,16,13,13,16,42,6,12,40,58
2007,Yuba County,December,1264,19,9,3,20,3,5,1267,629,24,7,0,1,11,1,647,31,28,31,13,6,14,21,41,3,16,43,62
2008,Alameda County,January,15498,255,151,0,171,105,97,15531,1025,40,6,3,13,13,34,1014,406,373,49,60,131,118,184,433,3,157,295,455
2008,Alameda County,February,15531,228,96,0,182,87,53,15533,1014,24,1,3,11,9,57,965,324,322,28,77,110,96,193,399,3,97,252,352
2008,Alameda County,March,15533,311,147,0,196,103,189,15503,965,19,4,0,10,8,11,959,458,488,23,29,200,111,206,517,0,151,330,481
2008,Alameda County,April,15503,291,140,0,206,95,141,15492,959,33,3,0,12,17,46,920,431,442,36,75,187,112,218,517,0,143,324,467
2008,Alameda County,May,15492,321,146,0,197,90,152,15520,920,28,4,0,14,20,13,905,467,439,32,47,165,110,211,486,0,150,349,499
2008,Alameda County,June,15520,281,140,0,196,124,200,15421,905,30,5,4,7,6,16,915,421,520,39,29,216,130,203,549,4,145,311,460
2008,Alameda County,July,15421,286,164,0,195,103,152,15421,915,27,8,0,8,11,18,913,450,450,35,37,170,114,203,487,0,172,313,485
2008,Alameda County,August,15421,259,140,0,173,113,131,15403,913,19,3,1,12,14,21,889,399,417,23,47,152,127,185,464,1,143,278,422
2008,Alameda County,September,15403,247,163,0,203,83,126,15401,889,14,4,0,9,13,17,868,410,412,18,39,143,96,212,451,0,167,261,428
2008,Alameda County,October,15401,290,176,0,164,96,184,15423,868,27,1,9,13,9,25,858,466,444,37,47,209,105,177,491,9,177,317,503
2008,Alameda County,November,15423,195,166,0,170,55,163,15396,858,24,3,2,9,14,20,844,361,388,29,43,183,69,179,431,2,169,219,390
2008,Alameda County,December,15396,259,192,0,190,67,196,15394,844,28,1,0,13,9,21,830,451,453,29,43,217,76,203,496,0,193,287,480
2008,Alpine County,January,20,0,0,0,0,0,0,20,25,0,1,0,1,3,0,22,0,0,1,4,0,3,1,4,0,1,0,1
2008,Alpine County,February,20,0,0,0,1,1,0,18,22,2,2,0,0,1,0,25,0,2,4,1,0,2,1,3,0,2,2,4
2008,Alpine County,March,18,0,2,0,0,0,0,20,25,0,1,0,0,0,0,26,2,0,1,0,0,0,0,0,0,3,0,3
2008,Alpine County,April,20,1,0,0,0,0,2,19,26,1,0,0,1,1,0,25,1,2,1,2,2,1,1,4,0,0,2,2
2008,Alpine County,May,19,0,0,0,0,1,0,18,25,0,1,0,2,1,0,23,0,1,1,3,0,2,2,4,0,1,0,1
2008,Alpine County,June,18,0,2,0,1,2,0,17,23,0,1,0,3,3,0,18,2,3,1,6,0,5,4,9,0,3,0,3
2008,Alpine County,July,17,1,1,0,1,0,1,17,18,0,1,0,1,0,0,18,2,2,1,1,1,0,2,3,0,2,1,3
2008,Alpine County,August,17,0,1,1,2,0,0,17,18,0,0,0,1,0,0,17,2,2,0,1,0,0,3,3,1,1,0,2
2008,Alpine County,September,17,0,0,0,2,2,0,13,17,2,0,0,0,1,1,17,0,4,2,2,1,3,2,6,0,0,2,2
2008,Alpine County,October,13,0,0,0,1,0,0,12,17,1,0,0,1,1,0,16,0,1,1,2,0,1,2,3,0,0,1,1
2008,Alpine County,November,12,0,0,0,0,0,0,12,16,1,0,0,0,0,0,17,0,0,1,0,0,0,0,0,0,0,1,1
2008,Alpine County,December,12,0,0,0,0,0,0,12,17,0,1,0,0,1,0,17,0,0,1,1,0,1,0,1,0,1,0,1
2008,Amador County,January,444,20,14,0,12,20,0,446,1042,49,12,0,34,6,0,1063,34,32,61,40,0,26,46,72,0,26,69,95
2008,Amador County,February,446,7,17,0,7,17,0,446,1063,39,8,0,33,5,0,1072,24,24,47,38,0,22,40,62,0,25,46,71
2008,Amador County,March,446,20,14,0,9,11,0,460,1072,9,4,0,4,11,0,1070,34,20,13,15,0,22,13,35,0,18,29,47
2008,Amador County,April,460,22,13,0,11,14,0,470,1070,10,9,0,8,7,0,1074,35,25,19,15,0,21,19,40,0,22,32,54
2008,Amador County,May,470,13,6,0,17,14,0,458,1074,8,3,0,4,13,0,1068,19,31,11,17,0,27,21,48,0,9,21,30
2008,Amador County,June,458,19,14,0,17,20,0,454,1068,9,12,0,5,12,0,1072,33,37,21,17,0,32,22,54,0,26,28,54
2008,Amador County,July,454,13,9,0,10,17,0,449,1072,10,10,0,8,20,0,1064,22,27,20,28,0,37,18,55,0,19,23,42
2008,Amador County,August,449,13,10,0,8,10,0,454,1064,141,7,0,134,13,0,1065,23,18,148,147,0,23,142,165,0,17,154,171
2008,Amador County,September,454,11,7,0,14,10,0,448,1065,18,4,0,45,8,0,1034,18,24,22,53,0,18,59,77,0,11,29,40
2008,Amador County,October,448,13,11,0,16,21,0,435,1034,18,4,0,48,4,0,1004,24,37,22,52,0,25,64,89,0,15,31,46
2008,Amador County,November,435,5,4,0,10,12,0,422,1004,10,5,0,43,9,0,967,9,22,15,52,0,21,53,74,0,9,15,24
2008,Amador County,December,422,10,9,0,3,27,0,411,967,16,2,0,46,6,0,933,19,30,18,52,0,33,49,82,0,11,26,37
2008,Butte County,January,1628,63,23,0,46,32,2,1634,766,19,5,0,25,13,2,750,86,80,24,40,4,45,71,120,0,28,82,110
2008,Butte County,February,1620,44,21,0,23,34,9,1619,731,15,6,0,29,11,2,710,65,66,21,42,11,45,52,108,0,27,59,86
2008,Butte County,March,1556,66,28,0,35,20,2,1593,692,29,6,0,24,7,1,695,94,57,35,32,3,27,59,89,0,34,95,129
2008,Butte County,April,1589,55,14,0,33,41,6,1578,661,39,1,0,23,21,0,657,69,80,40,44,6,62,56,124,0,15,94,109
2008,Butte County,May,1489,59,19,0,32,38,7,1490,532,19,4,0,26,13,3,513,78,77,23,42,10,51,58,119,0,23,78,101
2008,Butte County,June,1480,56,19,0,49,42,3,1461,514,26,10,0,28,20,3,499,75,94,36,51,6,62,77,145,0,29,82,111
2008,Butte County,July,1413,62,23,0,30,38,3,1427,415,40,5,0,10,10,1,439,85,71,45,21,4,48,40,92,0,28,102,130
2008,Butte County,August,1420,72,17,0,36,36,2,1435,440,19,2,0,22,10,1,428,89,74,21,33,3,46,58,107,0,19,91,110
2008,Butte County,September,1427,41,24,0,37,31,4,1420,435,15,6,0,25,9,0,422,65,72,21,34,4,40,62,106,0,30,56,86
2008,Butte County,October,1419,55,44,0,34,27,3,1454,425,21,13,0,22,4,5,428,99,64,34,31,8,31,56,95,0,57,76,133
2008,Butte County,November,1433,44,30,0,26,27,1,1453,425,28,3,0,27,9,0,420,74,54,31,36,1,36,53,90,0,33,72,105
2008,Butte County,December,1446,50,21,0,39,34,2,1442,426,16,1,0,25,13,1,404,71,75,17,39,3,47,64,114,0,22,66,88
2008,Calaveras County,January,273,13,3,2,11,8,5,267,162,7,6,1,7,4,1,164,18,24,14,12,6,12,18,36,3,9,20,32
2008,Calaveras County,February,267,12,5,0,4,4,4,272,164,4,3,0,4,5,2,160,17,12,7,11,6,9,8,23,0,8,16,24
2008,Calaveras County,March,272,7,6,3,9,4,2,273,160,7,5,0,10,0,0,162,16,15,12,10,2,4,19,25,3,11,14,28
2008,Calaveras County,April,273,6,2,4,7,6,9,263,162,8,4,6,4,1,7,168,12,22,18,12,16,7,11,34,10,6,14,30
2008,Calaveras County,May,263,9,5,4,5,4,2,270,168,8,2,1,3,7,2,167,18,11,11,12,4,11,8,23,5,7,17,29
2008,Calaveras County,June,270,10,1,0,8,3,2,268,167,6,1,0,4,4,1,165,11,13,7,9,3,7,12,22,0,2,16,18
2008,Calaveras County,July,268,6,0,8,6,4,2,270,165,0,1,2,3,2,0,163,14,12,3,5,2,6,9,17,10,1,6,17
2008,Calaveras County,August,270,10,5,0,8,4,4,269,163,6,3,0,4,4,3,161,15,16,9,11,7,8,12,27,0,8,16,24
2008,Calaveras County,September,269,8,1,0,5,7,2,264,161,11,3,0,7,5,1,162,9,14,14,13,3,12,12,27,0,4,19,23
2008,Calaveras County,October,264,9,5,4,4,5,1,272,162,7,4,1,3,2,0,169,18,10,12,5,1,7,7,15,5,9,16,30
2008,Calaveras County,November,272,9,6,5,8,1,4,279,169,8,4,0,3,3,1,174,20,13,12,7,5,4,11,20,5,10,17,32
2008,Calaveras County,December,279,11,3,0,9,17,0,267,174,3,4,0,4,4,1,172,14,26,7,9,1,21,13,35,0,7,14,21
2008,Colusa County,January,163,11,5,0,3,1,0,175,146,7,3,0,3,0,0,153,16,4,10,3,0,1,6,7,0,8,18,26
2008,Colusa County,February,175,9,6,0,0,2,0,188,153,2,8,0,0,5,0,158,15,2,10,5,0,7,0,7,0,14,11,25
2008,Colusa County,March,188,8,9,0,0,2,0,203,158,4,6,0,0,4,0,164,17,2,10,4,0,6,0,6,0,15,12,27
2008,Colusa County,April,203,5,2,0,0,4,0,206,164,4,1,0,2,1,0,166,7,4,5,3,0,5,2,7,0,3,9,12
2008,Colusa County,May,206,8,3,0,2,3,0,212,166,1,6,0,3,3,0,167,11,5,7,6,0,6,5,11,0,9,9,18
2008,Colusa County,June,212,6,7,0,0,0,0,225,167,8,0,0,1,2,0,172,13,0,8,3,0,2,1,3,0,7,14,21
2008,Colusa County,July,225,8,1,0,2,14,0,218,172,8,3,0,5,0,0,178,9,16,11,5,0,14,7,21,0,4,16,20
2008,Colusa County,August,218,5,6,0,3,7,0,219,178,3,7,0,4,3,0,181,11,10,10,7,0,10,7,17,0,13,8,21
2008,Colusa County,September,219,9,6,0,0,4,0,230,181,5,6,0,5,2,0,185,15,4,11,7,0,6,5,11,0,12,14,26
2008,Colusa County,October,230,5,6,0,0,1,0,240,185,3,5,0,1,3,0,189,11,1,8,4,0,4,1,5,0,11,8,19
2008,Colusa County,November,240,6,2,0,1,5,0,242,189,2,1,0,2,9,0,181,8,6,3,11,0,14,3,17,0,3,8,11
2008,Colusa County,December,242,8,6,0,3,4,0,249,181,7,2,0,4,1,0,185,14,7,9,5,0,5,7,12,0,8,15,23
2008,Contra Costa County,January,3256,155,87,10,46,104,31,3327,0,0,0,0,0,0,0,0,252,181,0,0,31,104,46,181,10,87,155,252
2008,Contra Costa County,February,3327,157,97,16,135,108,15,3339,0,0,0,0,0,0,0,0,270,258,0,0,15,108,135,258,16,97,157,270
2008,Contra Costa County,March,3339,108,70,6,107,123,28,3265,0,0,0,0,0,0,0,0,184,258,0,0,28,123,107,258,6,70,108,184
2008,Contra Costa County,April,3265,109,99,13,139,105,29,3213,0,0,0,0,0,0,0,0,221,273,0,0,29,105,139,273,13,99,109,221
2008,Contra Costa County,May,3213,114,123,8,85,114,20,3239,0,0,0,0,0,0,0,0,245,219,0,0,20,114,85,219,8,123,114,245
2008,Contra Costa County,June,3239,141,98,15,90,100,27,3276,0,0,0,0,0,0,0,0,254,217,0,0,27,100,90,217,15,98,141,254
2008,Contra Costa County,July,3276,113,77,11,92,89,27,3269,0,0,0,0,0,0,0,0,201,208,0,0,27,89,92,208,11,77,113,201
2008,Contra Costa County,August,3269,98,88,26,78,10,12,3381,0,0,0,0,0,0,0,0,212,100,0,0,12,10,78,100,26,88,98,212
2008,Contra Costa County,September,3381,103,69,22,110,6,25,3434,0,0,0,0,0,0,0,0,194,141,0,0,25,6,110,141,22,69,103,194
2008,Contra Costa County,October,3434,142,30,27,54,13,21,3545,0,0,0,0,0,0,0,0,199,88,0,0,21,13,54,88,27,30,142,199
2008,Contra Costa County,November,3545,73,18,21,107,13,34,3503,0,0,0,0,0,0,0,0,112,154,0,0,34,13,107,154,21,18,73,112
2008,Contra Costa County,December,3503,97,30,28,94,9,28,3527,0,0,0,0,0,0,0,0,155,131,0,0,28,9,94,131,28,30,97,155
2008,Del Norte County,January,178,0,0,0,0,0,0,178,130,0,0,0,0,0,0,130,0,0,0,0,0,0,0,0,0,0,0,0
2008,Del Norte County,February,178,4,4,0,7,4,1,174,130,4,0,0,3,7,1,123,8,12,4,11,2,11,10,23,0,4,8,12
2008,Del Norte County,March,174,4,2,1,4,3,0,174,123,3,4,0,4,4,0,122,7,7,7,8,0,7,8,15,1,6,7,14
2008,Del Norte County,April,174,8,2,1,6,4,1,174,122,3,8,0,4,2,1,126,11,11,11,7,2,6,10,18,1,10,11,22
2008,Del Norte County,May,174,12,1,0,8,2,0,177,126,9,1,0,3,2,2,129,13,10,10,7,2,4,11,17,0,2,21,23
2008,Del Norte County,June,177,6,5,0,11,4,0,173,129,4,0,0,8,1,3,121,11,15,4,12,3,5,19,27,0,5,10,15
2008,Del Norte County,July,173,6,3,1,4,5,0,174,121,6,0,0,5,5,3,114,10,9,6,13,3,10,9,22,1,3,12,16
2008,Del Norte County,August,174,5,5,0,4,7,0,173,114,4,0,0,5,4,0,109,10,11,4,9,0,11,9,20,0,5,9,14
2008,Del Norte County,September,173,6,8,0,2,10,0,175,109,3,2,0,7,2,0,105,14,12,5,9,0,12,9,21,0,10,9,19
2008,Del Norte County,October,175,3,4,0,3,11,0,168,105,5,1,0,6,4,0,101,7,14,6,10,0,15,9,24,0,5,8,13
2008,Del Norte County,November,168,1,6,0,5,5,0,165,101,2,1,0,1,3,2,98,7,10,3,6,2,8,6,16,0,7,3,10
2008,Del Norte County,December,165,6,2,0,3,3,0,167,98,6,2,0,1,2,0,103,8,6,8,3,0,5,4,9,0,4,12,16
2008,El Dorado County,January,1306,37,6,7,29,27,11,1289,278,13,3,2,18,4,0,274,50,67,18,22,11,31,47,89,9,9,50,68
2008,El Dorado County,February,1289,38,21,11,56,35,16,1252,274,22,8,3,13,7,0,287,70,107,33,20,16,42,69,127,14,29,60,103
2008,El Dorado County,March,1252,35,17,8,28,24,7,1253,287,37,3,1,11,5,4,308,60,59,41,20,11,29,39,79,9,20,72,101
2008,El Dorado County,April,1253,36,11,14,24,24,5,1261,308,29,1,4,8,5,4,325,61,53,34,17,9,29,32,70,18,12,65,95
2008,El Dorado County,May,1261,26,15,5,33,9,8,1257,325,19,2,0,25,5,0,316,46,50,21,30,8,14,58,80,5,17,45,67
2008,El Dorado County,June,1257,15,15,1,29,31,20,1208,316,22,2,1,17,9,2,313,31,80,25,28,22,40,46,108,2,17,37,56
2008,El Dorado County,July,1208,38,13,5,33,28,8,1195,313,22,0,5,26,3,2,309,56,69,27,31,10,31,59,100,10,13,60,83
2008,El Dorado County,August,1195,45,17,10,32,19,12,1204,309,12,3,2,6,4,3,313,72,63,17,13,15,23,38,76,12,20,57,89
2008,El Dorado County,September,1204,48,15,2,30,14,5,1220,313,7,1,0,11,7,16,287,65,49,8,34,21,21,41,83,2,16,55,73
2008,El Dorado County,October,1220,58,11,9,53,22,7,1216,287,10,1,3,3,0,2,296,78,82,14,5,9,22,56,87,12,12,68,92
2008,El Dorado County,November,1216,40,6,9,31,20,7,1213,296,9,1,1,3,5,2,297,55,58,11,10,9,25,34,68,10,7,49,66
2008,El Dorado County,December,1213,43,18,9,36,31,5,1211,297,14,5,3,7,5,6,301,70,72,22,18,11,36,43,90,12,23,57,92
2008,Fresno County,January,6820,302,299,0,279,416,0,6726,2427,96,119,0,118,132,0,2392,601,695,215,250,0,548,397,945,0,418,398,816
2008,Fresno County,February,6726,246,216,0,201,303,0,6684,2392,72,168,0,83,140,0,2409,462,504,240,223,0,443,284,727,0,384,318,702
2008,Fresno County,March,6684,311,361,0,247,420,3,6686,2409,95,225,2,66,159,0,2506,672,670,322,225,3,579,313,895,2,586,406,994
2008,Fresno County,April,6686,265,292,0,242,377,1,6623,2506,154,216,1,108,179,0,2590,557,620,371,287,1,556,350,907,1,508,419,928
2008,Fresno County,May,6623,217,271,0,232,357,2,6520,2590,99,262,1,108,207,1,2636,488,591,362,316,3,564,340,907,1,533,316,850
2008,Fresno County,June,6520,291,315,0,225,403,5,6493,2636,71,161,3,174,134,0,2563,606,633,235,308,5,537,399,941,3,476,362,841
2008,Fresno County,July,6493,303,354,0,258,454,3,6435,2563,87,107,2,151,116,0,2492,657,715,196,267,3,570,409,982,2,461,390,853
2008,Fresno County,August,6435,275,293,4,200,340,6,6461,2492,131,143,3,107,99,0,2563,572,546,277,206,6,439,307,752,7,436,406,849
2008,Fresno County,September,6461,252,284,0,331,424,3,6239,2563,94,90,2,112,75,0,2562,536,758,186,187,3,499,443,945,2,374,346,722
2008,Fresno County,October,6239,290,291,0,169,401,5,6245,2562,81,136,1,98,92,0,2590,581,575,218,190,5,493,267,765,1,427,371,799
2008,Fresno County,November,6245,217,226,0,172,263,2,6251,2590,72,136,1,252,83,0,2464,443,437,209,335,2,346,424,772,1,362,289,652
2008,Fresno County,December,6251,262,296,8,194,101,3,6519,2464,62,116,3,72,15,0,2558,566,298,181,87,3,116,266,385,11,412,324,747
2008,Glenn County,January,889,3,2,0,1,0,1,892,622,8,2,0,0,1,0,631,5,2,10,1,1,1,1,3,0,4,11,15
2008,Glenn County,February,892,6,4,0,0,0,0,902,631,3,0,0,0,0,0,634,10,0,3,0,0,0,0,0,0,4,9,13
2008,Glenn County,March,902,8,2,0,0,0,1,911,634,5,1,0,0,0,0,640,10,1,6,0,1,0,0,1,0,3,13,16
2008,Glenn County,April,911,7,1,0,0,0,0,919,640,3,4,0,0,0,0,647,8,0,7,0,0,0,0,0,0,5,10,15
2008,Glenn County,May,919,10,3,0,2,0,2,928,647,6,2,0,0,0,0,655,13,4,8,0,2,0,2,4,0,5,16,21
2008,Glenn County,June,928,3,1,0,5,0,1,926,655,3,0,0,1,0,0,657,4,6,3,1,1,0,6,7,0,1,6,7
2008,Glenn County,July,926,9,0,0,0,0,1,934,657,5,0,0,2,0,0,660,9,1,5,2,1,0,2,3,0,0,14,14
2008,Glenn County,August,934,4,1,0,2,0,4,933,660,2,0,0,2,0,0,660,5,6,2,2,4,0,4,8,0,1,6,7
2008,Glenn County,September,933,3,2,0,0,0,5,933,660,4,0,0,1,0,0,663,5,5,4,1,5,0,1,6,0,2,7,9
2008,Glenn County,October,933,2,0,0,1,0,1,933,663,5,0,0,1,0,0,667,2,2,5,1,1,0,2,3,0,0,7,7
2008,Glenn County,November,933,4,0,0,0,0,1,936,667,1,1,0,0,0,0,669,4,1,2,0,1,0,0,1,0,1,5,6
2008,Glenn County,December,936,7,3,0,0,0,0,946,669,3,0,0,0,0,0,672,10,0,3,0,0,0,0,0,0,3,10,13
2008,Humboldt County,January,1298,28,0,0,26,16,5,1279,39,0,0,0,1,0,0,38,28,47,0,1,5,16,27,48,0,0,28,28
2008,Humboldt County,February,1279,17,0,3,22,8,5,1264,38,1,0,0,0,0,0,39,20,35,1,0,5,8,22,35,3,0,18,21
2008,Humboldt County,March,1264,31,0,3,20,2,2,1274,39,1,0,1,0,0,0,41,34,24,2,0,2,2,20,24,4,0,32,36
2008,Humboldt County,April,1274,31,0,5,17,9,8,1276,41,0,0,0,0,0,0,41,36,34,0,0,8,9,17,34,5,0,31,36
2008,Humboldt County,May,1276,34,0,2,29,12,7,1264,41,1,0,1,2,0,0,41,36,48,2,2,7,12,31,50,3,0,35,38
2008,Humboldt County,June,1264,28,0,1,19,5,12,1257,41,0,0,0,0,0,0,41,29,36,0,0,12,5,19,36,1,0,28,29
2008,Humboldt County,July,1257,29,0,8,32,6,3,1253,41,0,0,0,1,0,0,40,37,41,0,1,3,6,33,42,8,0,29,37
2008,Humboldt County,August,1253,20,0,7,16,7,4,1253,40,0,0,0,1,0,0,39,27,27,0,1,4,7,17,28,7,0,20,27
2008,Humboldt County,September,1253,20,0,3,44,15,6,1211,39,0,0,0,3,0,0,36,23,65,0,3,6,15,47,68,3,0,20,23
2008,Humboldt County,October,1211,27,0,1,10,4,3,1222,36,0,0,0,0,0,0,36,28,17,0,0,3,4,10,17,1,0,27,28
2008,Humboldt County,November,1222,29,0,3,19,9,4,1222,36,0,0,2,0,0,0,38,32,32,2,0,4,9,19,32,5,0,29,34
2008,Humboldt County,December,1222,32,0,1,41,11,6,1197,38,1,0,0,0,0,0,39,33,58,1,0,6,11,41,58,1,0,33,34
2008,Imperial County,January,1104,62,6,0,54,4,0,1114,78,2,0,0,5,0,0,75,68,58,2,5,0,4,59,63,0,6,64,70
2008,Imperial County,February,1114,38,8,0,39,2,0,1119,75,1,0,0,5,0,0,71,46,41,1,5,0,2,44,46,0,8,39,47
2008,Imperial County,March,1119,59,6,0,5,1,0,1178,71,5,0,0,0,0,0,76,65,6,5,0,0,1,5,6,0,6,64,70
2008,Imperial County,April,1178,59,13,0,25,12,0,1213,76,3,0,0,0,0,0,79,72,37,3,0,0,12,25,37,0,13,62,75
2008,Imperial County,May,1213,44,13,0,24,11,1,1234,79,1,0,0,3,0,0,77,57,36,1,3,1,11,27,39,0,13,45,58
2008,Imperial County,June,1234,43,9,0,56,6,0,1224,77,1,2,0,3,1,0,76,52,62,3,4,0,7,59,66,0,11,44,55
2008,Imperial County,July,1224,71,7,0,30,5,1,1266,76,5,0,0,5,0,0,76,78,36,5,5,1,5,35,41,0,7,76,83
2008,Imperial County,August,1266,54,10,0,96,4,0,1230,76,3,1,0,15,0,0,65,64,100,4,15,0,4,111,115,0,11,57,68
2008,Imperial County,September,1230,44,6,0,36,1,1,1242,65,1,2,0,20,1,0,47,50,38,3,21,1,2,56,59,0,8,45,53
2008,Imperial County,October,1242,33,18,0,37,16,0,1240,47,0,1,0,7,0,0,41,51,53,1,7,0,16,44,60,0,19,33,52
2008,Imperial County,November,1240,21,14,0,20,1,0,1254,41,2,0,0,0,0,0,43,35,21,2,0,0,1,20,21,0,14,23,37
2008,Imperial County,December,1254,20,17,0,78,13,0,1200,43,1,0,0,1,2,0,41,37,91,1,3,0,15,79,94,0,17,21,38
2008,Inyo County,January,611,20,9,0,9,7,0,624,911,33,9,0,16,9,0,928,29,16,42,25,0,16,25,41,0,18,53,71
2008,Inyo County,February,624,12,3,0,8,11,0,620,928,16,3,0,4,13,0,930,15,19,19,17,0,24,12,36,0,6,28,34
2008,Inyo County,March,620,7,1,1,8,5,0,616,930,18,4,0,17,8,0,927,9,13,22,25,0,13,25,38,1,5,25,31
2008,Inyo County,April,616,6,2,0,1,12,0,611,927,32,11,0,3,11,0,956,8,13,43,14,0,23,4,27,0,13,38,51
2008,Inyo County,May,611,8,1,0,3,6,1,610,956,12,2,0,6,8,0,956,9,10,14,14,1,14,9,24,0,3,20,23
2008,Inyo County,June,610,11,2,0,6,4,0,613,956,7,9,0,4,8,0,960,13,10,16,12,0,12,10,22,0,11,18,29
2008,Inyo County,July,613,12,4,0,4,10,0,615,960,16,4,0,6,17,0,957,16,14,20,23,0,27,10,37,0,8,28,36
2008,Inyo County,August,615,10,6,0,0,5,0,626,957,19,11,2,13,7,0,969,16,5,32,20,0,12,13,25,2,17,29,48
2008,Inyo County,September,626,4,2,0,1,4,0,627,969,16,4,0,10,12,0,967,6,5,20,22,0,16,11,27,0,6,20,26
2008,Inyo County,October,627,0,12,2,3,10,0,628,967,5,23,0,6,5,0,984,14,13,28,11,0,15,9,24,2,35,5,42
2008,Inyo County,November,628,4,6,0,2,6,0,630,984,9,6,0,5,12,0,982,10,8,15,17,0,18,7,25,0,12,13,25
2008,Inyo County,December,630,9,8,2,1,6,0,642,982,4,13,0,2,11,0,986,19,7,17,13,0,17,3,20,2,21,13,36
2008,Kern County,January,7575,208,0,0,82,42,0,7659,659,27,0,0,6,10,0,670,208,124,27,16,0,52,88,140,0,0,235,235
2008,Kern County,February,7659,202,0,0,221,138,0,7502,670,23,0,0,17,24,0,652,202,359,23,41,0,162,238,400,0,0,225,225
2008,Kern County,March,7502,315,0,0,60,62,0,7695,652,15,0,0,12,10,0,645,315,122,15,22,0,72,72,144,0,0,330,330
2008,Kern County,April,7695,334,0,0,130,63,6,7830,645,4,0,0,15,16,0,618,334,199,4,31,6,79,145,230,0,0,338,338
2008,Kern County,May,7830,217,0,0,149,165,0,7733,618,0,0,0,14,17,9,578,217,314,0,40,9,182,163,354,0,0,217,217
2008,Kern County,June,7733,246,0,0,74,184,1,7720,578,10,0,0,5,20,2,561,246,259,10,27,3,204,79,286,0,0,256,256
2008,Kern County,July,7720,248,0,0,123,218,2,7625,561,30,0,0,27,29,0,535,248,343,30,56,2,247,150,399,0,0,278,278
2008,Kern County,August,7625,228,45,207,285,155,3,7662,535,30,0,0,11,9,1,544,480,443,30,21,4,164,296,464,207,45,258,510
2008,Kern County,September,7662,232,74,91,350,165,1,7543,544,39,24,0,10,29,10,558,397,516,63,49,11,194,360,565,91,98,271,460
2008,Kern County,October,7543,174,98,25,166,136,0,7538,558,6,25,0,23,32,1,533,297,302,31,56,1,168,189,358,25,123,180,328
2008,Kern County,November,7538,186,0,298,152,0,330,7540,533,18,0,0,16,0,0,535,484,482,18,16,330,0,168,498,298,0,204,502
2008,Kern County,December,7540,272,0,58,307,0,0,7563,535,20,0,0,87,0,0,468,330,307,20,87,0,0,394,394,58,0,292,350
2008,Kings County,January,1255,104,165,9,143,139,90,1161,3463,167,112,17,77,153,30,3499,278,372,296,260,120,292,220,632,26,277,271,574
2008,Kings County,February,1161,171,157,7,119,102,33,1242,3499,147,76,10,103,163,30,3436,335,254,233,296,63,265,222,550,17,233,318,568
2008,Kings County,March,1242,157,190,3,148,166,23,1255,3436,138,67,15,93,135,18,3410,350,337,220,246,41,301,241,583,18,257,295,570
2008,Kings County,April,1255,143,176,2,142,169,19,1246,3410,161,59,11,113,160,23,3345,321,330,231,296,42,329,255,626,13,235,304,552
2008,Kings County,May,1246,160,185,0,130,184,7,1270,3345,170,70,5,101,117,2,3370,345,321,245,220,9,301,231,541,5,255,330,590
2008,Kings County,June,1270,173,195,0,138,204,3,1293,3370,173,74,2,109,131,0,3379,368,345,249,240,3,335,247,585,2,269,346,617
2008,Kings County,July,1293,182,206,0,196,201,5,1279,3379,183,82,0,121,135,0,3388,388,402,265,256,5,336,317,658,0,288,365,653
2008,Kings County,August,1279,249,195,0,186,201,1,1335,3388,202,34,0,124,102,0,3398,444,388,236,226,1,303,310,614,0,229,451,680
2008,Kings County,September,1335,212,171,0,199,198,0,1321,3398,238,28,0,240,127,0,3297,383,397,266,367,0,325,439,764,0,199,450,649
2008,Kings County,October,1321,202,215,0,240,213,0,1285,3297,358,112,0,408,181,0,3178,417,453,470,589,0,394,648,1042,0,327,560,887
2008,Kings County,November,1131,107,65,2,98,65,0,1142,3172,277,139,0,139,78,0,3371,174,163,416,217,0,143,237,380,2,204,384,590
2008,Kings County,December,1142,122,48,0,93,56,0,1163,3371,204,148,0,239,104,0,3380,170,149,352,343,0,160,332,492,0,196,326,522
2008,Lake County,January,642,6,3,0,5,7,0,639,6,0,0,0,0,0,0,6,9,12,0,0,0,7,5,12,0,3,6,9
2008,Lake County,February,639,8,3,0,31,9,0,610,6,0,0,0,1,0,0,5,11,40,0,1,0,9,32,41,0,3,8,11
2008,Lake County,March,610,7,12,0,18,6,0,605,5,0,0,0,0,0,0,5,19,24,0,0,0,6,18,24,0,12,7,19
2008,Lake County,April,605,10,7,0,7,16,0,599,5,0,0,0,0,0,0,5,17,23,0,0,0,16,7,23,0,7,10,17
2008,Lake County,May,599,13,13,0,6,14,0,605,5,0,0,0,0,0,0,5,26,20,0,0,0,14,6,20,0,13,13,26
2008,Lake County,June,605,3,3,0,7,0,0,604,5,0,0,0,0,0,0,5,6,7,0,0,0,0,7,7,0,3,3,6
2008,Lake County,July,604,6,10,0,17,7,0,596,5,0,0,0,0,0,0,5,16,24,0,0,0,7,17,24,0,10,6,16
2008,Lake County,August,596,5,6,0,3,18,0,586,5,0,0,0,0,0,0,5,11,21,0,0,0,18,3,21,0,6,5,11
2008,Lake County,September,586,10,14,0,6,18,0,586,5,0,0,0,0,0,0,5,24,24,0,0,0,18,6,24,0,14,10,24
2008,Lake County,October,586,11,6,0,2,0,0,601,5,0,0,0,0,0,0,5,17,2,0,0,0,0,2,2,0,6,11,17
2008,Lake County,November,601,17,24,0,1,18,0,623,5,0,0,0,0,0,0,5,41,19,0,0,0,18,1,19,0,24,17,41
2008,Lake County,December,623,6,4,0,8,0,0,625,5,0,0,0,0,0,0,5,10,8,0,0,0,0,8,8,0,4,6,10
2008,Lassen County,January,369,12,0,0,2,3,3,373,190,4,0,0,0,0,0,194,12,8,4,0,3,3,2,8,0,0,16,16
2008,Lassen County,February,373,6,0,0,5,3,3,368,194,4,0,0,2,1,1,194,6,11,4,4,4,4,7,15,0,0,10,10
2008,Lassen County,March,368,6,0,0,12,1,0,361,194,4,0,0,5,5,4,184,6,13,4,14,4,6,17,27,0,0,10,10
2008,Lassen County,April,361,6,0,0,12,4,4,347,184,2,0,0,6,2,2,176,6,20,2,10,6,6,18,30,0,0,8,8
2008,Lassen County,May,347,5,0,0,8,0,0,344,176,2,0,0,4,1,1,172,5,8,2,6,1,1,12,14,0,0,7,7
2008,Lassen County,June,344,7,0,0,12,3,3,333,172,2,0,0,5,3,3,163,7,18,2,11,6,6,17,29,0,0,9,9
2008,Lassen County,July,333,10,0,0,5,0,0,338,163,8,0,0,1,0,0,170,10,5,8,1,0,0,6,6,0,0,18,18
2008,Lassen County,August,340,7,0,0,10,0,0,337,171,9,0,0,9,0,0,171,7,10,9,9,0,0,19,19,0,0,16,16
2008,Lassen County,September,337,9,0,0,12,1,1,332,171,1,0,0,4,1,1,166,9,14,1,6,2,2,16,20,0,0,10,10
2008,Lassen County,October,332,7,0,0,7,2,2,328,166,4,1,0,2,1,1,167,7,11,5,4,3,3,9,15,0,1,11,12
2008,Lassen County,November,328,5,0,0,5,0,0,328,167,4,0,0,8,1,1,161,5,5,4,10,1,1,13,15,0,0,9,9
2008,Lassen County,December,326,7,0,0,5,1,1,326,162,0,0,0,4,1,1,156,7,7,0,6,2,2,9,13,0,0,7,7
2008,Los Angeles County,January,55796,1277,466,0,1073,1042,66,55358,5840,44,31,0,126,33,31,5725,1743,2181,75,190,97,1075,1199,2371,0,497,1321,1818
2008,Los Angeles County,February,55885,1171,413,0,1067,976,62,55364,5794,37,33,0,144,32,32,5656,1584,2105,70,208,94,1008,1211,2313,0,446,1208,1654
2008,Los Angeles County,March,55824,1234,448,0,1098,984,61,55363,5742,46,22,0,133,26,42,5609,1682,2143,68,201,103,1010,1231,2344,0,470,1280,1750
2008,Los Angeles County,April,55665,1454,502,0,1026,1198,74,55323,5688,40,34,0,141,29,24,5568,1956,2298,74,194,98,1227,1167,2492,0,536,1494,2030
2008,Los Angeles County,May,55732,1398,486,0,982,1063,52,55519,5619,32,31,0,134,53,35,5460,1884,2097,63,222,87,1116,1116,2319,0,517,1430,1947
2008,Los Angeles County,June,55872,1296,450,0,947,897,49,55725,5474,43,29,0,103,27,17,5399,1746,1893,72,147,66,924,1050,2040,0,479,1339,1818
2008,Los Angeles County,July,56204,1362,504,0,1001,948,55,56066,5450,40,31,0,148,31,33,5309,1866,2004,71,212,88,979,1149,2216,0,535,1402,1937
2008,Los Angeles County,August,56378,1256,466,0,957,886,40,56217,5377,30,37,0,108,26,14,5296,1722,1883,67,148,54,912,1065,2031,0,503,1286,1789
2008,Los Angeles County,September,56290,1386,452,0,991,852,42,56243,5300,28,24,0,140,28,30,5154,1838,1885,52,198,72,880,1131,2083,0,476,1414,1890
2008,Los Angeles County,October,56543,1469,455,0,1043,1049,56,56319,5201,29,31,0,130,21,28,5082,1924,2148,60,179,84,1070,1173,2327,0,486,1498,1984
2008,Los Angeles County,November,56473,1028,356,0,812,776,35,56234,5137,18,13,0,90,18,11,5049,1384,1623,31,119,46,794,902,1742,0,369,1046,1415
2008,Los Angeles County,December,56323,1220,446,0,836,826,41,56286,5044,38,28,0,106,21,22,4961,1666,1703,66,149,63,847,942,1852,0,474,1258,1732
2008,Madera County,January,2416,45,42,0,11,74,0,2418,791,22,19,0,7,28,0,797,87,85,41,35,0,102,18,120,0,61,67,128
2008,Madera County,February,2418,47,42,0,26,65,0,2416,797,15,20,0,6,25,0,801,89,91,35,31,0,90,32,122,0,62,62,124
2008,Madera County,March,2416,63,57,0,19,62,0,2455,801,20,16,0,8,18,0,811,120,81,36,26,0,80,27,107,0,73,83,156
2008,Madera County,April,2455,59,66,0,20,86,0,2474,811,22,15,0,16,20,0,812,125,106,37,36,0,106,36,142,0,81,81,162
2008,Madera County,May,2474,49,46,0,34,62,0,2473,812,18,13,0,6,13,0,824,95,96,31,19,0,75,40,115,0,59,67,126
2008,Madera County,June,2473,39,37,0,20,74,0,2455,824,12,7,0,8,22,0,813,76,94,19,30,0,96,28,124,0,44,51,95
2008,Madera County,July,2455,76,73,0,17,88,0,2499,813,28,18,0,6,28,0,825,149,105,46,34,0,116,23,139,0,91,104,195
2008,Madera County,August,2499,50,30,0,17,49,0,2513,825,21,9,0,8,18,0,829,80,66,30,26,0,67,25,92,0,39,71,110
2008,Madera County,September,2513,57,81,0,16,99,0,2536,829,19,18,0,13,23,0,830,138,115,37,36,0,122,29,151,0,99,76,175
2008,Madera County,October,2536,56,66,0,13,81,0,2564,830,39,26,0,8,28,0,859,122,94,65,36,0,109,21,130,0,92,95,187
2008,Madera County,November,2564,57,47,0,19,43,0,2606,859,22,12,0,13,15,0,865,104,62,34,28,0,58,32,90,0,59,79,138
2008,Madera County,December,2606,64,53,0,24,73,0,2626,865,23,22,0,7,32,0,871,117,97,45,39,0,105,31,136,0,75,87,162
2008,Marin County,January,1288,17,4,0,29,7,0,1273,1222,36,9,0,42,16,0,1209,21,36,45,58,0,23,71,94,0,13,53,66
2008,Marin County,February,1273,26,7,0,12,5,0,1289,1209,38,9,0,17,1,0,1238,33,17,47,18,0,6,29,35,0,16,64,80
2008,Marin County,March,1289,27,7,0,33,1,0,1289,1238,26,7,0,39,21,0,1211,34,34,33,60,0,22,72,94,0,14,53,67
2008,Marin County,April,1289,33,8,0,8,17,0,1305,1211,22,6,0,15,19,0,1205,41,25,28,34,0,36,23,59,0,14,55,69
2008,Marin County,May,1305,22,6,0,23,15,0,1295,1205,19,5,0,18,6,0,1205,28,38,24,24,0,21,41,62,0,11,41,52
2008,Marin County,June,1295,27,7,0,23,6,0,1300,1205,14,4,0,26,5,0,1192,34,29,18,31,0,11,49,60,0,11,41,52
2008,Marin County,July,1300,22,5,0,19,11,0,1297,1192,18,5,0,15,13,0,1187,27,30,23,28,0,24,34,58,0,10,40,50
2008,Marin County,August,1297,32,8,0,21,7,0,1309,1187,32,8,0,26,7,0,1194,40,28,40,33,0,14,47,61,0,16,64,80
2008,Marin County,September,1309,0,0,0,6,8,0,1295,1194,15,4,0,17,16,0,1180,0,14,19,33,0,24,23,47,0,4,15,19
2008,Marin County,October,1295,22,6,0,16,5,0,1302,1180,32,8,0,20,9,0,1191,28,21,40,29,0,14,36,50,0,14,54,68
2008,Marin County,November,1302,15,4,0,3,4,0,1314,1191,28,7,0,8,0,0,1218,19,7,35,8,0,4,11,15,0,11,43,54
2008,Marin County,December,1314,18,4,0,13,2,0,1321,1218,25,6,0,27,9,0,1213,22,15,31,36,0,11,40,51,0,10,43,53
2008,Mariposa County,January,162,1,2,0,11,2,0,152,283,12,6,0,2,6,0,293,3,13,18,8,0,8,13,21,0,8,13,21
2008,Mariposa County,February,152,3,1,0,4,2,0,150,293,4,4,0,5,9,0,287,4,6,8,14,0,11,9,20,0,5,7,12
2008,Mariposa County,March,150,4,2,0,7,6,0,143,287,5,4,0,11,13,0,272,6,13,9,24,0,19,18,37,0,6,9,15
2008,Mariposa County,April,143,2,5,0,9,6,0,135,272,8,11,0,16,12,0,263,7,15,19,28,0,18,25,43,0,16,10,26
2008,Mariposa County,May,135,6,0,0,2,1,0,138,263,12,4,0,5,6,0,268,6,3,16,11,0,7,7,14,0,4,18,22
2008,Mariposa County,June,138,3,4,0,4,4,0,137,268,6,3,0,14,6,0,257,7,8,9,20,0,10,18,28,0,7,9,16
2008,Mariposa County,July,137,3,0,0,3,1,0,136,257,16,12,0,8,7,0,270,3,4,28,15,0,8,11,19,0,12,19,31
2008,Mariposa County,August,136,4,1,0,3,3,0,135,270,12,5,0,14,10,0,263,5,6,17,24,0,13,17,30,0,6,16,22
2008,Mariposa County,September,135,5,3,0,3,5,0,135,263,6,7,0,5,9,0,262,8,8,13,14,0,14,8,22,0,10,11,21
2008,Mariposa County,October,135,6,5,0,6,5,0,135,262,8,10,0,6,14,0,260,11,11,18,20,0,19,12,31,0,15,14,29
2008,Mariposa County,November,135,1,2,0,4,3,0,131,260,6,8,0,3,12,0,259,3,7,14,15,0,15,7,22,0,10,7,17
2008,Mariposa County,December,131,3,2,0,1,7,0,128,259,10,11,0,8,13,0,259,5,8,21,21,0,20,9,29,0,13,13,26
2008,Mendocino County,January,1466,25,18,0,11,8,0,1490,152,0,0,0,1,2,0,149,43,19,0,3,0,10,12,22,0,18,25,43
2008,Mendocino County,February,1490,13,13,0,8,7,0,1501,149,0,2,0,0,0,0,151,26,15,2,0,0,7,8,15,0,15,13,28
2008,Mendocino County,March,1501,29,22,0,12,4,0,1536,151,0,2,0,1,0,0,152,51,16,2,1,0,4,13,17,0,24,29,53
2008,Mendocino County,April,1536,20,21,0,23,10,0,1544,152,0,0,0,5,0,0,147,41,33,0,5,0,10,28,38,0,21,20,41
2008,Mendocino County,May,1544,19,21,0,18,2,0,1564,147,0,3,0,2,0,0,148,40,20,3,2,0,2,20,22,0,24,19,43
2008,Mendocino County,June,1564,11,15,0,13,8,0,1569,148,0,2,0,0,0,0,150,26,21,2,0,0,8,13,21,0,17,11,28
2008,Mendocino County,July,1569,24,18,0,14,16,0,1581,150,1,0,0,7,1,0,143,42,30,1,8,0,17,21,38,0,18,25,43
2008,Mendocino County,August,1581,17,16,0,17,2,0,1595,143,0,2,0,1,1,0,143,33,19,2,2,0,3,18,21,0,18,17,35
2008,Mendocino County,September,1595,24,14,2,16,8,0,1611,143,0,0,0,1,1,0,141,40,24,0,2,0,9,17,26,2,14,24,40
2008,Mendocino County,October,1611,10,21,0,2,2,0,1638,141,0,2,0,2,0,2,139,31,4,2,4,2,2,4,8,0,23,10,33
2008,Mendocino County,November,1638,24,16,0,9,9,0,1660,139,0,0,0,0,0,0,139,40,18,0,0,0,9,9,18,0,16,24,40
2008,Mendocino County,December,1660,33,17,0,8,7,0,1695,139,0,0,0,0,0,0,139,50,15,0,0,0,7,8,15,0,17,33,50
2008,Merced County,January,3268,113,106,0,143,68,8,3268,0,0,0,0,0,0,0,0,219,219,0,0,8,68,143,219,0,106,113,219
2008,Merced County,February,3268,91,87,0,142,82,19,3203,0,0,0,0,0,0,0,0,178,243,0,0,19,82,142,243,0,87,91,178
2008,Merced County,March,3203,98,93,0,108,46,8,3232,0,0,0,0,0,0,0,0,191,162,0,0,8,46,108,162,0,93,98,191
2008,Merced County,April,3232,86,65,0,149,58,13,3163,0,0,0,0,0,0,0,0,151,220,0,0,13,58,149,220,0,65,86,151
2008,Merced County,May,3163,99,133,0,89,68,11,3227,0,0,0,0,0,0,0,0,232,168,0,0,11,68,89,168,0,133,99,232
2008,Merced County,June,3227,88,68,0,82,55,7,3239,0,0,0,0,0,0,0,0,156,144,0,0,7,55,82,144,0,68,88,156
2008,Merced County,July,3239,107,94,0,136,73,7,3224,0,0,0,0,0,0,0,0,201,216,0,0,7,73,136,216,0,94,107,201
2008,Merced County,August,3224,141,83,0,91,83,5,3269,0,0,0,0,0,0,0,0,224,179,0,0,5,83,91,179,0,83,141,224
2008,Merced County,September,3269,53,70,0,139,75,3,3175,0,0,0,0,0,0,0,0,123,217,0,0,3,75,139,217,0,70,53,123
2008,Merced County,October,3175,118,109,0,126,98,6,3172,0,0,0,0,0,0,0,0,227,230,0,0,6,98,126,230,0,109,118,227
2008,Merced County,November,3172,83,76,0,78,52,6,3195,0,0,0,0,0,0,0,0,159,136,0,0,6,52,78,136,0,76,83,159
2008,Merced County,December,3195,114,115,0,87,70,12,3255,0,0,0,0,0,0,0,0,229,169,0,0,12,70,87,169,0,115,114,229
2008,Modoc County,January,141,3,2,0,3,0,0,143,188,0,1,0,4,0,0,185,5,3,1,4,0,0,7,7,0,3,3,6
2008,Modoc County,February,143,6,2,0,2,0,0,149,185,1,1,0,0,1,0,186,8,2,2,1,0,1,2,3,0,3,7,10
2008,Modoc County,March,149,3,3,0,3,2,0,150,186,1,0,0,3,0,0,184,6,5,1,3,0,2,6,8,0,3,4,7
2008,Modoc County,April,150,5,2,0,6,2,0,149,184,2,0,0,3,0,0,183,7,8,2,3,0,2,9,11,0,2,7,9
2008,Modoc County,May,149,4,2,0,0,0,0,155,183,0,0,0,3,0,0,180,6,0,0,3,0,0,3,3,0,2,4,6
2008,Modoc County,June,155,2,0,0,5,0,0,152,180,1,0,0,1,1,0,179,2,5,1,2,0,1,6,7,0,0,3,3
2008,Modoc County,July,152,2,2,0,3,0,0,153,179,1,0,0,2,0,0,178,4,3,1,2,0,0,5,5,0,2,3,5
2008,Modoc County,August,153,5,1,0,6,2,0,151,178,0,0,0,1,0,0,177,6,8,0,1,0,2,7,9,0,1,5,6
2008,Modoc County,September,151,6,0,0,2,0,0,155,177,0,0,0,0,0,0,177,6,2,0,0,0,0,2,2,0,0,6,6
2008,Modoc County,October,155,4,0,0,3,0,0,156,177,1,0,0,1,0,0,177,4,3,1,1,0,0,4,4,0,0,5,5
2008,Modoc County,November,156,2,0,0,2,0,0,156,177,0,0,0,3,0,0,174,2,2,0,3,0,0,5,5,0,0,2,2
2008,Modoc County,December,156,1,2,0,2,0,0,157,174,1,0,0,0,0,0,175,3,2,1,0,0,0,2,2,0,2,2,4
2008,Mono County,January,156,7,0,0,5,0,1,157,88,4,0,0,9,0,0,83,7,6,4,9,1,0,14,15,0,0,11,11
2008,Mono County,February,157,3,0,0,5,0,0,155,83,3,0,0,2,0,0,84,3,5,3,2,0,0,7,7,0,0,6,6
2008,Mono County,March,155,2,0,0,2,0,0,155,84,7,0,0,1,0,0,90,2,2,7,1,0,0,3,3,0,0,9,9
2008,Mono County,April,155,1,0,0,1,0,0,155,90,3,0,0,1,0,0,92,1,1,3,1,0,0,2,2,0,0,4,4
2008,Mono County,May,155,4,0,0,0,0,0,159,92,5,0,0,1,0,0,96,4,0,5,1,0,0,1,1,0,0,9,9
2008,Mono County,June,159,7,0,0,1,0,0,165,96,7,0,0,1,0,0,102,7,1,7,1,0,0,2,2,0,0,14,14
2008,Mono County,July,165,1,0,0,2,0,0,164,102,4,0,0,4,0,0,102,1,2,4,4,0,0,6,6,0,0,5,5
2008,Mono County,August,164,1,0,0,1,0,0,164,102,2,0,0,1,0,0,103,1,1,2,1,0,0,2,2,0,0,3,3
2008,Mono County,September,164,2,0,0,1,0,0,165,103,3,0,0,3,0,0,103,2,1,3,3,0,0,4,4,0,0,5,5
2008,Mono County,October,165,1,0,0,3,0,0,163,103,2,0,0,3,0,0,102,1,3,2,3,0,0,6,6,0,0,3,3
2008,Mono County,November,163,0,0,0,0,0,0,163,102,0,0,0,0,0,0,102,0,0,0,0,0,0,0,0,0,0,0,0
2008,Mono County,December,163,3,0,0,1,0,0,165,102,2,0,0,0,0,0,104,3,1,2,0,0,0,1,1,0,0,5,5
2008,Monterey County,January,3243,29,21,0,22,9,0,3262,1323,0,2,0,18,16,36,1255,50,31,2,70,36,25,40,101,0,23,29,52
2008,Monterey County,February,3262,68,11,0,30,24,0,3287,1255,2,3,0,9,2,0,1249,79,54,5,11,0,26,39,65,0,14,70,84
2008,Monterey County,March,3287,30,22,0,37,6,0,3296,1249,0,6,0,10,10,31,1204,52,43,6,51,31,16,47,94,0,28,30,58
2008,Monterey County,April,3296,51,22,0,40,6,0,3323,1204,0,9,0,13,5,6,1189,73,46,9,24,6,11,53,70,0,31,51,82
2008,Monterey County,May,3323,0,19,0,30,18,12,3282,1189,0,7,0,5,6,23,1162,19,60,7,34,35,24,35,94,0,26,0,26
2008,Monterey County,June,3282,25,13,0,35,8,0,3277,1162,0,4,0,8,9,19,1130,38,43,4,36,19,17,43,79,0,17,25,42
2008,Monterey County,July,3277,0,50,0,45,29,8,3245,1130,0,4,0,12,5,14,1103,50,82,4,31,22,34,57,113,0,54,0,54
2008,Monterey County,August,3245,0,36,0,35,18,12,3216,1103,0,7,0,9,8,17,1076,36,65,7,34,29,26,44,99,0,43,0,43
2008,Monterey County,September,3216,56,33,0,42,19,0,3244,1076,0,6,0,13,12,23,1034,89,61,6,48,23,31,55,109,0,39,56,95
2008,Monterey County,October,3244,17,18,0,39,24,0,3216,1034,0,7,0,6,10,8,1017,35,63,7,24,8,34,45,87,0,25,17,42
2008,Monterey County,November,3216,19,14,0,36,17,0,3196,1017,0,5,0,12,7,14,989,33,53,5,33,14,24,48,86,0,19,19,38
2008,Monterey County,December,3196,30,21,0,33,20,0,3194,989,0,4,0,7,5,0,981,51,53,4,12,0,25,40,65,0,25,30,55
2008,Napa County,January,1043,43,27,9,27,15,25,1055,1136,44,21,16,1,13,48,1155,79,67,81,62,73,28,28,129,25,48,87,160
2008,Napa County,February,1055,51,14,6,15,7,45,1059,1155,61,17,6,24,7,60,1148,71,67,84,91,105,14,39,158,12,31,112,155
2008,Napa County,March,1059,54,24,77,22,13,113,1066,1148,36,21,111,17,21,136,1142,155,148,168,174,249,34,39,322,188,45,90,323
2008,Napa County,April,1066,33,24,0,19,27,2,1075,1142,34,21,0,31,17,21,1128,57,48,55,69,23,44,50,117,0,45,67,112
2008,Napa County,May,1075,20,18,0,15,22,25,1051,1128,41,26,0,25,41,3,1126,38,62,67,69,28,63,40,131,0,44,61,105
2008,Napa County,June,1051,18,28,0,13,24,14,1046,1126,32,20,0,11,17,20,1130,46,51,52,48,34,41,24,99,0,48,50,98
2008,Napa County,July,1046,22,25,0,14,21,17,1041,1130,38,19,0,17,16,25,1129,47,52,57,58,42,37,31,110,0,44,60,104
2008,Napa County,August,1041,30,26,0,23,14,27,1033,1129,30,18,0,34,27,8,1108,56,64,48,69,35,41,57,133,0,44,60,104
2008,Napa County,September,1033,23,19,0,17,17,10,1031,1108,20,17,0,21,18,28,1078,42,44,37,67,38,35,38,111,0,36,43,79
2008,Napa County,October,1031,33,28,0,15,20,24,1033,1078,30,34,0,24,21,56,1041,61,59,64,101,80,41,39,160,0,62,63,125
2008,Napa County,November,1033,27,19,0,15,11,25,1028,1041,13,25,0,27,8,30,1014,46,51,38,65,55,19,42,116,0,44,40,84
2008,Napa County,December,1028,25,1,0,21,20,0,1013,1014,19,0,0,23,7,4,999,26,41,19,34,4,27,44,75,0,1,44,45
2008,Nevada County,January,535,16,0,0,12,0,7,532,136,4,0,0,4,0,1,135,16,19,4,5,8,0,16,24,0,0,20,20
2008,Nevada County,February,532,11,0,0,4,0,0,539,135,3,1,0,4,0,0,135,11,4,4,4,0,0,8,8,0,1,14,15
2008,Nevada County,March,539,12,0,0,13,0,4,534,135,3,0,0,6,0,0,132,12,17,3,6,4,0,19,23,0,0,15,15
2008,Nevada County,April,534,8,0,0,14,0,0,528,132,4,0,0,5,0,1,130,8,14,4,6,1,0,19,20,0,0,12,12
2008,Nevada County,May,528,11,0,0,16,0,3,520,130,2,0,0,1,0,1,130,11,19,2,2,4,0,17,21,0,0,13,13
2008,Nevada County,June,520,13,1,0,15,0,2,517,130,9,1,0,2,0,0,138,14,17,10,2,2,0,17,19,0,2,22,24
2008,Nevada County,July,517,13,0,0,15,0,10,505,138,12,0,0,9,0,1,140,13,25,12,10,11,0,24,35,0,0,25,25
2008,Nevada County,August,505,9,4,0,14,0,2,502,140,3,1,0,4,0,2,138,13,16,4,6,4,0,18,22,0,5,12,17
2008,Nevada County,September,502,16,0,0,17,0,6,495,138,6,0,0,8,0,1,135,16,23,6,9,7,0,25,32,0,0,22,22
2008,Nevada County,October,495,10,0,0,8,0,0,497,135,10,0,0,4,0,1,140,10,8,10,5,1,0,12,13,0,0,20,20
2008,Nevada County,November,497,14,0,0,6,0,14,491,140,5,0,0,2,0,1,142,14,20,5,3,15,0,8,23,0,0,19,19
2008,Nevada County,December,491,12,0,0,10,0,4,489,142,8,0,0,4,0,0,146,12,14,8,4,4,0,14,18,0,0,20,20
2008,Orange County,January,14810,725,501,0,720,569,83,14664,2776,42,14,0,4,16,1,2811,1226,1372,56,21,84,585,724,1393,0,515,767,1282
2008,Orange County,February,14664,641,413,1,511,504,71,14633,2811,49,15,0,39,12,5,2819,1055,1086,64,56,76,516,550,1142,1,428,690,1119
2008,Orange County,March,14633,656,527,0,576,548,138,14554,2819,56,7,0,28,5,2,2847,1183,1262,63,35,140,553,604,1297,0,534,712,1246
2008,Orange County,April,14554,724,390,1,617,547,115,14390,2847,50,21,0,32,11,2,2873,1115,1279,71,45,117,558,649,1324,1,411,774,1186
2008,Orange County,May,14390,689,475,0,697,521,116,14220,2873,47,26,0,48,8,3,2887,1164,1334,73,59,119,529,745,1393,0,501,736,1237
2008,Orange County,June,14220,590,467,0,790,552,60,13875,2887,30,13,0,38,10,0,2882,1057,1402,43,48,60,562,828,1450,0,480,620,1100
2008,Orange County,July,13875,600,429,1,626,644,92,13543,2882,44,8,0,24,11,0,2899,1030,1362,52,35,92,655,650,1397,1,437,644,1082
2008,Orange County,August,13543,642,380,0,524,484,62,13495,2899,51,3,0,31,4,0,2918,1022,1070,54,35,62,488,555,1105,0,383,693,1076
2008,Orange County,September,13495,652,385,1,660,561,80,13232,2918,55,5,0,41,22,0,2915,1038,1301,60,63,80,583,701,1364,1,390,707,1098
2008,Orange County,October,13232,464,420,1,607,492,69,12949,2915,57,8,0,30,4,0,2946,885,1168,65,34,69,496,637,1202,1,428,521,950
2008,Orange County,November,12949,357,294,0,489,426,58,12627,2946,59,7,0,16,7,0,2989,651,973,66,23,58,433,505,996,0,301,416,717
2008,Orange County,December,12627,646,353,0,552,434,29,12611,2989,44,4,0,32,2,0,3003,999,1015,48,34,29,436,584,1049,0,357,690,1047
2008,Placer County,January,1508,99,5,0,51,12,8,1541,1074,44,1,0,9,1,6,1103,104,71,45,16,14,13,60,87,0,6,143,149
2008,Placer County,February,1541,82,14,0,61,15,2,1559,1103,12,0,0,27,2,4,1082,96,78,12,33,6,17,88,111,0,14,94,108
2008,Placer County,March,1559,52,5,0,71,12,2,1531,1082,8,2,0,21,6,1,1064,57,85,10,28,3,18,92,113,0,7,60,67
2008,Placer County,April,1531,92,2,0,40,5,0,1580,1064,9,2,0,15,2,0,1058,94,45,11,17,0,7,55,62,0,4,101,105
2008,Placer County,May,1580,105,25,0,40,20,5,1645,1058,18,0,0,15,2,0,1059,130,65,18,17,5,22,55,82,0,25,123,148
2008,Placer County,June,1645,67,15,0,21,13,4,1689,1059,21,5,0,7,4,3,1071,82,38,26,14,7,17,28,52,0,20,88,108
2008,Placer County,July,1689,90,12,0,4,0,0,1787,1071,15,0,0,2,0,0,1084,102,4,15,2,0,0,6,6,0,12,105,117
2008,Placer County,August,1787,87,4,0,25,3,6,1844,1084,18,0,0,5,1,0,1096,91,34,18,6,6,4,30,40,0,4,105,109
2008,Placer County,September,1844,68,3,0,16,11,0,1888,1096,8,0,0,8,3,0,1093,71,27,8,11,0,14,24,38,0,3,76,79
2008,Placer County,October,1888,95,2,0,7,5,0,1973,1093,13,1,0,5,1,0,1101,97,12,14,6,0,6,12,18,0,3,108,111
2008,Placer County,November,1973,53,2,0,3,5,0,2020,1101,8,0,0,7,3,0,1099,55,8,8,10,0,8,10,18,0,2,61,63
2008,Placer County,December,2020,73,10,0,15,4,0,2084,1099,16,0,0,10,5,0,1100,83,19,16,15,0,9,25,34,0,10,89,99
2008,Plumas County,January,233,9,9,0,8,5,0,238,264,7,9,0,15,5,0,260,18,13,16,20,0,10,23,33,0,18,16,34
2008,Plumas County,February,238,6,7,0,5,12,0,234,260,0,9,0,6,8,0,255,13,17,9,14,0,20,11,31,0,16,6,22
2008,Plumas County,March,234,9,7,0,4,7,0,239,255,4,12,0,13,12,0,246,16,11,16,25,0,19,17,36,0,19,13,32
2008,Plumas County,April,239,5,6,0,14,8,0,228,246,7,3,0,7,7,0,242,11,22,10,14,0,15,21,36,0,9,12,21
2008,Plumas County,May,228,4,13,0,6,10,0,229,242,7,8,0,12,5,0,240,17,16,15,17,0,15,18,33,0,21,11,32
2008,Plumas County,June,229,8,6,0,7,10,0,226,240,7,0,0,6,1,0,240,14,17,7,7,0,11,13,24,0,6,15,21
2008,Plumas County,July,226,7,8,0,10,2,0,229,240,18,3,0,10,7,0,244,15,12,21,17,0,9,20,29,0,11,25,36
2008,Plumas County,August,229,3,4,0,13,7,0,216,244,6,4,0,8,3,0,243,7,20,10,11,0,10,21,31,0,8,9,17
2008,Plumas County,September,216,4,0,0,2,0,0,218,243,5,0,0,17,0,0,231,4,2,5,17,0,0,19,19,0,0,9,9
2008,Plumas County,October,218,9,5,0,6,7,0,219,231,7,12,0,8,11,0,231,14,13,19,19,0,18,14,32,0,17,16,33
2008,Plumas County,November,219,7,5,0,6,3,0,222,231,8,0,0,3,9,0,227,12,9,8,12,0,12,9,21,0,5,15,20
2008,Plumas County,December,222,4,15,0,6,13,0,222,227,10,9,0,11,4,0,231,19,19,19,15,0,17,17,34,0,24,14,38
2008,Riverside County,January,14317,781,314,0,915,302,0,14195,2728,149,60,0,174,57,0,2706,1095,1217,209,231,0,359,1089,1448,0,374,930,1304
2008,Riverside County,February,14195,649,305,0,612,302,0,14235,2706,124,58,0,117,57,0,2714,954,914,182,174,0,359,729,1088,0,363,773,1136
2008,Riverside County,March,14235,840,289,0,493,309,0,14562,2714,160,55,0,94,59,0,2776,1129,802,215,153,0,368,587,955,0,344,1000,1344
2008,Riverside County,April,14562,879,340,0,781,307,0,14693,2776,168,65,0,149,59,0,2801,1219,1088,233,208,0,366,930,1296,0,405,1047,1452
2008,Riverside County,May,14693,871,302,0,763,437,0,14666,2801,166,57,0,145,83,0,2796,1173,1200,223,228,0,520,908,1428,0,359,1037,1396
2008,Riverside County,June,14666,870,353,0,633,421,0,14835,2796,166,67,0,121,81,0,2827,1223,1054,233,202,0,502,754,1256,0,420,1036,1456
2008,Riverside County,July,16368,683,404,0,1091,250,0,16114,1874,213,138,0,284,100,0,1841,1087,1341,351,384,0,350,1375,1725,0,542,896,1438
2008,Riverside County,August,16114,274,445,0,440,630,378,15385,1841,356,49,0,79,82,477,1608,719,1448,405,638,855,712,519,2086,0,494,630,1124
2008,Riverside County,September,15385,465,369,168,490,459,0,15438,1608,156,90,0,105,70,136,1543,1002,949,246,311,136,529,595,1260,168,459,621,1248
2008,Riverside County,October,15438,637,442,162,429,451,0,15799,1543,173,77,0,87,50,135,1521,1241,880,250,272,135,501,516,1152,162,519,810,1491
2008,Riverside County,November,15799,420,262,54,302,363,0,15870,1521,135,51,0,93,56,34,1524,736,665,186,183,34,419,395,848,54,313,555,922
2008,Riverside County,December,15870,455,348,28,437,393,0,15871,1524,115,59,0,110,71,58,1459,831,830,174,239,58,464,547,1069,28,407,570,1005
2008,Sacramento County,January,19181,550,495,78,157,508,881,18759,0,0,0,0,0,0,0,0,1123,1546,0,0,881,508,157,1546,78,495,550,1123
2008,Sacramento County,February,18578,500,501,55,123,452,466,18773,0,0,0,0,0,0,0,0,1056,1041,0,0,466,452,123,1041,55,501,500,1056
2008,Sacramento County,March,18773,482,448,12,180,394,198,18943,0,0,0,0,0,0,0,0,942,772,0,0,198,394,180,772,12,448,482,942
2008,Sacramento County,April,18943,561,506,23,189,537,318,18989,0,0,0,0,0,0,0,0,1090,1044,0,0,318,537,189,1044,23,506,561,1090
2008,Sacramento County,May,18989,501,485,31,193,490,479,18844,0,0,0,0,0,0,0,0,1017,1162,0,0,479,490,193,1162,31,485,501,1017
2008,Sacramento County,June,18844,464,429,72,211,490,430,18678,0,0,0,0,0,0,0,0,965,1131,0,0,430,490,211,1131,72,429,464,965
2008,Sacramento County,July,18678,520,512,34,223,539,440,18542,0,0,0,0,0,0,0,0,1066,1202,0,0,440,539,223,1202,34,512,520,1066
2008,Sacramento County,August,18542,498,439,27,213,580,86,18627,0,0,0,0,0,0,0,0,964,879,0,0,86,580,213,879,27,439,498,964
2008,Sacramento County,September,18627,514,508,20,215,510,266,18678,0,0,0,0,0,0,0,0,1042,991,0,0,266,510,215,991,20,508,514,1042
2008,Sacramento County,October,18678,537,528,11,184,505,402,18663,0,0,0,0,0,0,0,0,1076,1091,0,0,402,505,184,1091,11,528,537,1076
2008,Sacramento County,November,18663,431,412,7,155,448,132,18778,0,0,0,0,0,0,0,0,850,735,0,0,132,448,155,735,7,412,431,850
2008,Sacramento County,December,18778,503,409,12,184,387,396,18735,0,0,0,0,0,0,0,0,924,967,0,0,396,387,184,967,12,409,503,924
2008,San Benito County,January,329,7,9,0,4,7,4,330,370,2,5,0,5,4,0,368,16,15,7,9,4,11,9,24,0,14,9,23
2008,San Benito County,February,330,11,2,1,12,4,5,323,368,4,3,0,2,5,1,367,14,21,7,8,6,9,14,29,1,5,15,21
2008,San Benito County,March,323,16,2,0,14,3,4,320,367,14,2,0,11,5,1,366,18,21,16,17,5,8,25,38,0,4,30,34
2008,San Benito County,April,320,11,2,0,7,5,4,317,366,26,9,0,16,5,0,380,13,16,35,21,4,10,23,37,0,11,37,48
2008,San Benito County,May,317,5,5,0,15,32,5,275,380,12,5,0,9,13,0,375,10,52,17,22,5,45,24,74,0,10,17,27
2008,San Benito County,June,275,24,7,0,8,12,7,279,375,21,6,0,12,7,3,380,31,27,27,22,10,19,20,49,0,13,45,58
2008,San Benito County,July,279,12,7,20,10,0,4,304,380,14,2,11,11,0,1,395,39,14,27,12,5,0,21,26,31,9,26,66
2008,San Benito County,August,304,10,2,0,8,7,0,301,395,13,7,0,5,9,0,401,12,15,20,14,0,16,13,29,0,9,23,32
2008,San Benito County,September,301,20,7,5,9,16,4,304,401,19,13,0,10,14,0,409,32,29,32,24,4,30,19,53,5,20,39,64
2008,San Benito County,October,304,6,3,0,8,12,8,285,409,6,5,0,21,8,1,390,9,28,11,30,9,20,29,58,0,8,12,20
2008,San Benito County,November,285,4,12,0,10,6,6,279,390,2,13,0,8,21,0,376,16,22,15,29,6,27,18,51,0,25,6,31
2008,San Benito County,December,279,9,8,0,2,11,4,279,376,19,4,0,20,22,1,356,17,17,23,43,5,33,22,60,0,12,28,40
2008,San Bernardino County,January,22920,536,179,4,324,710,0,22605,3161,43,19,0,215,61,0,2947,719,1034,62,276,0,771,539,1310,4,198,579,781
2008,San Bernardino County,February,23012,447,160,0,428,549,0,22642,3031,34,18,0,176,35,0,2872,607,977,52,211,0,584,604,1188,0,178,481,659
2008,San Bernardino County,March,22979,572,189,5,344,547,0,22854,2971,33,20,0,259,31,0,2734,766,891,53,290,0,578,603,1181,5,209,605,819
2008,San Bernardino County,April,23071,494,217,2,352,632,0,22800,2856,42,21,0,230,46,0,2643,713,984,63,276,0,678,582,1260,2,238,536,776
2008,San Bernardino County,May,23139,457,207,4,425,533,0,22849,2754,40,13,0,235,31,0,2541,668,958,53,266,0,564,660,1224,4,220,497,721
2008,San Bernardino County,June,23173,370,189,3,412,573,0,22750,2680,37,18,1,202,29,0,2505,562,985,56,231,0,602,614,1216,4,207,407,618
2008,San Bernardino County,July,23283,351,163,0,388,528,0,22881,2639,56,14,0,296,34,0,2379,514,916,70,330,0,562,684,1246,0,177,407,584
2008,San Bernardino County,August,23352,405,141,9,394,486,0,23027,2610,20,9,1,179,22,0,2439,555,880,30,201,0,508,573,1081,10,150,425,585
2008,San Bernardino County,September,23333,394,122,2,336,485,0,23030,2545,30,5,0,192,20,0,2368,518,821,35,212,0,505,528,1033,2,127,424,553
2008,San Bernardino County,October,23241,398,147,5,358,471,0,22962,2480,52,13,0,184,28,0,2333,550,829,65,212,0,499,542,1041,5,160,450,615
2008,San Bernardino County,November,23304,350,103,1,221,345,0,23192,2431,26,8,0,145,14,0,2306,454,566,34,159,0,359,366,725,1,111,376,488
2008,San Bernardino County,December,23383,397,135,9,328,410,0,23186,2356,36,7,0,157,7,0,2235,541,738,43,164,0,417,485,902,9,142,433,584
2008,San Diego County,January,17226,404,155,0,411,253,3,17118,1210,31,19,0,38,39,0,1183,559,667,50,77,3,292,449,744,0,174,435,609
2008,San Diego County,February,17118,422,136,0,309,268,3,17096,1183,55,14,0,35,36,0,1181,558,580,69,71,3,304,344,651,0,150,477,627
2008,San Diego County,March,17096,414,122,0,397,225,5,17005,1181,38,16,0,36,25,0,1174,536,627,54,61,5,250,433,688,0,138,452,590
2008,San Diego County,April,17073,552,143,0,345,242,1,17180,1170,60,13,0,31,25,0,1187,695,588,73,56,1,267,376,644,0,156,612,768
2008,San Diego County,May,17180,428,109,0,395,230,1,17091,1187,48,17,0,30,30,0,1192,537,626,65,60,1,260,425,686,0,126,476,602
2008,San Diego County,June,17126,296,101,0,365,229,1,16928,1190,34,6,0,24,16,0,1190,397,595,40,40,1,245,389,635,0,107,330,437
2008,San Diego County,July,16944,486,119,0,340,321,3,16885,1172,45,11,0,26,49,1,1152,605,664,56,76,4,370,366,740,0,130,531,661
2008,San Diego County,August,16881,327,119,0,400,236,2,16689,1152,23,17,0,21,32,0,1139,446,638,40,53,2,268,421,691,0,136,350,486
2008,San Diego County,September,16729,496,145,0,337,263,3,16767,1138,41,15,0,30,41,0,1123,641,603,56,71,3,304,367,674,0,160,537,697
2008,San Diego County,October,16767,382,137,0,351,228,0,16707,1123,30,10,0,26,37,0,1100,519,579,40,63,0,265,377,642,0,147,412,559
2008,San Diego County,November,16784,358,101,0,320,229,1,16693,1098,22,13,0,22,31,0,1080,459,550,35,53,1,260,342,603,0,114,380,494
2008,San Diego County,December,16681,373,118,0,305,296,2,16569,1077,35,22,0,24,37,0,1073,491,603,57,61,2,333,329,664,0,140,408,548
2008,San Francisco County,January,6021,96,8,17,41,17,32,6052,942,19,1,1,20,0,6,937,121,90,21,26,38,17,61,116,18,9,115,142
2008,San Francisco County,February,6052,225,0,0,116,57,96,6008,937,14,0,0,26,1,7,917,225,269,14,34,103,58,142,303,0,0,239,239
2008,San Francisco County,March,6008,121,11,23,68,18,63,6014,917,21,1,1,25,6,10,899,155,149,23,41,73,24,93,190,24,12,142,178
2008,San Francisco County,April,6014,191,14,8,137,19,81,5990,899,32,0,0,14,4,16,897,213,237,32,34,97,23,151,271,8,14,223,245
2008,San Francisco County,May,5990,195,4,3,129,19,19,6025,897,34,0,1,29,0,3,900,202,167,35,32,22,19,158,199,4,4,229,237
2008,San Francisco County,June,6025,302,12,22,84,22,148,6107,900,29,0,0,20,3,3,903,336,254,29,26,151,25,104,280,22,12,331,365
2008,San Francisco County,July,6107,286,17,35,156,78,46,6165,903,25,0,0,31,2,24,871,338,280,25,57,70,80,187,337,35,17,311,363
2008,San Francisco County,August,6165,162,16,43,63,40,84,6199,871,33,0,0,17,0,12,875,221,187,33,29,96,40,80,216,43,16,195,254
2008,San Francisco County,September,6199,173,6,18,66,18,49,6263,875,32,2,1,18,2,5,885,197,133,35,25,54,20,84,158,19,8,205,232
2008,San Francisco County,October,6263,142,11,6,22,25,70,6305,885,20,0,1,17,1,3,885,159,117,21,21,73,26,39,138,7,11,162,180
2008,San Francisco County,November,6305,195,2,22,72,11,48,6393,885,20,0,0,8,1,22,874,219,131,20,31,70,12,80,162,22,2,215,239
2008,San Francisco County,December,6393,181,8,103,82,28,272,6303,874,27,1,2,22,0,11,871,292,382,30,33,283,28,104,415,105,9,208,322
2008,San Joaquin County,January,6821,138,236,46,130,145,52,6914,7951,129,284,7,198,188,8,7977,420,327,420,394,60,333,328,721,53,520,267,840
2008,San Joaquin County,February,6914,119,214,31,119,169,38,6952,7977,105,295,14,173,206,9,8003,364,326,414,388,47,375,292,714,45,509,224,778
2008,San Joaquin County,March,6952,144,244,27,94,167,24,7082,8003,110,348,19,116,260,10,8094,415,285,477,386,34,427,210,671,46,592,254,892
2008,San Joaquin County,April,7082,141,193,57,250,326,19,6878,8094,151,238,24,255,328,8,7916,391,595,413,591,27,654,505,1186,81,431,292,804
2008,San Joaquin County,May,6878,154,196,44,124,175,11,6962,7916,149,230,0,146,171,0,7978,394,310,379,317,11,346,270,627,44,426,303,773
2008,San Joaquin County,June,6962,137,224,6,103,140,12,7074,7978,135,259,5,123,177,4,8073,367,255,399,304,16,317,226,559,11,483,272,766
2008,San Joaquin County,July,7074,161,302,40,117,156,22,7282,8073,190,338,8,160,164,6,8279,503,295,536,330,28,320,277,625,48,640,351,1039
2008,San Joaquin County,August,7282,145,192,87,133,129,40,7404,8279,166,293,10,169,180,11,8388,424,302,469,360,51,309,302,662,97,485,311,893
2008,San Joaquin County,September,7404,157,189,61,110,177,18,7506,8388,110,249,6,173,189,2,8389,407,305,365,364,20,366,283,669,67,438,267,772
2008,San Joaquin County,October,7506,126,228,44,173,173,30,7528,8389,169,261,6,274,177,14,8360,398,376,436,465,44,350,447,841,50,489,295,834
2008,San Joaquin County,November,7528,120,212,38,120,154,51,7573,8360,119,216,1,198,113,11,8374,370,325,336,322,62,267,318,647,39,428,239,706
2008,San Joaquin County,December,7573,140,222,30,212,133,14,7606,8374,119,218,6,341,149,4,8223,392,359,343,494,18,282,553,853,36,440,259,735
2008,San Luis Obispo County,January,1873,44,17,0,35,24,4,1871,1204,44,24,0,26,15,2,1229,61,63,68,43,6,39,61,106,0,41,88,129
2008,San Luis Obispo County,February,1871,48,22,0,31,23,3,1884,1229,43,21,0,37,11,2,1243,70,57,64,50,5,34,68,107,0,43,91,134
2008,San Luis Obispo County,March,1884,76,30,0,23,18,0,1949,1243,35,18,0,24,10,1,1261,106,41,53,35,1,28,47,76,0,48,111,159
2008,San Luis Obispo County,April,1949,52,32,0,64,33,1,1935,1261,33,15,0,42,12,0,1255,84,98,48,54,1,45,106,152,0,47,85,132
2008,San Luis Obispo County,May,1935,75,21,0,42,29,1,1959,1255,35,15,0,34,10,0,1261,96,72,50,44,1,39,76,116,0,36,110,146
2008,San Luis Obispo County,June,1959,52,20,0,47,20,0,1964,1261,28,15,0,63,13,0,1228,72,67,43,76,0,33,110,143,0,35,80,115
2008,San Luis Obispo County,July,1964,46,19,0,27,22,1,1979,1228,51,6,0,25,15,0,1245,65,50,57,40,1,37,52,90,0,25,97,122
2008,San Luis Obispo County,August,1979,39,15,0,57,15,0,1961,1245,24,11,0,41,12,0,1227,54,72,35,53,0,27,98,125,0,26,63,89
2008,San Luis Obispo County,September,1961,60,20,0,53,22,4,1962,1227,55,6,0,37,17,1,1233,80,79,61,55,5,39,90,134,0,26,115,141
2008,San Luis Obispo County,October,1962,60,29,0,44,29,1,1977,1233,39,23,0,38,15,0,1242,89,74,62,53,1,44,82,127,0,52,99,151
2008,San Luis Obispo County,November,1977,42,10,0,32,24,0,1973,1242,27,4,0,38,8,1,1226,52,56,31,47,1,32,70,103,0,14,69,83
2008,San Luis Obispo County,December,1973,47,6,0,55,24,1,1946,1226,48,0,0,42,7,1,1224,53,80,48,50,2,31,97,130,0,6,95,101
2008,San Mateo County,January,4802,163,57,0,68,99,6,4849,2501,132,30,0,69,72,11,2511,220,173,162,152,17,171,137,325,0,87,295,382
2008,San Mateo County,February,4849,121,47,0,45,57,3,4912,2511,88,28,0,38,82,7,2500,168,105,116,127,10,139,83,232,0,75,209,284
2008,San Mateo County,March,4912,130,29,0,54,35,4,4978,2500,76,25,0,26,39,4,2532,159,93,101,69,8,74,80,162,0,54,206,260
2008,San Mateo County,April,4978,132,40,0,56,98,1,4995,2532,90,39,0,46,80,6,2529,172,155,129,132,7,178,102,287,0,79,222,301
2008,San Mateo County,May,4995,140,44,0,62,76,9,5032,2529,97,28,0,75,50,6,2523,184,147,125,131,15,126,137,278,0,72,237,309
2008,San Mateo County,June,5032,64,26,0,32,27,6,5057,2523,60,15,0,49,25,9,2515,90,65,75,83,15,52,81,148,0,41,124,165
2008,San Mateo County,July,5057,115,70,0,102,89,2,5049,2515,83,38,0,103,62,0,2471,185,193,121,165,2,151,205,358,0,108,198,306
2008,San Mateo County,August,5049,103,63,0,114,90,0,5011,2471,91,36,0,100,50,1,2447,166,204,127,151,1,140,214,355,0,99,194,293
2008,San Mateo County,September,5011,122,45,0,92,97,1,4988,2447,77,21,0,71,71,0,2403,167,190,98,142,1,168,163,332,0,66,199,265
2008,San Mateo County,October,4988,112,38,0,104,68,1,4965,2403,71,27,0,113,63,0,2325,150,173,98,176,1,131,217,349,0,65,183,248
2008,San Mateo County,November,4965,81,39,0,112,62,0,4911,2325,61,12,0,83,57,0,2258,120,174,73,140,0,119,195,314,0,51,142,193
2008,San Mateo County,December,4911,91,61,0,83,83,1,4896,2258,91,24,0,127,93,0,2153,152,167,115,220,1,176,210,387,0,85,182,267
2008,Santa Barbara County,January,3347,83,9,0,50,49,24,3316,3310,144,8,0,104,43,12,3303,92,123,152,159,36,92,154,282,0,17,227,244
2008,Santa Barbara County,February,3349,98,4,0,82,65,30,3274,3347,115,2,0,214,50,15,3185,102,177,117,279,45,115,296,456,0,6,213,219
2008,Santa Barbara County,March,3329,92,3,0,68,74,25,3257,3233,122,5,0,138,54,14,3154,95,167,127,206,39,128,206,373,0,8,214,222
2008,Santa Barbara County,April,3304,75,6,0,46,52,25,3262,3212,149,4,0,128,42,13,3182,81,123,153,183,38,94,174,306,0,10,224,234
2008,Santa Barbara County,May,3324,83,2,0,66,54,22,3267,3220,115,3,0,115,51,11,3161,85,142,118,177,33,105,181,319,0,5,198,203
2008,Santa Barbara County,June,3321,129,7,0,130,82,29,3216,3298,223,8,0,337,106,89,2997,136,241,231,532,118,188,467,773,0,15,352,367
2008,Santa Barbara County,July,3272,86,5,0,70,54,20,3219,3115,117,5,0,150,57,13,3017,91,144,122,220,33,111,220,364,0,10,203,213
2008,Santa Barbara County,August,3289,149,7,0,89,95,27,3234,3107,219,4,0,248,91,15,2976,156,211,223,354,42,186,337,565,0,11,368,379
2008,Santa Barbara County,September,3283,84,5,0,64,49,17,3242,3094,104,4,0,169,35,14,2984,89,130,108,218,31,84,233,348,0,9,188,197
2008,Santa Barbara County,October,3294,80,5,0,73,42,19,3245,3035,147,5,0,206,50,12,2919,85,134,152,268,31,92,279,402,0,10,227,237
2008,Santa Barbara County,November,3288,55,3,0,67,39,17,3223,2951,90,1,0,126,42,13,2861,58,123,91,181,30,81,193,304,0,4,145,149
2008,Santa Barbara County,December,3272,61,1,0,58,51,22,3203,2932,88,2,0,88,53,11,2870,62,131,90,152,33,104,146,283,0,3,149,152
2008,Santa Clara County,January,10069,284,184,496,372,234,492,9935,5744,198,172,339,247,256,525,5425,964,1098,709,1028,1017,490,619,2126,835,356,482,1673
2008,Santa Clara County,February,9935,541,228,125,273,241,382,9933,5425,315,189,118,211,283,277,5276,894,896,622,771,659,524,484,1667,243,417,856,1516
2008,Santa Clara County,March,9933,517,243,103,300,233,683,9580,5276,294,203,75,203,170,257,5218,863,1216,572,630,940,403,503,1846,178,446,811,1435
2008,Santa Clara County,April,9580,601,282,104,237,281,425,9624,5218,338,210,113,229,212,276,5162,987,943,661,717,701,493,466,1660,217,492,939,1648
2008,Santa Clara County,May,9624,557,291,469,314,293,468,9866,5162,315,240,157,254,201,328,5091,1317,1075,712,783,796,494,568,1858,626,531,872,2029
2008,Santa Clara County,June,9866,627,296,139,275,253,539,9861,5091,321,234,98,274,182,309,4979,1062,1067,653,765,848,435,549,1832,237,530,948,1715
2008,Santa Clara County,July,9861,610,301,263,285,296,616,9838,4979,320,236,189,242,258,394,4830,1174,1197,745,894,1010,554,527,2091,452,537,930,1919
2008,Santa Clara County,August,9838,607,272,163,235,253,546,9846,4830,337,207,150,274,182,296,4772,1042,1034,694,752,842,435,509,1786,313,479,944,1736
2008,Santa Clara County,September,9846,530,263,292,308,249,550,9824,4772,316,217,191,252,161,387,4696,1085,1107,724,800,937,410,560,1907,483,480,846,1809
2008,Santa Clara County,October,9824,513,263,88,198,241,909,9340,4696,290,195,136,166,216,598,4337,864,1348,621,980,1507,457,364,2328,224,458,803,1485
2008,Santa Clara County,November,9340,476,264,419,243,196,323,9737,4337,263,171,425,231,177,243,4545,1159,762,859,651,566,373,474,1413,844,435,739,2018
2008,Santa Clara County,December,9737,604,289,114,319,302,459,9664,4545,344,223,198,300,240,283,4487,1007,1080,765,823,742,542,619,1903,312,512,948,1772
2008,Santa Cruz County,January,2817,63,20,0,41,22,0,2837,1565,49,13,0,33,14,0,1580,83,63,62,47,0,36,74,110,0,33,112,145
2008,Santa Cruz County,February,2837,56,22,0,83,21,0,2811,1580,39,10,0,55,13,0,1561,78,104,49,68,0,34,138,172,0,32,95,127
2008,Santa Cruz County,March,2811,32,39,0,31,10,0,2841,1561,25,15,0,23,6,0,1572,71,41,40,29,0,16,54,70,0,54,57,111
2008,Santa Cruz County,April,2841,52,36,0,44,26,0,2859,1572,27,12,0,34,8,0,1569,88,70,39,42,0,34,78,112,0,48,79,127
2008,Santa Cruz County,May,2859,47,32,0,45,9,0,2884,1569,35,15,0,27,12,0,1580,79,54,50,39,0,21,72,93,0,47,82,129
2008,Santa Cruz County,June,2884,45,30,0,47,13,0,2899,1580,48,13,0,34,8,0,1599,75,60,61,42,0,21,81,102,0,43,93,136
2008,Santa Cruz County,July,2899,35,40,0,56,16,0,2902,1599,55,16,0,33,8,0,1629,75,72,71,41,0,24,89,113,0,56,90,146
2008,Santa Cruz County,August,2902,37,37,0,61,15,0,2900,1629,31,24,0,32,17,0,1635,74,76,55,49,0,32,93,125,0,61,68,129
2008,Santa Cruz County,September,2900,35,31,0,45,11,0,2910,1635,35,25,0,32,8,0,1655,66,56,60,40,0,19,77,96,0,56,70,126
2008,Santa Cruz County,October,2910,58,30,0,52,20,0,2926,1655,36,24,0,45,17,0,1653,88,72,60,62,0,37,97,134,0,54,94,148
2008,Santa Cruz County,November,2926,36,40,0,30,18,0,2954,1653,28,26,0,35,10,0,1662,76,48,54,45,0,28,65,93,0,66,64,130
2008,Santa Cruz County,December,2954,31,30,0,59,18,0,2938,1662,13,37,0,32,17,0,1663,61,77,50,49,0,35,91,126,0,67,44,111
2008,Shasta County,January,2247,101,36,1,9,36,0,2340,456,11,2,0,99,0,0,370,138,45,13,99,0,36,108,144,1,38,112,151
2008,Shasta County,February,2340,69,40,1,24,40,0,2386,370,22,15,0,51,0,0,356,110,64,37,51,0,40,75,115,1,55,91,147
2008,Shasta County,March,2386,76,43,4,46,43,0,2420,356,14,7,0,36,0,0,341,123,89,21,36,0,43,82,125,4,50,90,144
2008,Shasta County,April,2420,62,37,0,43,37,0,2439,341,22,3,0,6,0,0,360,99,80,25,6,0,37,49,86,0,40,84,124
2008,Shasta County,May,2439,57,30,1,35,30,0,2462,360,23,9,0,25,0,0,367,88,65,32,25,0,30,60,90,1,39,80,120
2008,Shasta County,June,2462,27,47,2,7,47,0,2484,367,19,3,0,14,0,0,375,76,54,22,14,0,47,21,68,2,50,46,98
2008,Shasta County,July,2484,124,54,4,28,54,0,2584,375,24,4,0,5,0,0,398,182,82,28,5,0,54,33,87,4,58,148,210
2008,Shasta County,August,2584,66,42,5,31,42,0,2624,398,9,3,0,15,0,0,395,113,73,12,15,0,42,46,88,5,45,75,125
2008,Shasta County,September,2624,83,51,3,37,51,0,2673,395,27,2,0,8,0,0,416,137,88,29,8,0,51,45,96,3,53,110,166
2008,Shasta County,October,2673,66,52,0,26,52,0,2713,416,17,0,0,32,0,0,401,118,78,17,32,0,52,58,110,0,52,83,135
2008,Shasta County,November,2713,50,29,0,19,29,0,2744,401,18,4,0,2,0,0,421,79,48,22,2,0,29,21,50,0,33,68,101
2008,Shasta County,December,2744,55,42,4,37,42,0,2766,421,20,7,0,0,0,26,422,101,79,27,26,26,42,37,105,4,49,75,128
2008,Sierra County,January,49,0,0,0,0,0,0,49,38,0,0,0,0,0,0,38,0,0,0,0,0,0,0,0,0,0,0,0
2008,Sierra County,February,49,0,0,0,2,0,0,47,38,1,0,0,0,0,0,39,0,2,1,0,0,0,2,2,0,0,1,1
2008,Sierra County,March,47,2,0,0,0,0,0,49,39,0,0,0,0,0,0,39,2,0,0,0,0,0,0,0,0,0,2,2
2008,Sierra County,April,49,2,0,0,0,0,0,51,39,2,0,0,1,0,0,40,2,0,2,1,0,0,1,1,0,0,4,4
2008,Sierra County,May,51,0,0,0,0,0,0,51,40,0,0,0,0,0,0,40,0,0,0,0,0,0,0,0,0,0,0,0
2008,Sierra County,June,51,0,0,0,1,0,0,50,40,0,0,0,0,0,0,40,0,1,0,0,0,0,1,1,0,0,0,0
2008,Sierra County,July,50,2,0,0,1,1,0,50,40,0,0,0,1,0,0,39,2,2,0,1,0,1,2,3,0,0,2,2
2008,Sierra County,August,50,2,0,0,0,2,0,50,39,1,0,0,0,0,0,40,2,2,1,0,0,2,0,2,0,0,3,3
2008,Sierra County,September,50,0,0,0,0,1,0,49,40,0,0,0,0,0,0,40,0,1,0,0,0,1,0,1,0,0,0,0
2008,Sierra County,October,49,2,0,0,0,0,0,51,40,1,0,0,0,0,0,41,2,0,1,0,0,0,0,0,0,0,3,3
2008,Sierra County,November,51,1,0,0,0,1,0,51,41,1,0,0,0,0,0,42,1,1,1,0,0,1,0,1,0,0,2,2
2008,Sierra County,December,51,1,0,0,0,1,0,51,42,1,0,0,0,0,0,43,1,1,1,0,0,1,0,1,0,0,2,2
2008,Siskiyou County,January,597,8,1,124,7,9,132,582,0,0,0,0,0,0,0,0,133,148,0,0,132,9,7,148,124,1,8,133
2008,Siskiyou County,February,582,8,4,4,10,6,0,582,0,0,0,0,0,0,0,0,16,16,0,0,0,6,10,16,4,4,8,16
2008,Siskiyou County,March,582,10,3,2,7,10,1,579,0,0,0,0,0,0,0,0,15,18,0,0,1,10,7,18,2,3,10,15
2008,Siskiyou County,April,579,9,2,19,11,4,29,565,0,0,0,0,0,0,0,0,30,44,0,0,29,4,11,44,19,2,9,30
2008,Siskiyou County,May,565,17,4,30,10,7,12,587,0,0,0,0,0,0,0,0,51,29,0,0,12,7,10,29,30,4,17,51
2008,Siskiyou County,June,587,16,7,6,21,9,7,579,0,0,0,0,0,0,0,0,29,37,0,0,7,9,21,37,6,7,16,29
2008,Siskiyou County,July,579,12,1,2,17,8,2,567,0,0,0,0,0,0,0,0,15,27,0,0,2,8,17,27,2,1,12,15
2008,Siskiyou County,August,567,14,1,5,6,6,2,573,0,0,0,0,0,0,0,0,20,14,0,0,2,6,6,14,5,1,14,20
2008,Siskiyou County,September,573,20,2,0,8,7,4,576,0,0,0,0,0,0,0,0,22,19,0,0,4,7,8,19,0,2,20,22
2008,Siskiyou County,October,576,11,0,104,4,11,138,538,0,0,0,0,0,0,0,0,115,153,0,0,138,11,4,153,104,0,11,115
2008,Siskiyou County,November,538,13,2,12,6,10,1,548,0,0,0,0,0,0,0,0,27,17,0,0,1,10,6,17,12,2,13,27
2008,Siskiyou County,December,548,12,5,3,9,8,4,547,0,0,0,0,0,0,0,0,20,21,0,0,4,8,9,21,3,5,12,20
2008,Solano County,January,3326,94,0,0,74,28,5,3313,1166,25,0,0,38,2,1,1150,94,107,25,41,6,30,112,148,0,0,119,119
2008,Solano County,February,3310,97,0,0,48,29,0,3330,1148,22,0,0,33,2,1,1134,97,77,22,36,1,31,81,113,0,0,119,119
2008,Solano County,March,3312,118,0,0,86,28,3,3313,1133,28,0,0,43,5,2,1111,118,117,28,50,5,33,129,167,0,0,146,146
2008,Solano County,April,3307,138,0,0,71,17,2,3355,1121,37,0,0,29,2,5,1122,138,90,37,36,7,19,100,126,0,0,175,175
2008,Solano County,May,3328,96,0,0,65,41,0,3318,1129,26,0,0,28,2,4,1121,96,106,26,34,4,43,93,140,0,0,122,122
2008,Solano County,June,3293,92,0,0,68,28,3,3286,1116,25,0,0,29,2,2,1108,92,99,25,33,5,30,97,132,0,0,117,117
2008,Solano County,July,3284,112,0,0,61,33,1,3301,1108,33,0,0,42,5,2,1092,112,95,33,49,3,38,103,144,0,0,145,145
2008,Solano County,August,3299,102,0,0,92,17,1,3291,1096,27,0,0,32,2,1,1088,102,110,27,35,2,19,124,145,0,0,129,129
2008,Solano County,September,3279,95,0,0,63,18,1,3292,1110,22,0,0,32,1,0,1099,95,82,22,33,1,19,95,115,0,0,117,117
2008,Solano County,October,3280,109,0,0,52,22,2,3313,1103,32,0,0,33,8,0,1094,109,76,32,41,2,30,85,117,0,0,141,141
2008,Solano County,November,3307,79,0,0,59,24,0,3303,1101,24,0,0,27,2,2,1094,79,83,24,31,2,26,86,114,0,0,103,103
2008,Solano County,December,3300,98,0,0,60,10,0,3328,1094,28,0,0,22,3,0,1097,98,70,28,25,0,13,82,95,0,0,126,126
2008,Sonoma County,January,2058,81,84,0,69,88,5,2061,819,32,29,0,29,24,13,814,165,162,61,66,18,112,98,228,0,113,113,226
2008,Sonoma County,February,2054,83,86,0,62,72,2,2087,823,24,33,2,33,29,15,805,169,136,59,77,17,101,95,213,2,119,107,228
2008,Sonoma County,March,2077,79,75,1,84,83,8,2057,815,37,20,0,35,24,12,801,155,175,57,71,20,107,119,246,1,95,116,212
2008,Sonoma County,April,2060,82,92,0,64,79,10,2081,810,30,21,1,22,26,9,805,174,153,52,57,19,105,86,210,1,113,112,226
2008,Sonoma County,May,2077,69,63,1,56,59,2,2093,805,0,0,0,0,0,0,805,133,117,0,0,2,59,56,117,1,63,69,133
2008,Sonoma County,June,2084,91,78,1,65,66,6,2117,839,23,24,2,23,21,17,827,170,137,49,61,23,87,88,198,3,102,114,219
2008,Sonoma County,July,2103,98,68,1,61,75,6,2128,846,39,29,2,43,38,21,814,167,142,70,102,27,113,104,244,3,97,137,237
2008,Sonoma County,August,2124,58,57,0,63,72,3,2101,822,39,20,1,27,17,7,831,115,138,60,51,10,89,90,189,1,77,97,175
2008,Sonoma County,September,2100,80,61,6,63,88,5,2091,837,49,25,1,11,26,21,854,147,156,75,58,26,114,74,214,7,86,129,222
2008,Sonoma County,October,2086,88,73,1,55,72,5,2116,859,31,28,0,25,19,16,858,162,132,59,60,21,91,80,192,1,101,119,221
2008,Sonoma County,November,2109,64,59,0,89,62,2,2079,864,40,21,1,25,30,26,845,123,153,62,81,28,92,114,234,1,80,104,185
2008,Sonoma County,December,2067,105,86,0,69,81,4,2104,861,36,24,1,40,26,26,830,191,154,61,92,30,107,109,246,1,110,141,252
2008,Stanislaus County,January,5196,147,106,5,120,174,19,5141,296,1,4,0,1,0,0,300,258,313,5,1,19,174,121,314,5,110,148,263
2008,Stanislaus County,February,5141,84,42,6,143,194,19,4917,300,2,0,0,3,9,0,290,132,356,2,12,19,203,146,368,6,42,86,134
2008,Stanislaus County,March,4917,76,73,9,40,80,9,4946,290,0,0,0,0,1,0,289,158,129,0,1,9,81,40,130,9,73,76,158
2008,Stanislaus County,April,4946,127,92,4,133,117,4,4915,289,5,2,0,1,2,0,293,223,254,7,3,4,119,134,257,4,94,132,230
2008,Stanislaus County,May,4915,125,69,8,181,111,18,4807,293,3,0,0,1,1,0,294,202,310,3,2,18,112,182,312,8,69,128,205
2008,Stanislaus County,June,4807,156,107,11,171,123,15,4772,294,0,0,0,3,0,0,291,274,309,0,3,15,123,174,312,11,107,156,274
2008,Stanislaus County,July,4772,97,86,9,147,182,10,4625,291,6,0,0,3,2,0,292,192,339,6,5,10,184,150,344,9,86,103,198
2008,Stanislaus County,August,4625,124,100,4,128,142,15,4568,292,1,0,0,0,0,0,293,228,285,1,0,15,142,128,285,4,100,125,229
2008,Stanislaus County,September,4568,144,113,9,152,136,14,4532,293,4,0,0,0,0,0,297,266,302,4,0,14,136,152,302,9,113,148,270
2008,Stanislaus County,October,4532,131,100,6,148,153,24,4444,297,2,0,0,0,1,1,297,237,325,2,2,25,154,148,327,6,100,133,239
2008,Stanislaus County,November,4444,122,62,3,141,76,3,4411,297,3,0,0,0,0,0,300,187,220,3,0,3,76,141,220,3,62,125,190
2008,Stanislaus County,December,4411,115,76,13,142,118,8,4347,300,3,0,0,7,4,0,292,204,268,3,11,8,122,149,279,13,76,118,207
2008,Sutter County,January,913,25,9,0,2,18,11,916,42,2,0,0,1,2,0,41,34,31,2,3,11,20,3,34,0,9,27,36
2008,Sutter County,February,916,34,18,1,0,23,19,927,41,0,0,0,0,0,0,41,53,42,0,0,19,23,0,42,1,18,34,53
2008,Sutter County,March,927,25,20,1,3,17,17,936,41,1,1,0,0,1,0,42,46,37,2,1,17,18,3,38,1,21,26,48
2008,Sutter County,April,936,34,19,0,0,14,13,962,42,3,1,0,2,1,0,43,53,27,4,3,13,15,2,30,0,20,37,57
2008,Sutter County,May,962,26,16,0,3,28,18,955,43,0,2,0,3,0,1,41,42,49,2,4,19,28,6,53,0,18,26,44
2008,Sutter County,June,955,43,22,1,4,24,15,978,41,1,2,0,0,0,1,43,66,43,3,1,16,24,4,44,1,24,44,69
2008,Sutter County,July,978,19,20,0,0,19,12,986,43,3,2,0,2,0,3,43,39,31,5,5,15,19,2,36,0,22,22,44
2008,Sutter County,August,986,24,9,0,4,37,15,963,43,2,0,0,0,1,0,44,33,56,2,1,15,38,4,57,0,9,26,35
2008,Sutter County,September,963,24,18,0,1,31,12,961,44,2,0,2,2,0,3,43,42,44,4,5,15,31,3,49,2,18,26,46
2008,Sutter County,October,961,28,18,1,2,34,19,953,43,2,2,0,1,0,0,46,47,55,4,1,19,34,3,56,1,20,30,51
2008,Sutter County,November,953,34,18,0,4,44,21,936,46,0,1,0,0,3,0,44,52,69,1,3,21,47,4,72,0,19,34,53
2008,Sutter County,December,936,37,14,2,2,40,12,935,44,1,2,0,2,0,0,45,53,54,3,2,12,40,4,56,2,16,38,56
2008,Tehama County,January,467,14,0,53,14,5,5,510,203,8,0,21,3,3,7,219,67,24,29,13,12,8,17,37,74,0,22,96
2008,Tehama County,February,510,9,0,0,2,0,48,469,219,7,0,0,0,0,21,205,9,50,7,21,69,0,2,71,0,0,16,16
2008,Tehama County,March,469,6,2,1,2,0,4,472,205,3,0,3,0,0,6,205,9,6,6,6,10,0,2,12,4,2,9,15
2008,Tehama County,April,472,7,0,3,0,1,13,468,205,7,0,2,0,0,9,205,10,14,9,9,22,1,0,23,5,0,14,19
2008,Tehama County,May,468,4,0,15,2,0,0,485,205,3,0,0,0,0,11,197,19,2,3,11,11,0,2,13,15,0,7,22
2008,Tehama County,June,485,12,7,4,34,0,4,470,197,2,0,1,15,0,25,160,23,38,3,40,29,0,49,78,5,7,14,26
2008,Tehama County,July,470,4,0,1,6,0,4,465,160,7,1,0,0,0,5,163,5,10,8,5,9,0,6,15,1,1,11,13
2008,Tehama County,August,465,10,0,0,16,0,1,458,163,11,0,0,9,0,0,165,10,17,11,9,1,0,25,26,0,0,21,21
2008,Tehama County,September,458,16,1,1,10,0,10,456,165,3,0,0,5,1,14,148,18,20,3,20,24,1,15,40,1,1,19,21
2008,Tehama County,October,456,2,0,2,7,0,14,439,148,3,0,2,3,0,2,148,4,21,5,5,16,0,10,26,4,0,5,9
2008,Tehama County,November,439,6,1,2,3,0,21,424,148,2,0,12,0,0,0,162,9,24,14,0,21,0,3,24,14,1,8,23
2008,Tehama County,December,424,1,0,1,0,0,5,421,162,3,0,3,0,0,3,165,2,5,6,3,8,0,0,8,4,0,4,8
2008,Trinity County,January,364,1,0,0,2,0,2,361,7,2,0,0,0,0,0,9,1,4,2,0,2,0,2,4,0,0,3,3
2008,Trinity County,February,361,7,0,3,3,0,1,367,9,0,0,0,0,0,1,8,10,4,0,1,2,0,3,5,3,0,7,10
2008,Trinity County,March,367,5,2,4,4,2,3,369,8,0,0,0,0,0,0,8,11,9,0,0,3,2,4,9,4,2,5,11
2008,Trinity County,April,369,5,2,2,2,2,2,372,8,1,0,0,0,0,0,9,9,6,1,0,2,2,2,6,2,2,6,10
2008,Trinity County,May,372,5,0,3,2,0,3,375,9,0,0,0,0,0,0,9,8,5,0,0,3,0,2,5,3,0,5,8
2008,Trinity County,June,375,3,2,0,4,2,3,371,9,0,0,0,0,0,0,9,5,9,0,0,3,2,4,9,0,2,3,5
2008,Trinity County,July,371,3,0,2,5,1,6,364,9,0,0,0,0,0,2,7,5,12,0,2,8,1,5,14,2,0,3,5
2008,Trinity County,August,364,5,0,0,3,0,0,366,7,0,0,0,0,0,0,7,5,3,0,0,0,0,3,3,0,0,5,5
2008,Trinity County,September,366,1,0,0,5,5,4,353,7,0,0,0,0,0,0,7,1,14,0,0,4,5,5,14,0,0,1,1
2008,Trinity County,October,353,3,0,0,14,3,0,339,7,0,0,0,0,0,0,7,3,17,0,0,0,3,14,17,0,0,3,3
2008,Trinity County,November,339,2,0,0,17,0,3,321,7,0,0,0,2,0,0,5,2,20,0,2,3,0,19,22,0,0,2,2
2008,Trinity County,December,321,8,0,0,8,0,3,318,5,0,0,0,1,0,0,4,8,11,0,1,3,0,9,12,0,0,8,8
2008,Tulare County,January,7217,186,65,8,11,24,95,7346,0,0,0,0,0,0,0,0,259,130,0,0,95,24,11,130,8,65,186,259
2008,Tulare County,February,7346,211,44,8,3,25,823,6758,0,0,0,0,0,0,0,0,263,851,0,0,823,25,3,851,8,44,211,263
2008,Tulare County,March,6758,95,18,14,6,21,524,6334,0,0,0,0,0,0,0,0,127,551,0,0,524,21,6,551,14,18,95,127
2008,Tulare County,April,6334,55,10,28,5,17,68,6337,0,0,0,0,0,0,0,0,93,90,0,0,68,17,5,90,28,10,55,93
2008,Tulare County,May,3242,113,29,12,113,99,124,3060,0,0,0,0,0,0,0,0,154,336,0,0,124,99,113,336,12,29,113,154
2008,Tulare County,June,3060,156,28,7,5,4,251,2991,0,0,0,0,0,0,0,0,191,260,0,0,251,4,5,260,7,28,156,191
2008,Tulare County,July,2991,329,96,9,10,4,109,3302,0,0,0,0,0,0,0,0,434,123,0,0,109,4,10,123,9,96,329,434
2008,Tulare County,August,3302,258,71,11,3,36,165,3438,0,0,0,0,0,0,0,0,340,204,0,0,165,36,3,204,11,71,258,340
2008,Tulare County,September,3438,174,50,4,13,9,116,3528,0,0,0,0,0,0,0,0,228,138,0,0,116,9,13,138,4,50,174,228
2008,Tulare County,October,3528,484,82,13,17,36,234,3820,0,0,0,0,0,0,0,0,579,287,0,0,234,36,17,287,13,82,484,579
2008,Tulare County,November,3820,281,95,3,12,27,103,4057,0,0,0,0,0,0,0,0,379,142,0,0,103,27,12,142,3,95,281,379
2008,Tulare County,December,4057,371,111,12,24,25,264,4238,0,0,0,0,0,0,0,0,494,313,0,0,264,25,24,313,12,111,371,494
2008,Tuolumne County,January,926,42,21,0,5,27,14,943,1323,27,27,0,4,25,0,1348,63,46,54,29,14,52,9,75,0,48,69,117
2008,Tuolumne County,February,943,43,17,0,24,14,32,933,1348,47,32,0,53,24,7,1343,60,70,79,84,39,38,77,154,0,49,90,139
2008,Tuolumne County,March,933,26,31,0,13,36,8,933,1343,44,23,0,51,23,8,1328,57,57,67,82,16,59,64,139,0,54,70,124
2008,Tuolumne County,April,933,40,23,0,9,22,20,945,1328,19,32,0,29,36,3,1311,63,51,51,68,23,58,38,119,0,55,59,114
2008,Tuolumne County,May,945,44,26,0,15,18,18,964,1311,47,28,0,62,11,2,1311,70,51,75,75,20,29,77,126,0,54,91,145
2008,Tuolumne County,June,964,33,14,0,17,25,15,954,1311,18,24,0,45,22,4,1282,47,57,42,71,19,47,62,128,0,38,51,89
2008,Tuolumne County,July,954,0,34,33,18,28,15,960,1282,52,27,0,54,27,1,1279,67,61,79,82,16,55,72,143,33,61,52,146
2008,Tuolumne County,August,960,42,19,0,11,22,10,978,1279,41,25,0,42,27,2,1274,61,43,66,71,12,49,53,114,0,44,83,127
2008,Tuolumne County,September,978,31,23,0,11,17,7,997,1274,14,24,0,25,29,1,1257,54,35,38,55,8,46,36,90,0,47,45,92
2008,Tuolumne County,October,997,44,31,0,20,24,26,1002,1257,31,36,0,44,42,1,1237,75,70,67,87,27,66,64,157,0,67,75,142
2008,Tuolumne County,November,1002,37,21,0,14,18,18,1010,1237,38,35,0,27,25,0,1258,58,50,73,52,18,43,41,102,0,56,75,131
2008,Tuolumne County,December,1010,13,13,0,15,14,2,1005,1258,35,20,0,38,25,1,1249,26,31,55,64,3,39,53,95,0,33,48,81
2008,Ventura County,January,4930,99,22,0,27,85,0,4939,14854,378,52,0,53,401,0,14830,121,112,430,454,0,486,80,566,0,74,477,551
2008,Ventura County,February,4939,88,20,0,31,48,0,4968,14830,314,29,0,44,187,0,14942,108,79,343,231,0,235,75,310,0,49,402,451
2008,Ventura County,March,4968,94,19,0,46,58,0,4977,14942,334,34,0,43,198,0,15069,113,104,368,241,0,256,89,345,0,53,428,481
2008,Ventura County,April,4977,104,22,0,26,89,0,4988,15069,378,49,0,47,272,0,15177,126,115,427,319,0,361,73,434,0,71,482,553
2008,Ventura County,May,4988,106,21,0,33,79,0,5003,15177,295,39,0,47,236,0,15228,127,112,334,283,0,315,80,395,0,60,401,461
2008,Ventura County,June,5003,109,15,0,37,114,0,4976,15228,348,43,0,50,243,0,15326,124,151,391,293,0,357,87,444,0,58,457,515
2008,Ventura County,July,4976,90,22,0,43,98,0,4947,15326,317,56,0,52,369,0,15278,112,141,373,421,0,467,95,562,0,78,407,485
2008,Ventura County,August,4947,91,16,0,39,24,0,4991,15278,323,45,0,43,501,0,15102,107,63,368,544,0,525,82,607,0,61,414,475
2008,Ventura County,September,4991,88,28,0,39,50,0,5018,15102,360,47,0,48,336,0,15125,116,89,407,384,0,386,87,473,0,75,448,523
2008,Ventura County,October,5018,95,22,0,48,52,0,5035,15125,428,38,0,65,242,0,15284,117,100,466,307,0,294,113,407,0,60,523,583
2008,Ventura County,November,5035,82,19,0,45,55,0,5036,15284,355,28,0,43,68,0,15556,101,100,383,111,0,123,88,211,0,47,437,484
2008,Ventura County,December,5036,97,10,0,43,77,0,5023,15556,358,33,0,40,285,0,15622,107,120,391,325,0,362,83,445,0,43,455,498
2008,Yolo County,January,3085,61,42,0,85,47,0,3056,0,0,0,0,0,0,0,0,103,132,0,0,0,47,85,132,0,42,61,103
2008,Yolo County,February,3056,70,45,0,69,10,0,3092,0,0,0,0,0,0,0,0,115,79,0,0,0,10,69,79,0,45,70,115
2008,Yolo County,March,3092,34,30,0,36,14,0,3106,0,0,0,0,0,0,0,0,64,50,0,0,0,14,36,50,0,30,34,64
2008,Yolo County,April,3106,80,42,0,49,33,0,3146,0,0,0,0,0,0,0,0,122,82,0,0,0,33,49,82,0,42,80,122
2008,Yolo County,May,3146,43,28,0,51,41,0,3125,0,0,0,0,0,0,0,0,71,92,0,0,0,41,51,92,0,28,43,71
2008,Yolo County,June,3125,44,28,0,8,63,0,3126,0,0,0,0,0,0,0,0,72,71,0,0,0,63,8,71,0,28,44,72
2008,Yolo County,July,3126,65,54,0,55,50,0,3140,0,0,0,0,0,0,0,0,119,105,0,0,0,50,55,105,0,54,65,119
2008,Yolo County,August,3140,36,43,0,59,42,0,3118,0,0,0,0,0,0,0,0,79,101,0,0,0,42,59,101,0,43,36,79
2008,Yolo County,September,3118,39,24,0,34,32,0,3115,0,0,0,0,0,0,0,0,63,66,0,0,0,32,34,66,0,24,39,63
2008,Yolo County,October,3115,74,48,0,48,35,0,3154,0,0,0,0,0,0,0,0,122,83,0,0,0,35,48,83,0,48,74,122
2008,Yolo County,November,3154,74,43,0,39,21,0,3211,0,0,0,0,0,0,0,0,117,60,0,0,0,21,39,60,0,43,74,117
2008,Yolo County,December,3211,39,25,0,40,28,0,3207,0,0,0,0,0,0,0,0,64,68,0,0,0,28,40,68,0,25,39,64
2008,Yuba County,January,1267,29,16,1,13,0,10,1290,647,9,2,3,4,7,5,645,46,23,14,16,15,7,17,39,4,18,38,60
2008,Yuba County,February,1290,23,9,1,8,10,8,1297,645,14,10,2,3,4,1,663,33,26,26,8,9,14,11,34,3,19,37,59
2008,Yuba County,March,1297,24,11,3,29,9,6,1291,663,24,10,4,4,9,5,683,38,44,38,18,11,18,33,62,7,21,48,76
2008,Yuba County,April,1291,25,13,6,15,3,7,1310,683,22,6,3,6,7,3,698,44,25,31,16,10,10,21,41,9,19,47,75
2008,Yuba County,May,1310,36,10,6,6,4,4,1348,698,9,12,2,4,3,2,712,52,14,23,9,6,7,10,23,8,22,45,75
2008,Yuba County,June,1348,30,8,3,18,4,7,1360,712,12,3,2,3,11,6,709,41,29,17,20,13,15,21,49,5,11,42,58
2008,Yuba County,July,1360,13,10,1,11,5,13,1355,709,10,7,1,0,9,10,708,24,29,18,19,23,14,11,48,2,17,23,42
2008,Yuba County,August,1355,21,19,5,14,5,7,1374,708,16,5,2,4,6,2,719,45,26,23,12,9,11,18,38,7,24,37,68
2008,Yuba County,September,1374,23,14,4,11,13,8,1383,719,15,5,5,8,7,7,722,41,32,25,22,15,20,19,54,9,19,38,66
2008,Yuba County,October,1383,21,19,7,18,8,7,1397,722,10,9,4,9,6,3,727,47,33,23,18,10,14,27,51,11,28,31,70
2008,Yuba County,November,1397,23,6,3,7,5,2,1415,727,7,9,2,3,1,1,740,32,14,18,5,3,6,10,19,5,15,30,50
2008,Yuba County,December,1415,26,7,5,8,11,4,1430,740,15,2,4,4,10,1,746,38,23,21,15,5,21,12,38,9,9,41,59
2009,Alameda County,January,15394,255,171,0,209,75,237,15299,830,17,4,0,15,7,20,809,426,521,21,42,257,82,224,563,0,175,272,447
2009,Alameda County,February,15299,217,183,0,185,58,174,15282,809,19,2,6,8,3,3,822,400,417,27,14,177,61,193,431,6,185,236,427
2009,Alameda County,March,15282,251,141,0,191,61,186,15236,822,19,5,3,10,12,10,817,392,438,27,32,196,73,201,470,3,146,270,419
2009,Alameda County,April,15236,213,155,0,217,87,40,15260,817,21,1,7,12,7,10,817,368,344,29,29,50,94,229,373,7,156,234,397
2009,Alameda County,May,15260,237,150,0,207,100,174,15166,817,16,0,3,11,9,8,808,387,481,19,28,182,109,218,509,3,150,253,406
2009,Alameda County,June,15166,258,155,0,211,103,136,15129,808,22,2,9,8,6,16,811,413,450,33,30,152,109,219,480,9,157,280,446
2009,Alameda County,July,15129,270,193,0,185,90,194,15123,811,10,4,0,17,9,16,783,463,469,14,42,210,99,202,511,0,197,280,477
2009,Alameda County,August,15123,253,179,0,166,160,166,15063,783,28,4,3,22,17,10,769,432,492,35,49,176,177,188,541,3,183,281,467
2009,Alameda County,September,15063,249,161,0,189,119,138,15027,769,20,2,10,18,6,12,765,410,446,32,36,150,125,207,482,10,163,269,442
2009,Alameda County,October,15027,244,129,0,172,109,126,14993,765,21,2,0,19,10,23,736,373,407,23,52,149,119,191,459,0,131,265,396
2009,Alameda County,November,14993,204,141,0,185,111,174,14868,736,12,1,6,10,15,16,714,345,470,19,41,190,126,195,511,6,142,216,364
2009,Alameda County,December,14868,208,169,0,186,116,109,14834,714,11,4,4,5,5,9,714,377,411,19,19,118,121,191,430,4,173,219,396
2009,Alpine County,January,12,0,0,0,1,0,0,11,17,1,0,0,0,1,0,17,0,1,1,1,0,1,1,2,0,0,1,1
2009,Alpine County,February,11,0,0,0,2,0,0,9,17,1,1,0,0,0,0,19,0,2,2,0,0,0,2,2,0,1,1,2
2009,Alpine County,March,9,0,0,0,1,0,0,8,19,1,0,0,0,0,0,20,0,1,1,0,0,0,1,1,0,0,1,1
2009,Alpine County,April,8,1,0,0,1,0,0,8,20,1,0,0,2,1,1,17,1,1,1,4,1,1,3,5,0,0,2,2
2009,Alpine County,May,8,0,0,0,2,0,0,6,17,1,1,0,0,0,0,19,0,2,2,0,0,0,2,2,0,1,1,2
2009,Alpine County,June,6,0,0,0,0,0,0,6,19,0,1,0,0,0,1,19,0,0,1,1,1,0,0,1,0,1,0,1
2009,Alpine County,July,6,0,0,0,0,0,0,6,19,1,0,0,1,0,0,19,0,0,1,1,0,0,1,1,0,0,1,1
2009,Alpine County,August,6,0,0,0,0,0,0,6,19,3,0,0,0,0,0,22,0,0,3,0,0,0,0,0,0,0,3,3
2009,Alpine County,September,6,0,0,0,1,1,0,4,22,1,0,0,0,2,0,21,0,2,1,2,0,3,1,4,0,0,1,1
2009,Alpine County,October,4,1,0,0,0,0,0,5,21,2,1,0,0,1,0,23,1,0,3,1,0,1,0,1,0,1,3,4
2009,Alpine County,November,5,0,0,0,0,0,0,5,23,1,2,0,0,1,0,25,0,0,3,1,0,1,0,1,0,2,1,3
2009,Alpine County,December,5,0,0,0,0,1,0,4,25,0,0,0,0,0,0,25,0,1,0,0,0,1,0,1,0,0,0,0
2009,Amador County,January,411,14,9,0,12,22,0,400,933,12,5,0,65,4,0,881,23,34,17,69,0,26,77,103,0,14,26,40
2009,Amador County,February,400,12,17,0,15,25,0,389,881,24,8,0,30,14,0,869,29,40,32,44,0,39,45,84,0,25,36,61
2009,Amador County,March,389,7,19,0,33,27,0,355,869,28,6,0,56,9,0,838,26,60,34,65,0,36,89,125,0,25,35,60
2009,Amador County,April,355,15,13,0,16,15,0,352,838,11,2,0,52,5,0,794,28,31,13,57,0,20,68,88,0,15,26,41
2009,Amador County,May,352,13,7,0,3,20,0,349,794,16,4,0,37,5,0,772,20,23,20,42,0,25,40,65,0,11,29,40
2009,Amador County,June,349,9,6,0,13,12,0,339,772,36,7,0,50,8,0,757,15,25,43,58,0,20,63,83,0,13,45,58
2009,Amador County,July,339,15,4,0,12,17,0,329,757,23,5,0,53,10,0,722,19,29,28,63,0,27,65,92,0,9,38,47
2009,Amador County,August,329,10,14,0,17,18,0,318,722,22,8,0,33,8,0,711,24,35,30,41,0,26,50,76,0,22,32,54
2009,Amador County,September,318,12,9,0,9,17,0,313,711,27,4,0,46,10,0,686,21,26,31,56,0,27,55,82,0,13,39,52
2009,Amador County,October,313,12,8,0,4,11,0,318,686,33,6,0,65,5,0,655,20,15,39,70,0,16,69,85,0,14,45,59
2009,Amador County,November,318,8,11,0,13,11,0,313,655,19,11,0,48,14,0,623,19,24,30,62,0,25,61,86,0,22,27,49
2009,Amador County,December,313,6,6,0,13,11,0,301,623,27,13,0,32,13,0,618,12,24,40,45,0,24,45,69,0,19,33,52
2009,Butte County,January,1442,57,20,0,20,41,2,1456,403,17,8,0,31,14,2,381,77,63,25,47,4,55,51,110,0,28,74,102
2009,Butte County,February,1460,44,18,0,31,21,2,1468,386,23,8,0,25,11,1,380,62,54,31,37,3,32,56,91,0,26,67,93
2009,Butte County,March,1470,52,11,0,46,37,0,1450,387,33,5,0,18,6,0,401,63,83,38,24,0,43,64,107,0,16,85,101
2009,Butte County,April,1463,62,23,0,21,46,7,1474,408,25,3,0,27,17,0,392,85,74,28,44,7,63,48,118,0,26,87,113
2009,Butte County,May,1458,47,16,0,20,38,2,1461,398,16,3,0,21,11,2,383,63,60,19,34,4,49,41,94,0,19,63,82
2009,Butte County,June,1492,63,22,0,21,41,3,1512,389,19,0,0,27,8,1,372,85,65,19,36,4,49,48,101,0,22,82,104
2009,Butte County,July,1487,53,25,0,39,42,3,1481,376,20,5,0,35,11,3,352,78,84,25,49,6,53,74,133,0,30,73,103
2009,Butte County,August,1485,52,18,0,52,30,5,1468,351,22,1,0,29,7,1,337,70,87,23,37,6,37,81,124,0,19,74,93
2009,Butte County,September,1468,57,24,0,31,30,0,1488,342,17,4,0,26,9,1,327,81,61,21,36,1,39,57,97,0,28,74,102
2009,Butte County,October,1437,46,27,0,29,29,3,1449,319,12,8,0,19,10,0,310,73,61,20,29,3,39,48,90,0,35,58,93
2009,Butte County,November,1427,53,25,0,28,39,3,1435,310,19,5,0,22,7,1,304,78,70,24,30,4,46,50,100,0,30,72,102
2009,Butte County,December,1447,65,40,0,36,43,2,1471,304,19,11,0,25,17,0,292,105,81,30,42,2,60,61,123,0,51,84,135
2009,Calaveras County,January,267,8,4,0,8,9,0,262,172,5,3,0,7,3,3,167,12,17,8,13,3,12,15,30,0,7,13,20
2009,Calaveras County,February,262,10,4,3,3,7,2,267,167,4,1,0,6,3,0,163,17,12,5,9,2,10,9,21,3,5,14,22
2009,Calaveras County,March,267,12,8,1,5,4,5,274,163,9,0,1,3,2,1,167,21,14,10,6,6,6,8,20,2,8,21,31
2009,Calaveras County,April,274,10,3,5,7,13,3,269,167,6,1,1,8,6,0,161,18,23,8,14,3,19,15,37,6,4,16,26
2009,Calaveras County,May,269,5,6,5,3,3,4,275,161,3,1,0,7,3,1,154,16,10,4,11,5,6,10,21,5,7,8,20
2009,Calaveras County,June,275,24,6,2,7,6,3,291,154,8,3,1,11,2,0,153,32,16,12,13,3,8,18,29,3,9,32,44
2009,Calaveras County,July,291,14,4,2,2,5,0,304,153,4,3,0,8,1,0,151,20,7,7,9,0,6,10,16,2,7,18,27
2009,Calaveras County,August,304,13,3,0,4,8,0,308,151,4,0,0,6,5,0,144,16,12,4,11,0,13,10,23,0,3,17,20
2009,Calaveras County,September,308,12,6,1,7,2,1,317,144,4,2,0,2,1,0,147,19,10,6,3,1,3,9,13,1,8,16,25
2009,Calaveras County,October,317,10,2,0,13,5,5,306,147,6,0,0,5,0,1,147,12,23,6,6,6,5,18,29,0,2,16,18
2009,Calaveras County,November,306,12,2,2,4,7,3,308,147,8,1,0,2,1,0,153,16,14,9,3,3,8,6,17,2,3,20,25
2009,Calaveras County,December,308,9,3,2,8,2,1,311,153,3,0,0,5,1,0,150,14,11,3,6,1,3,13,17,2,3,12,17
2009,Colusa County,January,249,1,8,0,1,6,0,251,185,4,1,0,0,3,0,187,9,7,5,3,0,9,1,10,0,9,5,14
2009,Colusa County,February,251,6,5,0,2,3,0,257,187,2,3,0,3,0,0,189,11,5,5,3,0,3,5,8,0,8,8,16
2009,Colusa County,March,257,10,1,0,2,6,0,260,189,5,0,0,3,5,0,186,11,8,5,8,0,11,5,16,0,1,15,16
2009,Colusa County,April,260,16,4,0,4,4,0,272,186,5,0,0,1,3,0,187,20,8,5,4,0,7,5,12,0,4,21,25
2009,Colusa County,May,272,2,1,0,2,6,0,267,187,1,3,0,0,4,0,187,3,8,4,4,0,10,2,12,0,4,3,7
2009,Colusa County,June,267,0,1,0,1,3,0,264,187,1,3,0,6,3,0,182,1,4,4,9,0,6,7,13,0,4,1,5
2009,Colusa County,July,264,6,7,0,0,1,0,276,182,5,1,0,1,4,0,183,13,1,6,5,0,5,1,6,0,8,11,19
2009,Colusa County,August,276,6,2,0,1,3,0,280,183,6,0,0,0,0,0,189,8,4,6,0,0,3,1,4,0,2,12,14
2009,Colusa County,September,280,8,8,0,1,0,0,295,189,6,2,0,5,0,0,192,16,1,8,5,0,0,6,6,0,10,14,24
2009,Colusa County,October,295,3,2,0,1,4,0,295,192,0,2,0,1,0,0,193,5,5,2,1,0,4,2,6,0,4,3,7
2009,Colusa County,November,295,6,3,0,1,2,0,301,193,4,1,0,1,4,0,193,9,3,5,5,0,6,2,8,0,4,10,14
2009,Colusa County,December,301,6,5,0,2,6,0,304,193,4,2,0,2,2,0,195,11,8,6,4,0,8,4,12,0,7,10,17
2009,Contra Costa County,January,3527,137,36,16,99,13,47,3557,0,0,0,0,0,0,0,0,189,159,0,0,47,13,99,159,16,36,137,189
2009,Contra Costa County,February,3557,112,16,20,120,12,33,3540,0,0,0,0,0,0,0,0,148,165,0,0,33,12,120,165,20,16,112,148
2009,Contra Costa County,March,3540,174,24,29,107,9,38,3613,0,0,0,0,0,0,0,0,227,154,0,0,38,9,107,154,29,24,174,227
2009,Contra Costa County,April,3613,86,23,17,149,12,34,3544,0,0,0,0,0,0,0,0,126,195,0,0,34,12,149,195,17,23,86,126
2009,Contra Costa County,May,3544,127,13,21,121,9,153,3422,0,0,0,0,0,0,0,0,161,283,0,0,153,9,121,283,21,13,127,161
2009,Contra Costa County,June,3422,126,18,14,145,14,22,3399,0,0,0,0,0,0,0,0,158,181,0,0,22,14,145,181,14,18,126,158
2009,Contra Costa County,July,3399,137,10,13,78,10,22,3449,0,0,0,0,0,0,0,0,160,110,0,0,22,10,78,110,13,10,137,160
2009,Contra Costa County,August,3449,102,14,14,117,6,18,3438,0,0,0,0,0,0,0,0,130,141,0,0,18,6,117,141,14,14,102,130
2009,Contra Costa County,September,3438,130,16,8,104,6,22,3460,0,0,0,0,0,0,0,0,154,132,0,0,22,6,104,132,8,16,130,154
2009,Contra Costa County,October,3460,127,14,11,74,7,19,3512,0,0,0,0,0,0,0,0,152,100,0,0,19,7,74,100,11,14,127,152
2009,Contra Costa County,November,3512,87,7,5,128,10,22,3451,0,0,0,0,0,0,0,0,99,160,0,0,22,10,128,160,5,7,87,99
2009,Contra Costa County,December,3451,97,9,8,115,11,17,3422,0,0,0,0,0,0,0,0,114,143,0,0,17,11,115,143,8,9,97,114
2009,Del Norte County,January,161,0,0,0,0,0,0,161,102,0,0,0,0,0,0,102,0,0,0,0,0,0,0,0,0,0,0,0
2009,Del Norte County,February,161,2,3,0,5,3,0,158,102,7,3,0,8,4,0,100,5,8,10,12,0,7,13,20,0,6,9,15
2009,Del Norte County,March,158,3,7,1,5,6,1,157,100,4,3,0,3,4,0,100,11,12,7,7,1,10,8,19,1,10,7,18
2009,Del Norte County,April,157,9,8,1,5,4,0,166,100,3,7,0,4,3,0,103,18,9,10,7,0,7,9,16,1,15,12,28
2009,Del Norte County,May,166,5,3,0,7,8,3,156,103,3,1,0,2,4,0,101,8,18,4,6,3,12,9,24,0,4,8,12
2009,Del Norte County,June,148,0,0,0,0,0,0,148,99,0,0,0,0,0,0,99,0,0,0,0,0,0,0,0,0,0,0,0
2009,Del Norte County,July,148,4,3,0,1,6,0,148,99,1,0,0,2,8,0,90,7,7,1,10,0,14,3,17,0,3,5,8
2009,Del Norte County,August,148,0,3,0,4,3,0,144,90,5,4,0,3,1,0,95,3,7,9,4,0,4,7,11,0,7,5,12
2009,Del Norte County,September,144,2,2,0,4,8,0,136,95,5,1,0,3,1,1,96,4,12,6,5,1,9,7,17,0,3,7,10
2009,Del Norte County,October,136,6,5,0,7,10,0,130,96,9,1,0,4,6,0,96,11,17,10,10,0,16,11,27,0,6,15,21
2009,Del Norte County,November,130,1,7,0,2,7,0,129,96,4,2,0,3,2,0,97,8,9,6,5,0,9,5,14,0,9,5,14
2009,Del Norte County,December,129,2,8,1,2,9,1,128,97,6,1,1,5,4,0,96,11,12,8,9,1,13,7,21,2,9,8,19
2009,El Dorado County,January,1211,45,10,4,30,20,5,1215,301,8,2,0,5,3,0,303,59,55,10,8,5,23,35,63,4,12,53,69
2009,El Dorado County,February,1215,33,18,4,24,34,4,1208,303,6,4,0,6,5,1,301,55,62,10,12,5,39,30,74,4,22,39,65
2009,El Dorado County,March,1208,37,10,160,25,19,3,1368,301,8,4,0,6,4,0,303,207,47,12,10,3,23,31,57,160,14,45,219
2009,El Dorado County,April,1368,55,14,18,19,36,7,1393,303,18,1,5,7,4,0,316,87,62,24,11,7,40,26,73,23,15,73,111
2009,El Dorado County,May,1393,36,12,2,45,27,7,1364,316,2,3,0,2,1,0,318,50,79,5,3,7,28,47,82,2,15,38,55
2009,El Dorado County,June,1364,45,17,19,28,42,19,1356,318,9,0,19,5,4,13,324,81,89,28,22,32,46,33,111,38,17,54,109
2009,El Dorado County,July,1298,48,0,0,9,0,34,1303,314,7,0,0,3,0,12,306,48,43,7,15,46,0,12,58,0,0,55,55
2009,El Dorado County,August,1303,35,9,3,36,14,3,1297,306,8,3,1,5,3,0,310,47,53,12,8,3,17,41,61,4,12,43,59
2009,El Dorado County,September,1297,22,6,6,32,25,3,1271,310,6,0,2,7,5,0,306,34,60,8,12,3,30,39,72,8,6,28,42
2009,El Dorado County,October,1271,34,11,3,31,19,2,1267,306,9,0,5,9,8,0,303,48,52,14,17,2,27,40,69,8,11,43,62
2009,El Dorado County,November,1267,29,9,4,27,22,0,1260,303,6,0,5,7,9,0,298,42,49,11,16,0,31,34,65,9,9,35,53
2009,El Dorado County,December,1260,40,5,3,14,10,0,1284,298,12,1,2,2,5,0,306,48,24,15,7,0,15,16,31,5,6,52,63
2009,Fresno County,January,6519,226,310,2,229,331,5,6492,2558,75,110,4,73,99,0,2575,538,565,189,172,5,430,302,737,6,420,301,727
2009,Fresno County,February,6492,216,264,0,173,328,3,6468,2575,50,80,4,77,89,0,2543,480,504,134,166,3,417,250,670,4,344,266,614
2009,Fresno County,March,6468,236,259,0,366,215,2,6380,2543,74,85,1,100,180,0,2423,495,583,160,280,2,395,466,863,1,344,310,655
2009,Fresno County,April,6380,240,283,0,227,332,0,6344,2423,63,129,0,86,142,0,2387,523,559,192,228,0,474,313,787,0,412,303,715
2009,Fresno County,May,6344,194,256,0,187,290,0,6317,2387,52,147,2,104,133,0,2351,450,477,201,237,0,423,291,714,2,403,246,651
2009,Fresno County,June,6317,209,279,2,384,153,2,6268,2351,66,113,1,120,74,0,2337,490,539,180,194,2,227,504,733,3,392,275,670
2009,Fresno County,July,6268,243,284,1,186,370,6,6234,2337,69,131,8,80,112,0,2353,528,562,208,192,6,482,266,754,9,415,312,736
2009,Fresno County,August,6234,215,224,0,173,334,1,6165,2353,53,113,2,60,97,0,2364,439,508,168,157,1,431,233,665,2,337,268,607
2009,Fresno County,September,6165,216,261,3,214,323,2,6106,2364,60,120,1,96,71,0,2378,480,539,181,167,2,394,310,706,4,381,276,661
2009,Fresno County,October,6106,216,194,0,213,241,3,6059,2378,46,129,2,166,115,0,2274,410,457,177,281,3,356,379,738,2,323,262,587
2009,Fresno County,November,6059,165,234,0,149,265,1,6043,2274,41,104,1,105,51,0,2264,399,415,146,156,1,316,254,571,1,338,206,545
2009,Fresno County,December,6043,199,170,1,219,189,5,6000,2264,56,121,4,123,68,1,2253,370,413,181,192,6,257,342,605,5,291,255,551
2009,Glenn County,January,946,7,2,0,0,3,0,952,672,3,1,0,0,0,0,676,9,3,4,0,0,3,0,3,0,3,10,13
2009,Glenn County,February,952,4,3,0,0,2,0,957,676,2,0,0,0,0,0,678,7,2,2,0,0,2,0,2,0,3,6,9
2009,Glenn County,March,957,2,2,0,0,0,1,960,678,3,1,0,0,0,0,682,4,1,4,0,1,0,0,1,0,3,5,8
2009,Glenn County,April,960,2,2,0,1,0,2,961,682,3,0,0,1,0,0,684,4,3,3,1,2,0,2,4,0,2,5,7
2009,Glenn County,May,961,4,0,0,0,0,0,965,684,3,0,0,0,0,0,687,4,0,3,0,0,0,0,0,0,0,7,7
2009,Glenn County,June,965,5,0,0,0,0,3,967,687,6,1,0,0,0,0,694,5,3,7,0,3,0,0,3,0,1,11,12
2009,Glenn County,July,967,4,1,0,0,0,0,972,694,5,3,0,0,0,0,702,5,0,8,0,0,0,0,0,0,4,9,13
2009,Glenn County,August,972,7,3,0,2,0,0,980,702,4,2,0,1,1,0,706,10,2,6,2,0,1,3,4,0,5,11,16
2009,Glenn County,September,980,2,4,0,1,0,1,984,706,3,4,0,0,1,0,712,6,2,7,1,1,1,1,3,0,8,5,13
2009,Glenn County,October,984,5,4,0,1,0,0,992,712,2,2,0,0,0,0,716,9,1,4,0,0,0,1,1,0,6,7,13
2009,Glenn County,November,992,6,1,0,1,0,1,997,716,2,1,0,0,0,0,719,7,2,3,0,1,0,1,2,0,2,8,10
2009,Glenn County,December,997,11,1,0,0,0,0,1009,719,8,1,0,0,1,0,727,12,0,9,1,0,1,0,1,0,2,19,21
2009,Humboldt County,January,1197,26,0,4,22,6,2,1197,39,1,0,0,0,0,0,40,30,30,1,0,2,6,22,30,4,0,27,31
2009,Humboldt County,February,1197,22,0,3,27,6,0,1189,40,0,0,0,0,5,0,35,25,33,0,5,0,11,27,38,3,0,22,25
2009,Humboldt County,March,1189,25,0,4,26,12,3,1177,35,0,0,0,1,0,1,33,29,41,0,2,4,12,27,43,4,0,25,29
2009,Humboldt County,April,1177,36,0,9,42,5,6,1169,33,0,0,0,1,0,0,32,45,53,0,1,6,5,43,54,9,0,36,45
2009,Humboldt County,May,1169,39,0,3,18,9,2,1182,32,0,0,0,1,0,2,29,42,29,0,3,4,9,19,32,3,0,39,42
2009,Humboldt County,June,1182,39,0,1,16,5,6,1195,29,0,0,0,0,0,0,29,40,27,0,0,6,5,16,27,1,0,39,40
2009,Humboldt County,July,1195,24,0,4,13,9,2,1199,29,0,0,0,1,0,0,28,28,24,0,1,2,9,14,25,4,0,24,28
2009,Humboldt County,August,1199,30,0,3,16,8,7,1201,28,0,0,0,2,0,0,26,33,31,0,2,7,8,18,33,3,0,30,33
2009,Humboldt County,September,1201,26,0,2,29,5,0,1195,26,1,0,0,2,0,1,24,28,34,1,3,1,5,31,37,2,0,27,29
2009,Humboldt County,October,1195,24,0,4,2,4,2,1215,24,0,0,0,0,0,0,24,28,8,0,0,2,4,2,8,4,0,24,28
2009,Humboldt County,November,1215,23,0,2,18,5,4,1213,24,0,0,0,0,0,0,24,25,27,0,0,4,5,18,27,2,0,23,25
2009,Humboldt County,December,1213,35,0,12,24,10,1,1225,24,0,0,0,1,0,0,23,47,35,0,1,1,10,25,36,12,0,35,47
2009,Imperial County,January,1200,30,10,0,10,14,0,1216,41,0,1,0,2,2,0,38,40,24,1,4,0,16,12,28,0,11,30,41
2009,Imperial County,February,1216,59,11,0,40,13,0,1233,38,4,1,0,4,4,0,35,70,53,5,8,0,17,44,61,0,12,63,75
2009,Imperial County,March,1233,44,18,0,11,17,0,1267,35,1,2,0,3,2,0,33,62,28,3,5,0,19,14,33,0,20,45,65
2009,Imperial County,April,1267,50,15,0,7,10,0,1315,33,3,3,0,0,1,0,38,65,17,6,1,0,11,7,18,0,18,53,71
2009,Imperial County,May,1315,0,0,0,0,0,0,1315,38,0,0,0,0,0,0,38,0,0,0,0,0,0,0,0,0,0,0,0
2009,Imperial County,June,1315,0,0,0,0,0,0,1315,38,0,0,0,0,0,0,38,0,0,0,0,0,0,0,0,0,0,0,0
2009,Imperial County,July,1078,0,0,0,0,0,0,1078,21,0,0,0,0,0,0,21,0,0,0,0,0,0,0,0,0,0,0,0
2009,Imperial County,August,1078,36,8,0,8,8,0,1106,21,1,0,0,1,0,0,21,44,16,1,1,0,8,9,17,0,8,37,45
2009,Imperial County,September,1106,50,11,0,21,11,0,1135,21,1,0,0,1,0,0,21,61,32,1,1,0,11,22,33,0,11,51,62
2009,Imperial County,October,1135,29,12,0,11,0,0,1165,21,0,0,0,0,0,0,21,41,11,0,0,0,0,11,11,0,12,29,41
2009,Imperial County,November,1165,29,14,0,12,2,0,1194,21,1,0,0,0,0,0,22,43,14,1,0,0,2,12,14,0,14,30,44
2009,Imperial County,December,1194,31,23,0,23,0,0,1225,22,0,0,0,1,0,0,21,54,23,0,1,0,0,24,24,0,23,31,54
2009,Inyo County,January,642,15,7,0,5,12,1,646,986,10,16,0,2,4,0,1006,22,18,26,6,1,16,7,24,0,23,25,48
2009,Inyo County,February,646,11,8,0,1,5,2,657,1006,21,9,0,1,10,0,1025,19,8,30,11,2,15,2,19,0,17,32,49
2009,Inyo County,March,657,7,4,0,4,4,4,656,1025,17,6,0,4,8,1,1035,11,12,23,13,5,12,8,25,0,10,24,34
2009,Inyo County,April,656,7,3,0,6,2,0,658,1035,10,11,1,12,7,0,1038,10,8,22,19,0,9,18,27,1,14,17,32
2009,Inyo County,May,658,4,0,0,6,3,0,653,1038,6,10,0,5,14,0,1035,4,9,16,19,0,17,11,28,0,10,10,20
2009,Inyo County,June,653,5,2,0,1,7,1,651,1035,13,7,0,8,8,2,1037,7,9,20,18,3,15,9,27,0,9,18,27
2009,Inyo County,July,651,2,1,1,1,3,0,651,1037,6,1,1,9,11,0,1025,4,4,8,20,0,14,10,24,2,2,8,12
2009,Inyo County,August,651,1,2,0,1,1,0,652,1025,10,5,0,2,19,0,1019,3,2,15,21,0,20,3,23,0,7,11,18
2009,Inyo County,September,652,3,1,0,0,2,0,654,1019,2,8,0,1,5,0,1023,4,2,10,6,0,7,1,8,0,9,5,14
2009,Inyo County,October,654,0,0,0,2,1,0,651,1023,4,4,0,4,7,0,1020,0,3,8,11,0,8,6,14,0,4,4,8
2009,Inyo County,November,651,0,2,0,2,6,1,644,1020,5,9,0,3,5,0,1026,2,9,14,8,1,11,5,17,0,11,5,16
2009,Inyo County,December,644,1,1,0,1,5,1,639,1026,7,2,0,4,15,0,1016,2,7,9,19,1,20,5,26,0,3,8,11
2009,Kern County,January,7563,143,0,93,229,0,0,7570,468,29,0,0,22,0,0,475,236,229,29,22,0,0,251,251,93,0,172,265
2009,Kern County,February,7570,312,0,8,268,0,0,7622,475,31,0,9,23,0,0,492,320,268,40,23,0,0,291,291,17,0,343,360
2009,Kern County,March,7622,255,0,35,168,0,0,7744,492,20,0,0,24,0,3,485,290,168,20,27,3,0,192,195,35,0,275,310
2009,Kern County,April,7744,197,0,0,195,0,209,7537,485,16,0,101,24,0,0,578,197,404,117,24,209,0,219,428,101,0,213,314
2009,Kern County,May,7537,210,0,0,207,0,16,7524,578,1,0,0,6,0,0,573,210,223,1,6,16,0,213,229,0,0,211,211
2009,Kern County,June,7524,140,0,49,307,0,0,7406,573,19,0,0,17,0,122,453,189,307,19,139,122,0,324,446,49,0,159,208
2009,Kern County,July,7406,226,0,17,218,0,0,7431,453,0,0,0,0,0,0,453,243,218,0,0,0,0,218,218,17,0,226,243
2009,Kern County,August,7431,183,0,4,136,0,0,7482,453,0,0,0,0,0,0,453,187,136,0,0,0,0,136,136,4,0,183,187
2009,Kern County,September,7482,257,0,0,129,0,4,7606,453,0,0,0,0,0,0,453,257,133,0,0,4,0,129,133,0,0,257,257
2009,Kern County,October,7606,217,0,61,293,0,0,7591,453,0,0,0,0,0,0,453,278,293,0,0,0,0,293,293,61,0,217,278
2009,Kern County,November,7591,135,0,0,618,0,19,7089,453,0,0,0,0,0,0,453,135,637,0,0,19,0,618,637,0,0,135,135
2009,Kern County,December,7089,258,0,0,422,0,15,6910,453,0,0,0,0,0,0,453,258,437,0,0,15,0,422,437,0,0,258,258
2009,Kings County,January,1163,116,72,0,117,93,0,1141,3380,221,164,0,309,203,0,3253,188,210,385,512,0,296,426,722,0,236,337,573
2009,Kings County,February,1141,108,112,0,103,120,0,1138,3253,289,171,0,247,170,0,3296,220,223,460,417,0,290,350,640,0,283,397,680
2009,Kings County,March,1138,89,90,0,98,87,0,1132,3296,321,149,0,303,178,0,3285,179,185,470,481,0,265,401,666,0,239,410,649
2009,Kings County,April,1132,117,93,0,127,105,0,1110,3285,280,133,0,241,157,0,3300,210,232,413,398,0,262,368,630,0,226,397,623
2009,Kings County,May,1110,123,49,0,137,52,0,1093,3300,201,196,0,207,130,0,3360,172,189,397,337,0,182,344,526,0,245,324,569
2009,Kings County,June,1093,150,43,0,117,59,0,1110,3360,204,167,0,189,96,0,3446,193,176,371,285,0,155,306,461,0,210,354,564
2009,Kings County,July,1110,302,110,0,86,31,0,1405,3446,79,64,0,798,367,0,2424,412,117,143,1165,0,398,884,1282,0,174,381,555
2009,Kings County,August,1405,103,89,0,73,50,0,1474,2424,97,78,0,100,63,0,2436,192,123,175,163,0,113,173,286,0,167,200,367
2009,Kings County,September,1474,116,70,0,164,70,0,1426,2436,108,92,0,92,91,0,2453,186,234,200,183,0,161,256,417,0,162,224,386
2009,Kings County,October,1426,36,14,0,18,13,25,1420,2453,49,12,0,49,1,15,2449,50,56,61,65,40,14,67,121,0,26,85,111
2009,Kings County,November,1420,36,6,13,22,6,21,1426,2449,42,4,68,43,4,14,2502,55,49,114,61,35,10,65,110,81,10,78,169
2009,Kings County,December,1426,24,6,2,21,7,12,1418,2502,60,0,0,49,3,15,2495,32,40,60,67,27,10,70,107,2,6,84,92
2009,Lake County,January,625,10,9,0,3,15,0,626,5,0,0,0,0,0,0,5,19,18,0,0,0,15,3,18,0,9,10,19
2009,Lake County,February,626,7,7,0,0,0,0,640,5,0,0,0,0,0,0,5,14,0,0,0,0,0,0,0,0,7,7,14
2009,Lake County,March,640,8,10,0,3,2,0,653,5,0,0,0,0,0,0,5,18,5,0,0,0,2,3,5,0,10,8,18
2009,Lake County,April,653,5,8,0,43,6,0,617,5,0,0,0,0,0,0,5,13,49,0,0,0,6,43,49,0,8,5,13
2009,Lake County,May,617,13,18,0,5,6,0,637,5,0,0,0,0,0,0,5,31,11,0,0,0,6,5,11,0,18,13,31
2009,Lake County,June,637,10,10,0,4,6,0,647,5,0,0,0,0,0,0,5,20,10,0,0,0,6,4,10,0,10,10,20
2009,Lake County,July,647,16,8,0,10,15,0,646,5,0,0,0,0,0,0,5,24,25,0,0,0,15,10,25,0,8,16,24
2009,Lake County,August,646,13,0,0,13,0,0,646,5,0,0,0,0,0,0,5,13,13,0,0,0,0,13,13,0,0,13,13
2009,Lake County,September,646,9,2,0,0,8,0,649,5,0,0,0,0,0,0,5,11,8,0,0,0,8,0,8,0,2,9,11
2009,Lake County,October,649,4,3,0,0,0,0,656,5,0,0,0,0,0,0,5,7,0,0,0,0,0,0,0,0,3,4,7
2009,Lake County,November,656,0,0,0,6,12,0,638,5,0,0,0,0,0,0,5,0,18,0,0,0,12,6,18,0,0,0,0
2009,Lake County,December,638,17,13,0,176,26,0,466,5,0,0,0,5,0,0,0,30,202,0,5,0,26,181,207,0,13,17,30
2009,Lassen County,January,326,4,0,0,5,1,1,323,156,2,0,0,3,1,1,153,4,7,2,5,2,2,8,12,0,0,6,6
2009,Lassen County,February,323,9,1,0,4,1,1,327,153,3,0,0,4,0,0,152,10,6,3,4,1,1,8,10,0,1,12,13
2009,Lassen County,March,327,3,1,0,11,3,3,314,152,5,0,0,1,2,2,152,4,17,5,5,5,5,12,22,0,1,8,9
2009,Lassen County,April,314,8,0,0,7,2,2,311,152,3,0,0,1,3,3,148,8,11,3,7,5,5,8,18,0,0,11,11
2009,Lassen County,May,311,6,0,0,8,1,1,307,148,3,0,0,6,0,0,145,6,10,3,6,1,1,14,16,0,0,9,9
2009,Lassen County,June,307,7,0,0,11,1,1,301,145,2,0,0,4,0,0,143,7,13,2,4,1,1,15,17,0,0,9,9
2009,Lassen County,July,301,3,0,0,8,1,1,294,143,3,0,0,4,0,0,142,3,10,3,4,1,1,12,14,0,0,6,6
2009,Lassen County,August,294,11,0,0,9,0,0,296,142,6,0,0,2,1,1,144,11,9,6,4,1,1,11,13,0,0,17,17
2009,Lassen County,September,296,1,0,0,5,0,0,292,144,1,0,0,3,0,0,142,1,5,1,3,0,0,8,8,0,0,2,2
2009,Lassen County,October,292,8,0,0,10,3,3,284,142,3,0,0,4,0,0,141,8,16,3,4,3,3,14,20,0,0,11,11
2009,Lassen County,November,284,2,0,0,8,0,0,278,141,3,0,0,1,0,0,143,2,8,3,1,0,0,9,9,0,0,5,5
2009,Lassen County,December,278,6,0,0,9,1,1,273,143,0,0,0,3,0,0,140,6,11,0,3,1,1,12,14,0,0,6,6
2009,Los Angeles County,January,56526,1282,440,0,1122,1115,58,55953,4909,0,33,36,136,28,34,4780,1722,2295,69,198,92,1143,1258,2493,36,473,1282,1791
2009,Los Angeles County,February,55936,1173,387,0,854,785,33,55824,4739,40,21,0,110,21,22,4647,1560,1672,61,153,55,806,964,1825,0,408,1213,1621
2009,Los Angeles County,March,55858,1316,476,0,973,885,51,55741,4669,34,39,0,110,28,19,4585,1792,1909,73,157,70,913,1083,2066,0,515,1350,1865
2009,Los Angeles County,April,56110,1306,500,0,918,879,46,56073,4634,38,23,0,88,12,29,4566,1806,1843,61,129,75,891,1006,1972,0,523,1344,1867
2009,Los Angeles County,May,56391,1134,468,0,890,919,26,56158,4614,19,37,0,93,19,16,4542,1602,1835,56,128,42,938,983,1963,0,505,1153,1658
2009,Los Angeles County,June,56089,1385,435,0,1018,951,41,55899,4526,27,25,0,109,21,24,4424,1820,2010,52,154,65,972,1127,2164,0,460,1412,1872
2009,Los Angeles County,July,56033,1347,522,0,993,1139,42,55728,4363,14,20,0,135,27,19,4216,1869,2174,34,181,61,1166,1128,2355,0,542,1361,1903
2009,Los Angeles County,August,55702,1204,442,0,965,928,47,55408,4170,21,16,0,93,9,15,4090,1646,1940,37,117,62,937,1058,2057,0,458,1225,1683
2009,Los Angeles County,September,55461,1219,532,0,953,997,60,55202,3944,19,18,0,79,9,12,3881,1751,2010,37,100,72,1006,1032,2110,0,550,1238,1788
2009,Los Angeles County,October,55325,1183,460,0,916,785,50,55217,3794,12,9,0,85,18,11,3701,1643,1751,21,114,61,803,1001,1865,0,469,1195,1664
2009,Los Angeles County,November,55343,1052,367,0,707,821,42,55192,3653,16,19,0,66,10,11,3601,1419,1570,35,87,53,831,773,1657,0,386,1068,1454
2009,Los Angeles County,December,55239,1157,411,0,815,901,29,55062,3561,17,14,0,55,23,9,3505,1568,1745,31,87,38,924,870,1832,0,425,1174,1599
2009,Madera County,January,2626,64,55,0,29,63,0,2653,871,23,16,0,14,26,0,870,119,92,39,40,0,89,43,132,0,71,87,158
2009,Madera County,February,2653,47,61,0,16,93,0,2652,870,16,23,0,10,51,0,848,108,109,39,61,0,144,26,170,0,84,63,147
2009,Madera County,March,2652,52,76,0,18,97,0,2665,848,11,23,0,9,34,0,839,128,115,34,43,0,131,27,158,0,99,63,162
2009,Madera County,April,2665,50,68,0,14,73,0,2696,839,18,16,0,3,25,0,845,118,87,34,28,0,98,17,115,0,84,68,152
2009,Madera County,May,2696,45,51,0,17,56,0,2719,845,14,13,0,6,14,0,852,96,73,27,20,0,70,23,93,0,64,59,123
2009,Madera County,June,2719,60,61,0,22,59,0,2759,852,14,16,0,11,26,0,845,121,81,30,37,0,85,33,118,0,77,74,151
2009,Madera County,July,2759,33,67,0,18,70,0,2771,845,10,25,0,14,22,0,844,100,88,35,36,0,92,32,124,0,92,43,135
2009,Madera County,August,2771,39,40,0,18,53,0,2779,844,15,9,0,11,13,0,844,79,71,24,24,0,66,29,95,0,49,54,103
2009,Madera County,September,2779,50,47,0,10,58,0,2808,844,7,11,0,13,17,0,832,97,68,18,30,0,75,23,98,0,58,57,115
2009,Madera County,October,2808,53,54,0,16,42,0,2857,832,18,17,0,11,16,0,840,107,58,35,27,0,58,27,85,0,71,71,142
2009,Madera County,November,2857,44,47,0,27,36,0,2885,840,5,5,0,11,12,0,827,91,63,10,23,0,48,38,86,0,52,49,101
2009,Madera County,December,2885,41,50,0,17,40,0,2919,827,10,14,0,11,12,0,828,91,57,24,23,0,52,28,80,0,64,51,115
2009,Marin County,January,1272,33,8,0,18,23,0,1272,1174,30,7,0,16,21,0,1174,41,41,37,37,0,44,34,78,0,15,63,78
2009,Marin County,February,1272,28,7,0,22,16,0,1269,1174,16,4,0,30,22,0,1142,35,38,20,52,0,38,52,90,0,11,44,55
2009,Marin County,March,1269,36,9,0,17,5,0,1292,1142,30,7,0,24,17,0,1138,45,22,37,41,0,22,41,63,0,16,66,82
2009,Marin County,April,1292,17,4,0,25,15,0,1273,1138,17,4,0,27,25,0,1107,21,40,21,52,0,40,52,92,0,8,34,42
2009,Marin County,May,1273,29,7,0,22,18,0,1269,1107,28,7,0,14,25,0,1103,36,40,35,39,0,43,36,79,0,14,57,71
2009,Marin County,June,1269,32,8,0,15,12,0,1282,1103,32,8,0,22,15,0,1106,40,27,40,37,0,27,37,64,0,16,64,80
2009,Marin County,July,1282,23,6,0,20,14,0,1277,1106,22,6,0,26,27,0,1081,29,34,28,53,0,41,46,87,0,12,45,57
2009,Marin County,August,1277,11,3,0,7,5,0,1279,1081,18,5,0,12,8,0,1084,14,12,23,20,0,13,19,32,0,8,29,37
2009,Marin County,September,1279,13,3,0,6,5,0,1284,1084,13,3,0,9,15,0,1076,16,11,16,24,0,20,15,35,0,6,26,32
2009,Marin County,October,1284,36,9,0,10,8,0,1311,1076,27,7,0,11,7,0,1092,45,18,34,18,0,15,21,36,0,16,63,79
2009,Marin County,November,1311,15,4,0,12,15,0,1303,1092,13,3,0,19,17,0,1072,19,27,16,36,0,32,31,63,0,7,28,35
2009,Marin County,December,1303,18,5,0,16,11,0,1299,1072,17,4,0,21,14,0,1058,23,27,21,35,0,25,37,62,0,9,35,44
2009,Mariposa County,January,140,6,4,0,4,0,0,146,272,10,19,0,13,6,0,282,10,4,29,19,0,6,17,23,0,23,16,39
2009,Mariposa County,February,146,5,0,0,2,3,0,146,282,7,0,0,8,4,0,277,5,5,7,12,0,7,10,17,0,0,12,12
2009,Mariposa County,March,146,2,0,0,2,2,0,144,277,8,0,0,6,1,0,278,2,4,8,7,0,3,8,11,0,0,10,10
2009,Mariposa County,April,144,3,0,0,4,0,0,143,278,15,10,0,8,10,0,285,3,4,25,18,0,10,12,22,0,10,18,28
2009,Mariposa County,May,143,7,0,0,3,0,0,147,285,14,1,0,2,1,0,297,7,3,15,3,0,1,5,6,0,1,21,22
2009,Mariposa County,June,147,3,5,0,4,5,0,146,297,11,6,0,17,6,0,291,8,9,17,23,0,11,21,32,0,11,14,25
2009,Mariposa County,July,146,2,5,0,8,5,0,140,291,8,1,0,11,1,0,288,7,13,9,12,0,6,19,25,0,6,10,16
2009,Mariposa County,August,140,6,3,0,6,3,0,140,288,6,5,0,9,5,0,285,9,9,11,14,0,8,15,23,0,8,12,20
2009,Mariposa County,September,140,1,2,0,6,2,0,135,285,13,6,0,9,6,0,289,3,8,19,15,0,8,15,23,0,8,14,22
2009,Mariposa County,October,135,1,3,0,5,4,0,130,289,4,5,0,6,5,0,287,4,9,9,11,0,9,11,20,0,8,5,13
2009,Mariposa County,November,130,1,2,0,4,2,0,127,287,3,2,0,10,6,0,276,3,6,5,16,0,8,14,22,0,4,4,8
2009,Mariposa County,December,127,3,2,0,2,6,2,122,276,5,3,0,5,10,0,269,5,10,8,15,2,16,7,25,0,5,8,13
2009,Mendocino County,January,1695,39,13,0,9,6,0,1732,139,0,0,0,1,0,0,138,52,15,0,1,0,6,10,16,0,13,39,52
2009,Mendocino County,February,1732,10,9,0,7,8,0,1736,138,0,0,0,1,0,0,137,19,15,0,1,0,8,8,16,0,9,10,19
2009,Mendocino County,March,1736,30,25,0,5,7,0,1779,137,0,0,0,2,0,0,135,55,12,0,2,0,7,7,14,0,25,30,55
2009,Mendocino County,April,1779,26,22,0,20,8,0,1799,135,0,0,0,0,1,0,134,48,28,0,1,0,9,20,29,0,22,26,48
2009,Mendocino County,May,1799,7,19,0,5,0,0,1820,134,0,1,0,0,0,0,135,26,5,1,0,0,0,5,5,0,20,7,27
2009,Mendocino County,June,1820,23,28,0,15,4,0,1852,135,0,0,0,0,0,0,135,51,19,0,0,0,4,15,19,0,28,23,51
2009,Mendocino County,July,1852,20,6,0,5,8,0,1865,135,0,1,0,0,0,0,136,26,13,1,0,0,8,5,13,0,7,20,27
2009,Mendocino County,August,1865,14,6,0,3,2,0,1880,136,0,0,0,0,0,0,136,20,5,0,0,0,2,3,5,0,6,14,20
2009,Mendocino County,September,1880,10,14,0,4,7,0,1893,136,0,0,0,0,0,0,136,24,11,0,0,0,7,4,11,0,14,10,24
2009,Mendocino County,October,1893,13,13,0,8,15,0,1896,136,0,1,0,0,0,0,137,26,23,1,0,0,15,8,23,0,14,13,27
2009,Mendocino County,November,1896,7,19,0,4,9,0,1909,137,0,1,0,1,0,0,137,26,13,1,1,0,9,5,14,0,20,7,27
2009,Mendocino County,December,1909,26,21,0,7,3,0,1946,137,0,1,0,0,0,0,138,47,10,1,0,0,3,7,10,0,22,26,48
2009,Merced County,January,3255,97,86,0,99,86,12,3241,0,0,0,0,0,0,0,0,183,197,0,0,12,86,99,197,0,86,97,183
2009,Merced County,February,3241,81,119,0,155,96,2,3188,0,0,0,0,0,0,0,0,200,253,0,0,2,96,155,253,0,119,81,200
2009,Merced County,March,3188,95,107,0,158,79,2,3151,0,0,0,0,0,0,0,0,202,239,0,0,2,79,158,239,0,107,95,202
2009,Merced County,April,3151,65,78,0,75,57,13,3149,0,0,0,0,0,0,0,0,143,145,0,0,13,57,75,145,0,78,65,143
2009,Merced County,May,3149,77,44,0,84,55,8,3123,0,0,0,0,0,0,0,0,121,147,0,0,8,55,84,147,0,44,77,121
2009,Merced County,June,3123,71,67,0,112,47,5,3097,0,0,0,0,0,0,0,0,138,164,0,0,5,47,112,164,0,67,71,138
2009,Merced County,July,3097,95,103,0,62,57,18,3158,0,0,0,0,0,0,0,0,198,137,0,0,18,57,62,137,0,103,95,198
2009,Merced County,August,3158,83,96,0,68,17,3,3249,0,0,0,0,0,0,0,0,179,88,0,0,3,17,68,88,0,96,83,179
2009,Merced County,September,3249,58,88,0,146,83,1,3165,0,0,0,0,0,0,0,0,146,230,0,0,1,83,146,230,0,88,58,146
2009,Merced County,October,3165,104,102,0,119,69,18,3165,0,0,0,0,0,0,0,0,206,206,0,0,18,69,119,206,0,102,104,206
2009,Merced County,November,3165,64,80,0,103,68,14,3124,0,0,0,0,0,0,0,0,144,185,0,0,14,68,103,185,0,80,64,144
2009,Merced County,December,3124,64,81,0,60,81,4,3124,0,0,0,0,0,0,0,0,145,145,0,0,4,81,60,145,0,81,64,145
2009,Modoc County,January,157,1,0,0,8,0,1,149,175,1,0,0,0,0,0,176,1,9,1,0,1,0,8,9,0,0,2,2
2009,Modoc County,February,149,3,1,0,6,1,0,146,176,1,0,0,1,1,0,175,4,7,1,2,0,2,7,9,0,1,4,5
2009,Modoc County,March,146,2,0,0,8,1,0,139,175,2,0,0,4,0,0,173,2,9,2,4,0,1,12,13,0,0,4,4
2009,Modoc County,April,139,3,2,0,2,1,0,141,173,0,0,0,0,0,0,173,5,3,0,0,0,1,2,3,0,2,3,5
2009,Modoc County,May,141,4,1,0,1,2,0,143,173,0,0,0,0,1,0,172,5,3,0,1,0,3,1,4,0,1,4,5
2009,Modoc County,June,143,2,0,0,1,2,0,142,172,1,0,0,1,0,0,172,2,3,1,1,0,2,2,4,0,0,3,3
2009,Modoc County,July,142,4,3,0,1,1,0,147,172,1,0,0,0,0,0,173,7,2,1,0,0,1,1,2,0,3,5,8
2009,Modoc County,August,147,5,3,0,3,0,0,152,173,0,0,0,0,0,0,173,8,3,0,0,0,0,3,3,0,3,5,8
2009,Modoc County,September,152,3,0,0,5,0,0,150,173,2,0,0,1,0,0,174,3,5,2,1,0,0,6,6,0,0,5,5
2009,Modoc County,October,150,5,2,0,1,0,0,156,174,0,0,0,3,0,0,171,7,1,0,3,0,0,4,4,0,2,5,7
2009,Modoc County,November,156,3,0,0,3,1,0,155,171,2,0,0,0,1,0,172,3,4,2,1,0,2,3,5,0,0,5,5
2009,Modoc County,December,155,4,3,0,2,2,0,158,172,0,0,0,0,0,0,172,7,4,0,0,0,2,2,4,0,3,4,7
2009,Mono County,January,165,0,0,0,6,0,2,157,104,0,0,0,2,0,0,102,0,8,0,2,2,0,8,10,0,0,0,0
2009,Mono County,February,157,0,0,0,7,0,0,150,102,2,0,0,0,0,0,104,0,7,2,0,0,0,7,7,0,0,2,2
2009,Mono County,March,150,0,0,0,0,0,0,150,104,0,0,0,1,0,0,103,0,0,0,1,0,0,1,1,0,0,0,0
2009,Mono County,April,176,0,0,0,0,0,0,176,115,0,0,0,0,0,0,115,0,0,0,0,0,0,0,0,0,0,0,0
2009,Mono County,May,150,0,0,0,0,0,0,176,103,0,0,0,0,0,0,115,0,0,0,0,0,0,0,0,0,0,0,0
2009,Mono County,June,176,0,0,0,2,0,0,174,115,2,0,0,0,0,0,117,0,2,2,0,0,0,2,2,0,0,2,2
2009,Mono County,July,174,5,0,0,3,0,0,176,117,4,0,0,0,0,0,121,5,3,4,0,0,0,3,3,0,0,9,9
2009,Mono County,August,176,4,0,0,2,0,0,178,121,7,0,0,0,0,0,128,4,2,7,0,0,0,2,2,0,0,11,11
2009,Mono County,September,178,8,0,0,5,0,0,181,128,2,0,0,3,0,0,127,8,5,2,3,0,0,8,8,0,0,10,10
2009,Mono County,October,181,6,0,0,3,0,0,184,127,3,0,0,0,0,0,130,6,3,3,0,0,0,3,3,0,0,9,9
2009,Mono County,November,184,0,0,0,3,0,0,181,130,2,0,0,0,0,0,132,0,3,2,0,0,0,3,3,0,0,2,2
2009,Mono County,December,181,0,0,0,0,0,0,181,132,0,0,0,0,0,0,132,0,0,0,0,0,0,0,0,0,0,0,0
2009,Monterey County,January,3194,29,37,0,49,42,0,3169,981,1,2,0,5,11,0,968,66,91,3,16,0,53,54,107,0,39,30,69
2009,Monterey County,February,3169,47,33,0,40,32,0,3177,968,0,0,0,7,3,4,954,80,72,0,14,4,35,47,86,0,33,47,80
2009,Monterey County,March,3177,48,39,0,60,21,0,3183,954,13,9,0,10,3,0,963,87,81,22,13,0,24,70,94,0,48,61,109
2009,Monterey County,April,3183,46,27,0,35,8,0,3213,963,26,9,0,7,1,0,990,73,43,35,8,0,9,42,51,0,36,72,108
2009,Monterey County,May,3213,67,28,0,36,13,0,3259,990,19,8,0,8,2,0,1007,95,49,27,10,0,15,44,59,0,36,86,122
2009,Monterey County,June,3259,78,67,0,31,23,0,3350,1007,12,11,0,8,3,0,1019,145,54,23,11,0,26,39,65,0,78,90,168
2009,Monterey County,July,3350,68,47,0,35,28,0,3402,1019,27,5,0,12,0,0,1039,115,63,32,12,0,28,47,75,0,52,95,147
2009,Monterey County,August,3402,38,43,0,34,18,0,3431,1039,20,11,0,18,1,0,1051,81,52,31,19,0,19,52,71,0,54,58,112
2009,Monterey County,September,3431,76,54,0,40,19,0,3502,1051,25,7,0,21,1,0,1061,130,59,32,22,0,20,61,81,0,61,101,162
2009,Monterey County,October,3502,60,25,0,24,12,0,3551,1061,26,7,0,13,1,0,1080,85,36,33,14,0,13,37,50,0,32,86,118
2009,Monterey County,November,3551,39,19,0,32,3,0,3574,1080,31,1,0,9,1,0,1102,58,35,32,10,0,4,41,45,0,20,70,90
2009,Monterey County,December,3574,42,16,0,28,8,0,3596,1102,39,3,0,7,4,0,1133,58,36,42,11,0,12,35,47,0,19,81,100
2009,Napa County,January,1013,26,28,13,15,19,28,1018,999,32,15,7,29,10,15,999,67,62,54,54,43,29,44,116,20,43,58,121
2009,Napa County,February,1018,24,16,0,10,20,27,1001,999,35,14,0,23,21,22,982,40,57,49,66,49,41,33,123,0,30,59,89
2009,Napa County,March,1001,42,27,0,14,14,27,1015,982,42,26,0,21,14,16,999,69,55,68,51,43,28,35,106,0,53,84,137
2009,Napa County,April,1015,38,42,0,17,16,42,1020,999,75,22,0,22,18,35,1021,80,75,97,75,77,34,39,150,0,64,113,177
2009,Napa County,May,1020,21,39,0,18,14,30,1018,1021,39,21,0,33,17,20,1011,60,62,60,70,50,31,51,132,0,60,60,120
2009,Napa County,June,1018,20,30,0,13,10,35,1010,1011,16,19,0,27,14,25,980,50,58,35,66,60,24,40,124,0,49,36,85
2009,Napa County,July,1010,23,31,0,27,18,10,1009,980,35,18,0,33,12,6,982,54,55,53,51,16,30,60,106,0,49,58,107
2009,Napa County,August,1009,18,29,0,13,17,34,992,982,37,26,0,17,9,35,984,47,64,63,61,69,26,30,125,0,55,55,110
2009,Napa County,September,992,30,25,0,12,12,28,995,984,30,15,0,20,13,21,975,55,52,45,54,49,25,32,106,0,40,60,100
2009,Napa County,October,995,33,25,0,23,16,11,1003,975,41,19,0,33,17,8,977,58,50,60,58,19,33,56,108,0,44,74,118
2009,Napa County,November,1003,5,22,0,11,13,12,994,977,16,24,0,10,8,25,974,27,36,40,43,37,21,21,79,0,46,21,67
2009,Napa County,December,994,34,36,0,23,14,10,1017,974,42,26,0,29,22,21,970,70,47,68,72,31,36,52,119,0,62,76,138
2009,Nevada County,January,489,15,0,0,13,0,0,491,146,4,1,0,3,0,1,147,15,13,5,4,1,0,16,17,0,1,19,20
2009,Nevada County,February,491,10,0,0,11,0,6,484,147,3,0,0,5,0,1,144,10,17,3,6,7,0,16,23,0,0,13,13
2009,Nevada County,March,484,13,1,0,12,0,4,482,144,4,1,0,4,0,5,140,14,16,5,9,9,0,16,25,0,2,17,19
2009,Nevada County,April,482,14,1,0,17,0,11,469,140,8,0,0,6,0,2,140,15,28,8,8,13,0,23,36,0,1,22,23
2009,Nevada County,May,469,12,0,0,5,0,0,476,140,5,0,0,2,0,1,142,12,5,5,3,1,0,7,8,0,0,17,17
2009,Nevada County,June,476,6,1,0,18,0,0,465,142,3,0,0,10,0,1,134,7,18,3,11,1,0,28,29,0,1,9,10
2009,Nevada County,July,465,8,0,0,13,0,7,453,134,1,1,0,4,0,1,131,8,20,2,5,8,0,17,25,0,1,9,10
2009,Nevada County,August,453,11,0,0,7,0,1,456,131,2,0,0,4,0,2,127,11,8,2,6,3,0,11,14,0,0,13,13
2009,Nevada County,September,456,7,0,0,14,0,0,449,127,7,1,0,10,0,2,123,7,14,8,12,2,0,24,26,0,1,14,15
2009,Nevada County,October,449,12,0,0,5,0,0,456,123,6,0,0,6,0,3,120,12,5,6,9,3,0,11,14,0,0,18,18
2009,Nevada County,November,456,15,1,0,16,0,0,456,120,4,0,0,10,0,1,113,16,16,4,11,1,0,26,27,0,1,19,20
2009,Nevada County,December,456,9,0,0,6,0,0,459,113,2,0,0,3,0,0,112,9,6,2,3,0,0,9,9,0,0,11,11
2009,Orange County,January,12611,431,320,0,599,462,59,12242,3003,36,16,0,21,9,0,3025,751,1120,52,30,59,471,620,1150,0,336,467,803
2009,Orange County,February,12242,541,312,0,515,351,66,12163,3025,36,8,0,25,6,0,3038,853,932,44,31,66,357,540,963,0,320,577,897
2009,Orange County,March,12163,646,288,0,545,439,41,12072,3038,42,8,0,15,13,0,3060,934,1025,50,28,41,452,560,1053,0,296,688,984
2009,Orange County,April,12072,550,356,0,676,542,94,11666,3060,54,12,0,41,96,0,2989,906,1312,66,137,94,638,717,1449,0,368,604,972
2009,Orange County,May,11666,404,287,2,672,380,83,11224,2989,19,17,0,28,8,2,2987,693,1135,36,38,85,388,700,1173,2,304,423,729
2009,Orange County,June,11224,664,318,0,518,352,93,11243,2987,21,7,0,39,6,0,2970,982,963,28,45,93,358,557,1008,0,325,685,1010
2009,Orange County,July,11243,533,319,0,553,321,59,11162,2970,34,12,0,29,9,0,2978,852,933,46,38,59,330,582,971,0,331,567,898
2009,Orange County,August,11162,852,282,0,612,234,102,11348,2978,27,9,0,41,3,0,2970,1134,948,36,44,102,237,653,992,0,291,879,1170
2009,Orange County,September,11348,579,329,2,671,287,164,11136,2970,21,11,0,46,11,1,2944,910,1122,32,58,165,298,717,1180,2,340,600,942
2009,Orange County,October,11136,499,352,0,578,267,103,11039,2944,37,3,0,50,10,2,2922,851,948,40,62,105,277,628,1010,0,355,536,891
2009,Orange County,November,11039,306,315,0,545,276,104,10735,2922,19,4,0,32,4,1,2908,621,925,23,37,105,280,577,962,0,319,325,644
2009,Orange County,December,10735,577,274,2,477,253,82,10776,2908,21,13,0,41,12,0,2889,853,812,34,53,82,265,518,865,2,287,598,887
2009,Placer County,January,2084,93,1,0,35,5,0,2138,1100,13,5,0,8,1,0,1109,94,40,18,9,0,6,43,49,0,6,106,112
2009,Placer County,February,2138,96,7,0,29,7,0,2205,1109,12,3,0,16,0,0,1108,103,36,15,16,0,7,45,52,0,10,108,118
2009,Placer County,March,2205,117,5,0,29,4,0,2294,1108,15,0,0,13,3,0,1107,122,33,15,16,0,7,42,49,0,5,132,137
2009,Placer County,April,2294,65,4,0,14,3,0,2346,1107,14,0,0,4,1,0,1116,69,17,14,5,0,4,18,22,0,4,79,83
2009,Placer County,May,2346,117,10,0,25,0,6,2442,1116,21,1,0,12,2,0,1124,127,31,22,14,6,2,37,45,0,11,138,149
2009,Placer County,June,2442,103,3,0,36,8,0,2504,1124,16,0,0,10,3,0,1127,106,44,16,13,0,11,46,57,0,3,119,122
2009,Placer County,July,2504,78,8,0,35,2,0,2553,1127,22,2,0,16,2,0,1133,86,37,24,18,0,4,51,55,0,10,100,110
2009,Placer County,August,2553,74,1,0,36,5,0,2587,1133,20,2,0,18,0,0,1137,75,41,22,18,0,5,54,59,0,3,94,97
2009,Placer County,September,2587,85,5,0,25,5,0,2647,1137,15,0,0,7,2,0,1143,90,30,15,9,0,7,32,39,0,5,100,105
2009,Placer County,October,2647,99,5,0,26,4,0,2721,1143,26,3,0,5,3,0,1164,104,30,29,8,0,7,31,38,0,8,125,133
2009,Placer County,November,2721,47,2,0,38,5,0,2727,1164,31,0,0,9,1,0,1185,49,43,31,10,0,6,47,53,0,2,78,80
2009,Placer County,December,2727,84,4,0,54,3,0,2758,1185,31,2,0,18,2,0,1198,88,57,33,20,0,5,72,77,0,6,115,121
2009,Plumas County,January,222,7,10,0,7,13,0,219,231,6,9,0,6,10,0,230,17,20,15,16,0,23,13,36,0,19,13,32
2009,Plumas County,February,219,7,6,0,5,1,0,226,230,3,5,0,9,7,0,222,13,6,8,16,0,8,14,22,0,11,10,21
2009,Plumas County,March,226,9,5,0,3,5,0,232,222,4,6,0,6,7,0,219,14,8,10,13,0,12,9,21,0,11,13,24
2009,Plumas County,April,232,12,4,0,6,9,0,233,219,7,5,0,4,3,0,224,16,15,12,7,0,12,10,22,0,9,19,28
2009,Plumas County,May,233,7,5,0,3,5,0,237,224,7,3,0,8,4,0,222,12,8,10,12,0,9,11,20,0,8,14,22
2009,Plumas County,June,237,5,11,0,4,12,0,237,222,9,3,0,12,4,0,218,16,16,12,16,0,16,16,32,0,14,14,28
2009,Plumas County,July,237,5,3,0,7,6,0,232,218,8,9,0,8,6,0,221,8,13,17,14,0,12,15,27,0,12,13,25
2009,Plumas County,August,232,11,8,0,6,10,0,235,221,4,8,0,6,8,0,219,19,16,12,14,0,18,12,30,0,16,15,31
2009,Plumas County,September,235,12,12,0,2,12,0,245,219,6,5,0,4,6,0,220,24,14,11,10,0,18,6,24,0,17,18,35
2009,Plumas County,October,245,4,6,0,7,7,0,241,220,6,4,0,7,3,0,220,10,14,10,10,0,10,14,24,0,10,10,20
2009,Plumas County,November,241,6,6,0,6,6,0,241,220,4,6,0,10,4,0,216,12,12,10,14,0,10,16,26,0,12,10,22
2009,Plumas County,December,241,10,5,0,5,6,0,245,216,5,3,0,8,4,0,212,15,11,8,12,0,10,13,23,0,8,15,23
2009,Riverside County,January,15871,542,326,27,360,542,0,15864,1459,64,76,0,81,65,45,1408,895,902,140,191,45,607,441,1093,27,402,606,1035
2009,Riverside County,February,15864,567,334,43,436,348,0,16024,1408,71,53,0,97,54,1,1380,944,784,124,152,1,402,533,936,43,387,638,1068
2009,Riverside County,March,16024,623,378,215,445,504,0,16291,1380,85,84,0,113,93,24,1319,1216,949,169,230,24,597,558,1179,215,462,708,1385
2009,Riverside County,April,16291,530,336,0,354,489,0,16314,1319,124,80,60,84,76,0,1423,866,843,264,160,0,565,438,1003,60,416,654,1130
2009,Riverside County,May,16314,456,372,15,373,449,0,16335,1423,72,94,23,112,75,0,1425,843,822,189,187,0,524,485,1009,38,466,528,1032
2009,Riverside County,June,16335,548,392,55,451,554,0,16325,1425,91,82,0,97,85,8,1408,995,1005,173,190,8,639,548,1195,55,474,639,1168
2009,Riverside County,July,16325,535,377,18,384,524,0,16347,1408,92,102,26,122,123,0,1383,930,908,220,245,0,647,506,1153,44,479,627,1150
2009,Riverside County,August,16347,547,304,32,365,441,0,16424,1383,112,103,9,97,60,0,1450,883,806,224,157,0,501,462,963,41,407,659,1107
2009,Riverside County,September,16424,474,248,65,431,472,0,16308,1450,98,108,0,68,48,32,1508,787,903,206,148,32,520,499,1051,65,356,572,993
2009,Riverside County,October,16308,508,241,14,465,365,0,16241,1508,110,98,4,75,41,0,1604,763,830,212,116,0,406,540,946,18,339,618,975
2009,Riverside County,November,16241,505,230,43,276,347,0,16396,1604,104,101,0,63,32,28,1686,778,623,205,123,28,379,339,746,43,331,609,983
2009,Riverside County,December,16396,568,237,81,355,434,0,16493,1686,157,96,0,73,46,77,1743,886,789,253,196,77,480,428,985,81,333,725,1139
2009,Sacramento County,January,18735,474,422,6,171,324,310,18832,0,0,0,0,0,0,0,0,902,805,0,0,310,324,171,805,6,422,474,902
2009,Sacramento County,February,18832,481,424,17,118,440,350,18846,0,0,0,0,0,0,0,0,922,908,0,0,350,440,118,908,17,424,481,922
2009,Sacramento County,March,18846,487,435,13,174,460,411,18736,0,0,0,0,0,0,0,0,935,1045,0,0,411,460,174,1045,13,435,487,935
2009,Sacramento County,April,18736,524,404,10,172,441,375,18686,0,0,0,0,0,0,0,0,938,988,0,0,375,441,172,988,10,404,524,938
2009,Sacramento County,May,18686,437,405,9,133,468,394,18542,0,0,0,0,0,0,0,0,851,995,0,0,394,468,133,995,9,405,437,851
2009,Sacramento County,June,18542,513,477,22,183,484,82,18805,0,0,0,0,0,0,0,0,1012,749,0,0,82,484,183,749,22,477,513,1012
2009,Sacramento County,July,18805,465,331,80,173,305,351,18852,0,0,0,0,0,0,0,0,876,829,0,0,351,305,173,829,80,331,465,876
2009,Sacramento County,August,18852,481,313,51,125,298,180,19094,0,0,0,0,0,0,0,0,845,603,0,0,180,298,125,603,51,313,481,845
2009,Sacramento County,September,19094,520,299,45,135,274,1124,18425,0,0,0,0,0,0,0,0,864,1533,0,0,1124,274,135,1533,45,299,520,864
2009,Sacramento County,October,18425,513,347,56,119,299,106,18817,0,0,0,0,0,0,0,0,916,524,0,0,106,299,119,524,56,347,513,916
2009,Sacramento County,November,18817,404,277,53,94,280,298,18879,0,0,0,0,0,0,0,0,734,672,0,0,298,280,94,672,53,277,404,734
2009,Sacramento County,December,18879,431,307,65,127,315,533,18707,0,0,0,0,0,0,0,0,803,975,0,0,533,315,127,975,65,307,431,803
2009,San Benito County,January,279,9,7,0,13,16,6,260,356,14,13,0,16,19,1,347,16,35,27,36,7,35,29,71,0,20,23,43
2009,San Benito County,February,260,8,14,10,12,20,5,255,347,3,0,0,20,15,0,315,32,37,3,35,5,35,32,72,10,14,11,35
2009,San Benito County,March,255,6,11,13,9,0,2,274,315,4,7,10,34,0,0,302,30,11,21,34,2,0,43,45,23,18,10,51
2009,San Benito County,April,274,15,12,0,11,16,7,267,302,18,9,0,20,11,5,293,27,34,27,36,12,27,31,70,0,21,33,54
2009,San Benito County,May,267,8,7,0,13,10,5,254,293,18,6,0,21,14,1,281,15,28,24,36,6,24,34,64,0,13,26,39
2009,San Benito County,June,254,10,6,0,8,6,8,248,281,16,12,0,23,6,0,280,16,22,28,29,8,12,31,51,0,18,26,44
2009,San Benito County,July,248,10,5,0,12,7,0,244,280,10,5,0,22,5,0,268,15,19,15,27,0,12,34,46,0,10,20,30
2009,San Benito County,August,244,7,7,0,9,11,5,233,268,7,10,0,13,8,0,264,14,25,17,21,5,19,22,46,0,17,14,31
2009,San Benito County,September,233,8,7,0,12,14,6,216,264,9,6,0,12,9,0,258,15,32,15,21,6,23,24,53,0,13,17,30
2009,San Benito County,October,216,10,4,0,10,15,9,196,258,13,7,0,16,10,0,252,14,34,20,26,9,25,26,60,0,11,23,34
2009,San Benito County,November,196,6,6,0,1,9,4,194,252,9,1,29,4,4,0,283,12,14,39,8,4,13,5,22,29,7,15,51
2009,San Benito County,December,194,18,3,0,4,4,5,202,283,8,6,25,15,8,0,299,21,13,39,23,5,12,19,36,25,9,26,60
2009,San Bernardino County,January,23362,605,186,14,375,593,0,23199,2239,25,14,1,193,23,0,2063,805,968,40,216,0,616,568,1184,15,200,630,845
2009,San Bernardino County,February,23548,518,149,8,366,461,0,23396,2138,14,5,0,187,19,0,1951,675,827,19,206,0,480,553,1033,8,154,532,694
2009,San Bernardino County,March,23442,467,158,2,358,471,0,23240,2031,11,8,0,141,26,0,1883,627,829,19,167,0,497,499,996,2,166,478,646
2009,San Bernardino County,April,23363,483,167,13,296,494,0,23236,1943,20,8,0,123,13,0,1835,663,790,28,136,0,507,419,926,13,175,503,691
2009,San Bernardino County,May,23331,459,136,11,313,408,0,23216,1862,14,7,0,99,21,0,1763,606,721,21,120,0,429,412,841,11,143,473,627
2009,San Bernardino County,June,23188,569,179,7,406,468,0,23069,1775,26,8,0,151,16,0,1642,755,874,34,167,0,484,557,1041,7,187,595,789
2009,San Bernardino County,July,23258,537,187,12,327,510,0,23157,1692,8,10,2,156,22,0,1534,736,837,20,178,0,532,483,1015,14,197,545,756
2009,San Bernardino County,August,23392,479,127,5,416,423,0,23164,1620,8,6,0,147,16,0,1471,611,839,14,163,0,439,563,1002,5,133,487,625
2009,San Bernardino County,September,23407,565,135,4,427,455,0,23229,1539,1,2,0,132,27,0,1383,704,882,3,159,0,482,559,1041,4,137,566,707
2009,San Bernardino County,October,23398,432,167,4,366,411,0,23224,1465,4,1,0,101,15,0,1354,603,777,5,116,0,426,467,893,4,168,436,608
2009,San Bernardino County,November,23479,436,133,13,373,374,0,23314,1414,3,0,0,136,14,0,1267,582,747,3,150,0,388,509,897,13,133,439,585
2009,San Bernardino County,December,23415,446,85,6,282,319,0,23351,1351,3,0,0,112,13,0,1229,537,601,3,125,0,332,394,726,6,85,449,540
2009,San Diego County,January,16597,438,125,0,436,253,1,16470,1069,47,8,0,36,39,0,1049,563,690,55,75,1,292,472,765,0,133,485,618
2009,San Diego County,February,16524,334,116,0,300,214,2,16458,1038,26,12,0,20,30,0,1026,450,516,38,50,2,244,320,566,0,128,360,488
2009,San Diego County,March,16514,452,115,0,339,262,3,16477,1021,27,13,0,26,33,0,1002,567,604,40,59,3,295,365,663,0,128,479,607
2009,San Diego County,April,16500,430,127,0,318,253,1,16485,1003,39,14,0,25,21,0,1010,557,572,53,46,1,274,343,618,0,141,469,610
2009,San Diego County,May,16533,377,129,0,373,174,0,16492,1006,47,9,0,21,29,0,1012,506,547,56,50,0,203,394,597,0,138,424,562
2009,San Diego County,June,16544,400,115,0,327,224,4,16504,1004,37,11,0,21,32,1,998,515,555,48,54,5,256,348,609,0,126,437,563
2009,San Diego County,July,16553,452,124,0,322,269,2,16536,993,39,11,0,63,43,1,936,576,593,50,107,3,312,385,700,0,135,491,626
2009,San Diego County,August,16537,290,95,0,416,204,0,16302,935,30,13,0,69,23,0,886,385,620,43,92,0,227,485,712,0,108,320,428
2009,San Diego County,September,16333,410,97,0,339,220,1,16280,856,28,9,0,18,15,0,860,507,560,37,33,1,235,357,593,0,106,438,544
2009,San Diego County,October,16256,477,146,0,365,207,3,16304,857,30,9,0,27,24,0,845,623,575,39,51,3,231,392,626,0,155,507,662
2009,San Diego County,November,16304,231,74,0,316,171,0,16122,845,21,4,0,20,8,0,842,305,487,25,28,0,179,336,515,0,78,252,330
2009,San Diego County,December,16166,297,100,0,244,227,0,16092,837,20,2,0,16,22,0,821,397,471,22,38,0,249,260,509,0,102,317,419
2009,San Francisco County,January,6303,256,8,56,100,17,139,6367,871,22,0,0,15,1,1,876,320,256,22,17,140,18,115,273,56,8,278,342
2009,San Francisco County,February,6367,158,20,23,59,19,105,6385,876,36,2,1,12,1,14,888,201,183,39,27,119,20,71,210,24,22,194,240
2009,San Francisco County,March,6385,226,11,61,74,27,124,6458,888,40,2,3,18,1,22,892,298,225,45,41,146,28,92,266,64,13,266,343
2009,San Francisco County,April,6458,221,2,28,112,35,79,6483,892,31,1,1,19,1,6,899,251,226,33,26,85,36,131,252,29,3,252,284
2009,San Francisco County,May,6483,202,17,43,97,14,64,6570,899,33,0,0,19,3,6,904,262,175,33,28,70,17,116,203,43,17,235,295
2009,San Francisco County,June,6570,137,18,65,117,28,124,6521,904,30,4,27,14,8,32,911,220,269,61,54,156,36,131,323,92,22,167,281
2009,San Francisco County,July,6521,259,9,51,83,10,124,6623,911,31,0,1,22,1,25,895,319,217,32,48,149,11,105,265,52,9,290,351
2009,San Francisco County,August,6623,214,4,76,93,32,89,6703,895,39,0,7,2,5,3,931,294,214,46,10,92,37,95,224,83,4,253,340
2009,San Francisco County,September,6703,211,7,39,74,18,75,6793,931,9,2,0,26,5,7,904,257,167,11,38,82,23,100,205,39,9,220,268
2009,San Francisco County,October,6793,192,15,29,128,28,90,6783,904,21,1,10,10,5,2,919,236,246,32,17,92,33,138,263,39,16,213,268
2009,San Francisco County,November,6783,221,8,68,100,35,116,6829,919,27,0,2,13,1,8,926,297,251,29,22,124,36,113,273,70,8,248,326
2009,San Francisco County,December,6829,241,5,65,93,39,116,6892,926,28,0,0,8,3,6,937,311,248,28,17,122,42,101,265,65,5,269,339
2009,San Joaquin County,January,7681,92,196,49,154,188,8,7668,7073,107,232,6,243,171,0,7004,337,350,345,414,8,359,397,764,55,428,199,682
2009,San Joaquin County,February,7668,109,206,44,167,144,23,7693,7004,120,207,4,230,131,8,6966,359,334,331,369,31,275,397,703,48,413,229,690
2009,San Joaquin County,March,7693,136,191,16,163,117,50,7706,6966,126,202,28,282,142,7,6891,343,330,356,431,57,259,445,761,44,393,262,699
2009,San Joaquin County,April,7706,130,241,43,162,150,7,7801,6891,124,235,7,191,167,2,6897,414,319,366,360,9,317,353,679,50,476,254,780
2009,San Joaquin County,May,7801,122,178,35,136,139,25,7836,6897,112,187,2,195,151,8,6844,335,300,301,354,33,290,331,654,37,365,234,636
2009,San Joaquin County,June,7836,128,218,46,239,174,38,7777,6844,128,248,3,247,177,15,6784,392,451,379,439,53,351,486,890,49,466,256,771
2009,San Joaquin County,July,7777,150,181,37,102,207,31,7805,6784,132,239,10,153,226,6,6780,368,340,381,385,37,433,255,725,47,420,282,749
2009,San Joaquin County,August,7805,121,172,53,268,229,35,7619,6780,114,192,62,195,260,23,6670,346,532,368,478,58,489,463,1010,115,364,235,714
2009,San Joaquin County,September,7619,76,181,56,131,248,37,7516,6670,75,188,43,187,258,19,6512,313,416,306,464,56,506,318,880,99,369,151,619
2009,San Joaquin County,October,7516,99,170,38,141,200,22,7460,6512,240,201,23,145,251,12,6568,307,363,464,408,34,451,286,771,61,371,339,771
2009,San Joaquin County,November,7460,105,145,26,152,181,9,7394,6568,99,152,17,238,248,4,6346,276,342,268,490,13,429,390,832,43,297,204,544
2009,San Joaquin County,December,7394,82,203,32,135,221,14,7341,6346,97,156,12,213,220,11,6167,317,370,265,444,25,441,348,814,44,359,179,582
2009,San Luis Obispo County,January,1950,42,41,0,44,30,1,1958,1225,33,16,0,40,12,2,1220,83,75,49,54,3,42,84,129,0,57,75,132
2009,San Luis Obispo County,February,1958,55,16,0,39,28,2,1960,1220,22,8,0,35,17,2,1196,71,69,30,54,4,45,74,123,0,24,77,101
2009,San Luis Obispo County,March,1960,50,6,0,39,28,6,1943,1196,40,5,0,48,19,1,1173,56,73,45,68,7,47,87,141,0,11,90,101
2009,San Luis Obispo County,April,1943,33,7,0,41,10,1,1931,1173,37,4,0,36,8,0,1170,40,52,41,44,1,18,77,96,0,11,70,81
2009,San Luis Obispo County,May,1931,48,18,0,39,11,3,1944,1170,31,12,0,29,14,0,1170,66,53,43,43,3,25,68,96,0,30,79,109
2009,San Luis Obispo County,June,1944,82,30,0,40,34,0,1982,1170,30,29,0,20,25,1,1183,112,74,59,46,1,59,60,120,0,59,112,171
2009,San Luis Obispo County,July,1982,36,21,0,37,31,0,1971,1183,19,6,0,26,15,0,1167,57,68,25,41,0,46,63,109,0,27,55,82
2009,San Luis Obispo County,August,1971,50,29,0,53,34,0,1963,1167,43,7,0,41,25,0,1151,79,87,50,66,0,59,94,153,0,36,93,129
2009,San Luis Obispo County,September,1963,41,31,0,35,14,0,1986,1151,30,9,0,18,20,0,1152,72,49,39,38,0,34,53,87,0,40,71,111
2009,San Luis Obispo County,October,1986,57,30,0,15,32,0,2026,1152,32,13,0,9,18,0,1170,87,47,45,27,0,50,24,74,0,43,89,132
2009,San Luis Obispo County,November,2026,38,18,0,16,41,0,2025,1170,33,7,0,9,25,0,1176,56,57,40,34,0,66,25,91,0,25,71,96
2009,San Luis Obispo County,December,2025,63,37,0,24,34,0,2067,1176,24,12,0,23,19,0,1170,100,58,36,42,0,53,47,100,0,49,87,136
2009,San Mateo County,January,4896,118,50,0,63,28,0,4973,2153,96,33,0,88,64,0,2130,168,91,129,152,0,92,151,243,0,83,214,297
2009,San Mateo County,February,4973,100,34,0,82,56,1,4968,2130,90,34,0,79,42,0,2133,134,139,124,121,1,98,161,260,0,68,190,258
2009,San Mateo County,March,4968,126,53,0,119,66,0,4962,2133,76,24,0,98,36,0,2099,179,185,100,134,0,102,217,319,0,77,202,279
2009,San Mateo County,April,4962,98,31,0,107,62,0,4922,2099,96,24,0,85,53,1,2080,129,169,120,139,1,115,192,308,0,55,194,249
2009,San Mateo County,May,4922,94,45,0,96,48,0,4917,2080,89,25,0,103,37,1,2053,139,144,114,141,1,85,199,285,0,70,183,253
2009,San Mateo County,June,4917,115,47,0,116,49,0,4914,2053,87,33,0,128,59,0,1986,162,165,120,187,0,108,244,352,0,80,202,282
2009,San Mateo County,July,4914,106,46,0,89,52,0,4925,1986,85,17,0,97,59,1,1931,152,141,102,157,1,111,186,298,0,63,191,254
2009,San Mateo County,August,4925,83,25,0,102,43,1,4887,1931,55,20,0,62,24,0,1920,108,146,75,86,1,67,164,232,0,45,138,183
2009,San Mateo County,September,4887,132,33,0,93,48,0,4911,1920,67,17,0,92,36,0,1876,165,141,84,128,0,84,185,269,0,50,199,249
2009,San Mateo County,October,4911,112,39,0,95,41,0,4926,1876,76,34,0,79,38,0,1869,151,136,110,117,0,79,174,253,0,73,188,261
2009,San Mateo County,November,4926,108,39,0,87,35,0,4951,1869,63,15,0,68,13,0,1866,147,122,78,81,0,48,155,203,0,54,171,225
2009,San Mateo County,December,4951,96,28,0,72,27,0,4976,1866,74,14,0,76,27,0,1851,124,99,88,103,0,54,148,202,0,42,170,212
2009,Santa Barbara County,January,3257,80,2,0,63,53,11,3212,2931,118,5,0,137,55,6,2856,82,127,123,198,17,108,200,325,0,7,198,205
2009,Santa Barbara County,February,3268,86,4,0,62,51,11,3234,2926,128,5,0,170,54,5,2830,90,124,133,229,16,105,232,353,0,9,214,223
2009,Santa Barbara County,March,3277,73,9,0,88,59,11,3201,2874,103,6,0,133,53,5,2792,82,158,109,191,16,112,221,349,0,15,176,191
2009,Santa Barbara County,April,3247,91,7,0,61,74,11,3199,2851,116,3,0,100,66,5,2799,98,146,119,171,16,140,161,317,0,10,207,217
2009,Santa Barbara County,May,3235,68,2,0,70,53,11,3171,2846,121,4,0,148,54,5,2764,70,134,125,207,16,107,218,341,0,6,189,195
2009,Santa Barbara County,June,3216,87,2,0,59,72,11,3163,2835,129,3,0,129,52,6,2780,89,142,132,187,17,124,188,329,0,5,216,221
2009,Santa Barbara County,July,3202,88,2,0,66,69,11,3146,2843,124,2,0,159,68,6,2736,90,146,126,233,17,137,225,379,0,4,212,216
2009,Santa Barbara County,August,3185,77,6,0,67,62,11,3128,2794,134,9,0,127,66,6,2738,83,140,143,199,17,128,194,339,0,15,211,226
2009,Santa Barbara County,September,3184,83,1,0,56,63,11,3138,2821,133,3,0,137,60,6,2754,84,130,136,203,17,123,193,333,0,4,216,220
2009,Santa Barbara County,October,3198,89,1,0,72,68,11,3137,2853,127,1,0,161,59,6,2755,90,151,128,226,17,127,233,377,0,2,216,218
2009,Santa Barbara County,November,3204,56,0,0,67,72,11,3110,2830,127,2,0,138,48,6,2767,56,150,129,192,17,120,205,342,0,2,183,185
2009,Santa Barbara County,December,2623,115,429,0,79,158,11,2919,2188,211,455,0,54,24,6,2770,544,248,666,84,17,182,133,332,0,884,326,1210
2009,Santa Clara County,January,9664,551,203,132,309,244,333,9664,4487,333,184,150,234,192,281,4447,886,886,667,707,614,436,543,1593,282,387,884,1553
2009,Santa Clara County,February,9664,586,302,133,247,204,500,9734,4447,291,223,73,204,144,249,4437,1021,951,587,597,749,348,451,1548,206,525,877,1608
2009,Santa Clara County,March,9734,572,280,120,277,256,452,9721,4437,317,201,75,194,168,261,4407,972,985,593,623,713,424,471,1608,195,481,889,1565
2009,Santa Clara County,April,9721,747,270,157,247,253,732,9663,4407,359,215,235,321,181,405,4309,1174,1232,809,907,1137,434,568,2139,392,485,1106,1983
2009,Santa Clara County,May,9663,634,270,221,270,268,511,9739,4309,342,203,199,264,158,373,4258,1125,1049,744,795,884,426,534,1844,420,473,976,1869
2009,Santa Clara County,June,9739,628,251,166,328,301,524,9631,4258,291,176,205,304,191,333,4102,1045,1153,672,828,857,492,632,1981,371,427,919,1717
2009,Santa Clara County,July,9631,604,293,225,314,341,536,9562,4102,280,228,203,265,185,336,4027,1122,1191,711,786,872,526,579,1977,428,521,884,1833
2009,Santa Clara County,August,9562,536,228,216,254,262,484,9542,4027,269,170,220,199,162,298,4027,980,1000,659,659,782,424,453,1659,436,398,805,1639
2009,Santa Clara County,September,9542,474,271,213,289,281,435,9495,4027,280,167,185,207,207,315,3930,958,1005,632,729,750,488,496,1734,398,438,754,1590
2009,Santa Clara County,October,9495,569,201,158,221,265,495,9442,3930,249,209,240,214,234,304,3876,928,981,698,752,799,499,435,1733,398,410,818,1626
2009,Santa Clara County,November,9442,451,222,170,243,226,395,9421,3876,227,195,150,189,174,270,3815,843,864,572,633,665,400,432,1497,320,417,678,1415
2009,Santa Clara County,December,9421,621,269,164,265,259,566,9385,3815,309,201,189,191,214,317,3792,1054,1090,699,722,883,473,456,1812,353,470,930,1753
2009,Santa Cruz County,January,2938,41,34,0,52,18,0,2943,1663,43,21,0,39,13,0,1675,75,70,64,52,0,31,91,122,0,55,84,139
2009,Santa Cruz County,February,2943,33,23,0,29,12,0,2958,1675,30,15,0,28,10,0,1682,56,41,45,38,0,22,57,79,0,38,63,101
2009,Santa Cruz County,March,2958,47,26,0,39,15,0,2977,1682,35,17,0,26,5,0,1703,73,54,52,31,0,20,65,85,0,43,82,125
2009,Santa Cruz County,April,2977,31,31,0,43,13,0,2983,1703,29,20,0,22,14,0,1716,62,56,49,36,0,27,65,92,0,51,60,111
2009,Santa Cruz County,May,2983,45,23,0,39,13,0,2999,1716,50,12,0,30,8,0,1740,68,52,62,38,0,21,69,90,0,35,95,130
2009,Santa Cruz County,June,2999,48,22,0,37,6,0,3026,1740,45,16,0,33,7,0,1761,70,43,61,40,0,13,70,83,0,38,93,131
2009,Santa Cruz County,July,3026,42,32,0,34,25,0,3041,1761,42,29,0,16,6,0,1810,74,59,71,22,0,31,50,81,0,61,84,145
2009,Santa Cruz County,August,3041,29,24,0,38,16,0,3040,1810,38,20,0,39,8,0,1821,53,54,58,47,0,24,77,101,0,44,67,111
2009,Santa Cruz County,September,3040,31,30,0,39,15,0,3047,1821,32,11,0,25,20,0,1819,61,54,43,45,0,35,64,99,0,41,63,104
2009,Santa Cruz County,October,3047,39,34,0,31,15,0,3074,1819,35,31,0,11,3,0,1871,73,46,66,14,0,18,42,60,0,65,74,139
2009,Santa Cruz County,November,3074,32,34,0,21,8,0,3111,1871,38,31,0,25,7,0,1908,66,29,69,32,0,15,46,61,0,65,70,135
2009,Santa Cruz County,December,3111,48,25,0,34,8,0,3142,1908,38,19,0,26,4,0,1935,73,42,57,30,0,12,60,72,0,44,86,130
2009,Shasta County,January,2766,87,62,4,46,62,0,2811,422,16,3,0,8,0,0,433,153,108,19,8,0,62,54,116,4,65,103,172
2009,Shasta County,February,2811,43,32,2,34,32,0,2822,433,15,6,0,1,0,0,453,77,66,21,1,0,32,35,67,2,38,58,98
2009,Shasta County,March,2822,67,22,4,47,22,0,2846,453,18,8,0,23,0,0,456,93,69,26,23,0,22,70,92,4,30,85,119
2009,Shasta County,April,2846,75,20,2,36,20,0,2887,456,23,8,0,42,0,0,445,97,56,31,42,0,20,78,98,2,28,98,128
2009,Shasta County,May,2887,64,28,0,36,28,0,2915,445,16,3,0,12,0,0,452,92,64,19,12,0,28,48,76,0,31,80,111
2009,Shasta County,June,2915,80,50,5,26,50,0,2974,452,23,2,0,47,0,0,430,135,76,25,47,0,50,73,123,5,52,103,160
2009,Shasta County,July,2974,65,25,0,59,25,0,2980,430,14,0,0,9,0,0,435,90,84,14,9,0,25,68,93,0,25,79,104
2009,Shasta County,August,2980,56,24,1,21,24,0,3016,435,14,23,0,4,0,0,468,81,45,37,4,0,24,25,49,1,47,70,118
2009,Shasta County,September,3016,62,13,1,28,13,0,3051,468,10,9,0,30,0,0,457,76,41,19,30,0,13,58,71,1,22,72,95
2009,Shasta County,October,3051,47,11,1,146,11,0,2953,457,9,4,0,42,0,0,428,59,157,13,42,0,11,188,199,1,15,56,72
2009,Shasta County,November,2953,56,22,2,100,22,0,2911,428,9,2,0,12,0,0,427,80,122,11,12,0,22,112,134,2,24,65,91
2009,Shasta County,December,2911,31,23,3,26,23,0,2919,427,23,3,0,6,0,0,447,57,49,26,6,0,23,32,55,3,26,54,83
2009,Sierra County,January,51,0,0,0,2,0,0,49,43,0,0,0,0,0,0,43,0,2,0,0,0,0,2,2,0,0,0,0
2009,Sierra County,February,49,2,0,0,0,0,0,51,43,1,0,0,1,0,0,43,2,0,1,1,0,0,1,1,0,0,3,3
2009,Sierra County,March,51,1,0,0,1,0,0,51,43,0,0,0,1,0,1,41,1,1,0,2,1,0,2,3,0,0,1,1
2009,Sierra County,April,51,3,0,0,1,0,0,53,41,0,0,0,1,0,0,40,3,1,0,1,0,0,2,2,0,0,3,3
2009,Sierra County,May,53,1,1,0,0,1,0,54,40,2,0,0,0,0,0,42,2,1,2,0,0,1,0,1,0,1,3,4
2009,Sierra County,June,54,1,0,0,0,0,0,55,42,0,0,0,0,0,0,42,1,0,0,0,0,0,0,0,0,0,1,1
2009,Sierra County,July,55,0,0,0,0,0,0,55,42,1,0,0,1,0,0,42,0,0,1,1,0,0,1,1,0,0,1,1
2009,Sierra County,August,55,0,0,0,0,1,0,54,42,0,0,0,0,0,0,42,0,1,0,0,0,1,0,1,0,0,0,0
2009,Sierra County,September,54,0,0,0,2,0,0,52,42,0,0,0,1,0,0,41,0,2,0,1,0,0,3,3,0,0,0,0
2009,Sierra County,October,52,2,0,0,0,0,0,54,41,0,0,0,1,0,0,40,2,0,0,1,0,0,1,1,0,0,2,2
2009,Sierra County,November,54,0,0,0,0,0,0,54,40,0,0,0,0,0,0,40,0,0,0,0,0,0,0,0,0,0,0,0
2009,Sierra County,December,54,1,0,0,2,2,22,29,40,0,0,0,2,0,27,11,1,26,0,29,49,2,4,55,0,0,1,1
2009,Siskiyou County,January,547,8,3,9,8,8,5,546,0,0,0,0,0,0,0,0,20,21,0,0,5,8,8,21,9,3,8,20
2009,Siskiyou County,February,546,9,4,3,10,5,6,541,0,0,0,0,0,0,0,0,16,21,0,0,6,5,10,21,3,4,9,16
2009,Siskiyou County,March,541,13,8,0,5,9,3,545,0,0,0,0,0,0,0,0,21,17,0,0,3,9,5,17,0,8,13,21
2009,Siskiyou County,April,545,20,7,6,13,10,1,554,0,0,0,0,0,0,0,0,33,24,0,0,1,10,13,24,6,7,20,33
2009,Siskiyou County,May,554,15,6,2,12,8,2,555,0,0,0,0,0,0,0,0,23,22,0,0,2,8,12,22,2,6,15,23
2009,Siskiyou County,June,555,11,3,0,7,8,13,541,0,0,0,0,0,0,0,0,14,28,0,0,13,8,7,28,0,3,11,14
2009,Siskiyou County,July,541,14,4,4,4,5,2,552,0,0,0,0,0,0,0,0,22,11,0,0,2,5,4,11,4,4,14,22
2009,Siskiyou County,August,552,18,9,10,6,11,1,571,0,0,0,0,0,0,0,0,37,18,0,0,1,11,6,18,10,9,18,37
2009,Siskiyou County,September,571,13,13,0,6,6,4,581,0,0,0,0,0,0,0,0,26,16,0,0,4,6,6,16,0,13,13,26
2009,Siskiyou County,October,581,11,2,1,9,7,2,577,0,0,0,0,0,0,0,0,14,18,0,0,2,7,9,18,1,2,11,14
2009,Siskiyou County,November,577,22,6,14,2,6,0,611,0,0,0,0,0,0,0,0,42,8,0,0,0,6,2,8,14,6,22,42
2009,Siskiyou County,December,611,9,4,0,9,9,14,592,0,0,0,0,0,0,0,0,13,32,0,0,14,9,9,32,0,4,9,13
2009,Solano County,January,3281,88,0,0,66,31,0,3272,1095,28,0,0,36,12,3,1072,88,97,28,51,3,43,102,148,0,0,116,116
2009,Solano County,February,3261,88,2,0,57,24,5,3265,1071,23,1,0,31,4,4,1056,90,86,24,39,9,28,88,125,0,3,111,114
2009,Solano County,March,3255,84,0,0,58,43,3,3235,1066,31,0,0,27,7,4,1059,84,104,31,38,7,50,85,142,0,0,115,115
2009,Solano County,April,3248,91,0,0,74,30,4,3231,1073,34,0,0,49,3,4,1051,91,108,34,56,8,33,123,164,0,0,125,125
2009,Solano County,May,3203,69,0,0,67,29,3,3173,1062,22,0,0,39,6,0,1039,69,99,22,45,3,35,106,144,0,0,91,91
2009,Solano County,June,3171,98,0,0,55,35,5,3174,1054,26,0,0,47,14,2,1017,98,95,26,63,7,49,102,158,0,0,124,124
2009,Solano County,July,3172,74,0,0,53,27,5,3161,1018,30,0,0,20,6,3,1019,74,85,30,29,8,33,73,114,0,0,104,104
2009,Solano County,August,3155,80,0,0,66,26,1,3142,1018,27,0,0,24,1,3,1017,80,93,27,28,4,27,90,121,0,0,107,107
2009,Solano County,September,3133,85,0,0,71,18,2,3127,1017,20,0,0,24,8,4,1001,85,91,20,36,6,26,95,127,0,0,105,105
2009,Solano County,October,3107,95,0,0,60,11,3,3128,1002,18,0,0,17,5,3,995,95,74,18,25,6,16,77,99,0,0,113,113
2009,Solano County,November,3082,101,1,0,69,39,6,3070,995,17,1,0,23,4,3,983,102,114,18,30,9,43,92,144,0,2,118,120
2009,Solano County,December,3053,81,0,0,49,15,2,3068,955,17,0,0,20,5,3,944,81,66,17,28,5,20,69,94,0,0,98,98
2009,Sonoma County,January,2097,88,62,1,72,67,3,2106,832,24,19,0,21,23,49,782,151,142,43,93,52,90,93,235,1,81,112,194
2009,Sonoma County,February,2115,95,64,0,65,68,4,2137,791,33,24,2,33,24,12,781,159,137,59,69,16,92,98,206,2,88,128,218
2009,Sonoma County,March,2136,101,82,2,76,52,6,2187,786,40,30,4,22,23,18,797,185,134,74,63,24,75,98,197,6,112,141,259
2009,Sonoma County,April,2178,119,78,3,62,69,6,2241,808,34,19,0,19,24,6,812,200,137,53,49,12,93,81,186,3,97,153,253
2009,Sonoma County,May,2243,104,50,0,65,71,4,2257,818,22,17,2,28,28,3,800,154,140,41,59,7,99,93,199,2,67,126,195
2009,Sonoma County,June,2253,112,56,3,72,75,4,2273,803,30,26,0,24,22,13,800,171,151,56,59,17,97,96,210,3,82,142,227
2009,Sonoma County,July,2261,76,64,1,55,73,7,2267,816,24,20,2,33,27,21,781,141,135,46,81,28,100,88,216,3,84,100,187
2009,Sonoma County,August,2267,99,73,0,88,73,3,2275,787,38,24,2,26,28,23,774,172,164,64,77,26,101,114,241,2,97,137,236
2009,Sonoma County,September,2270,113,59,1,59,77,7,2300,779,30,29,2,22,28,15,775,173,143,61,65,22,105,81,208,3,88,143,234
2009,Sonoma County,October,2294,109,77,3,70,60,6,2347,780,28,25,3,23,17,14,782,189,136,56,54,20,77,93,190,6,102,137,245
2009,Sonoma County,November,2342,80,47,3,57,61,1,2353,792,22,27,2,28,27,10,778,130,119,51,65,11,88,85,184,5,74,102,181
2009,Sonoma County,December,2350,99,69,1,69,76,3,2371,782,23,17,2,33,22,3,766,169,148,42,58,6,98,102,206,3,86,122,211
2009,Stanislaus County,January,4347,94,61,2,136,105,18,4245,292,0,0,0,1,0,0,291,157,259,0,1,18,105,137,260,2,61,94,157
2009,Stanislaus County,February,4245,117,72,3,113,88,7,4229,291,1,0,0,0,0,0,292,192,208,1,0,7,88,113,208,3,72,118,193
2009,Stanislaus County,March,4229,139,64,3,128,115,11,4181,292,3,1,0,1,0,0,295,206,254,4,1,11,115,129,255,3,65,142,210
2009,Stanislaus County,April,4181,92,77,7,145,112,10,4090,295,0,1,3,0,0,0,299,176,267,4,0,10,112,145,267,10,78,92,180
2009,Stanislaus County,May,4090,87,72,4,133,101,14,4005,299,0,0,0,0,0,0,299,163,248,0,0,14,101,133,248,4,72,87,163
2009,Stanislaus County,June,4005,100,64,6,124,105,4,3942,299,2,0,0,0,0,0,301,170,233,2,0,4,105,124,233,6,64,102,172
2009,Stanislaus County,July,3942,94,82,7,140,115,9,3861,301,0,0,0,0,0,0,301,183,264,0,0,9,115,140,264,7,82,94,183
2009,Stanislaus County,August,3861,138,89,3,132,88,6,3865,301,0,0,0,0,0,0,301,230,226,0,0,6,88,132,226,3,89,138,230
2009,Stanislaus County,September,3865,105,77,7,138,85,6,3825,301,1,0,0,0,0,0,302,189,229,1,0,6,85,138,229,7,77,106,190
2009,Stanislaus County,October,3825,110,68,21,106,85,14,3819,302,0,0,0,0,0,0,302,199,205,0,0,14,85,106,205,21,68,110,199
2009,Stanislaus County,November,3819,105,118,9,135,149,36,3731,302,3,3,0,1,0,0,307,232,320,6,1,36,149,136,321,9,121,108,238
2009,Stanislaus County,December,3731,130,141,48,43,173,20,3814,307,2,0,0,0,0,0,309,319,236,2,0,20,173,43,236,48,141,132,321
2009,Sutter County,January,935,27,13,0,3,14,17,941,45,1,3,0,1,1,0,47,40,34,4,2,17,15,4,36,0,16,28,44
2009,Sutter County,February,941,27,11,1,1,11,13,955,47,2,0,0,1,1,1,46,39,25,2,3,14,12,2,28,1,11,29,41
2009,Sutter County,March,955,30,10,0,0,14,15,966,46,3,0,0,3,0,0,46,40,29,3,3,15,14,3,32,0,10,33,43
2009,Sutter County,April,966,24,10,0,3,28,9,960,46,2,0,0,1,0,0,47,34,40,2,1,9,28,4,41,0,10,26,36
2009,Sutter County,May,960,18,17,0,5,21,12,957,47,4,0,0,1,0,0,50,35,38,4,1,12,21,6,39,0,17,22,39
2009,Sutter County,June,957,41,9,0,3,18,17,969,50,1,0,0,5,1,1,44,50,38,1,7,18,19,8,45,0,9,42,51
2009,Sutter County,July,969,15,6,0,2,14,16,958,44,1,0,0,0,1,0,44,21,32,1,1,16,15,2,33,0,6,16,22
2009,Sutter County,August,958,23,9,0,0,12,11,967,44,2,0,0,1,0,0,45,32,23,2,1,11,12,1,24,0,9,25,34
2009,Sutter County,September,967,19,8,0,3,18,12,961,45,3,1,0,5,0,0,44,27,33,4,5,12,18,8,38,0,9,22,31
2009,Sutter County,October,961,24,15,0,1,12,9,978,44,1,0,0,1,1,0,43,39,22,1,2,9,13,2,24,0,15,25,40
2009,Sutter County,November,978,22,6,0,4,7,9,986,43,1,0,0,3,0,0,41,28,20,1,3,9,7,7,23,0,6,23,29
2009,Sutter County,December,986,19,2,0,1,14,11,981,41,1,0,0,0,2,0,40,21,26,1,2,11,16,1,28,0,2,20,22
2009,Tehama County,January,421,7,0,4,1,0,0,431,165,0,0,0,2,0,3,160,11,1,0,5,3,0,3,6,4,0,7,11
2009,Tehama County,February,431,4,0,29,0,0,0,464,160,0,0,5,0,0,0,165,33,0,5,0,0,0,0,0,34,0,4,38
2009,Tehama County,March,464,2,0,26,0,0,3,489,165,0,0,10,1,0,0,174,28,3,10,1,3,0,1,4,36,0,2,38
2009,Tehama County,April,489,28,0,56,2,0,10,561,174,3,0,17,1,0,46,147,84,12,20,47,56,0,3,59,73,0,31,104
2009,Tehama County,May,561,5,2,2,6,0,3,561,147,0,0,0,2,0,0,145,9,9,0,2,3,0,8,11,2,2,5,9
2009,Tehama County,June,561,12,2,1,26,7,143,400,145,4,0,4,1,1,48,103,15,176,8,50,191,8,27,226,5,2,16,23
2009,Tehama County,July,400,5,0,0,8,2,1,394,103,0,0,0,4,0,2,97,5,11,0,6,3,2,12,17,0,0,5,5
2009,Tehama County,August,394,7,0,0,5,0,2,394,97,0,0,0,0,0,0,97,7,7,0,0,2,0,5,7,0,0,7,7
2009,Tehama County,September,394,8,0,0,7,3,1,391,97,0,0,0,0,0,12,85,8,11,0,12,13,3,7,23,0,0,8,8
2009,Tehama County,October,391,24,1,4,6,0,0,414,85,0,0,8,12,15,1,65,29,6,8,28,1,15,18,34,12,1,24,37
2009,Tehama County,November,414,5,0,1,4,0,8,408,65,3,0,0,6,2,15,45,6,12,3,23,23,2,10,35,1,0,8,9
2009,Tehama County,December,408,36,3,5,17,2,28,405,45,2,0,0,6,0,3,38,44,47,2,9,31,2,23,56,5,3,38,46
2009,Trinity County,January,318,3,0,5,5,0,1,320,4,0,0,0,0,0,0,4,8,6,0,0,1,0,5,6,5,0,3,8
2009,Trinity County,February,320,2,0,0,3,0,1,318,4,3,0,0,0,0,0,7,2,4,3,0,1,0,3,4,0,0,5,5
2009,Trinity County,March,318,6,0,1,8,0,3,314,7,0,0,0,1,0,0,6,7,11,0,1,3,0,9,12,1,0,6,7
2009,Trinity County,April,314,9,0,2,0,0,1,324,6,1,0,0,0,0,0,7,11,1,1,0,1,0,0,1,2,0,10,12
2009,Trinity County,May,324,10,0,1,0,0,9,326,7,0,0,0,0,0,0,7,11,9,0,0,9,0,0,9,1,0,10,11
2009,Trinity County,June,326,6,0,0,5,0,3,324,7,0,0,0,0,0,0,7,6,8,0,0,3,0,5,8,0,0,6,6
2009,Trinity County,July,324,7,0,1,3,0,4,325,7,0,0,0,0,0,0,7,8,7,0,0,4,0,3,7,1,0,7,8
2009,Trinity County,August,325,2,0,4,2,2,3,324,7,0,0,0,0,0,0,7,6,7,0,0,3,2,2,7,4,0,2,6
2009,Trinity County,September,324,2,0,1,4,0,0,323,7,0,0,0,0,0,0,7,3,4,0,0,0,0,4,4,1,0,2,3
2009,Trinity County,October,323,8,0,0,2,0,4,325,7,1,0,0,1,0,0,7,8,6,1,1,4,0,3,7,0,0,9,9
2009,Trinity County,November,325,4,0,1,8,0,3,319,7,0,0,0,0,0,0,7,5,11,0,0,3,0,8,11,1,0,4,5
2009,Trinity County,December,319,3,0,1,1,0,2,320,7,1,0,0,0,0,0,8,4,3,1,0,2,0,1,3,1,0,4,5
2009,Tulare County,January,4238,192,73,23,12,40,178,4296,0,0,0,0,0,0,0,0,288,230,0,0,178,40,12,230,23,73,192,288
2009,Tulare County,February,4296,173,71,4,17,46,139,4342,0,0,0,0,0,0,0,0,248,202,0,0,139,46,17,202,4,71,173,248
2009,Tulare County,March,4342,347,88,16,32,65,206,4490,0,0,0,0,0,0,0,0,451,303,0,0,206,65,32,303,16,88,347,451
2009,Tulare County,April,4490,248,53,13,17,44,141,4602,0,0,0,0,0,0,0,0,314,202,0,0,141,44,17,202,13,53,248,314
2009,Tulare County,May,4602,192,57,17,10,62,97,4699,0,0,0,0,0,0,0,0,266,169,0,0,97,62,10,169,17,57,192,266
2009,Tulare County,June,4699,174,72,5,13,62,103,4772,0,0,0,0,0,0,0,0,251,178,0,0,103,62,13,178,5,72,174,251
2009,Tulare County,July,4772,196,49,4,7,39,104,4871,0,0,0,0,0,0,0,0,249,150,0,0,104,39,7,150,4,49,196,249
2009,Tulare County,August,4871,101,30,11,3,44,122,4844,0,0,0,0,0,0,0,0,142,169,0,0,122,44,3,169,11,30,101,142
2009,Tulare County,September,4844,171,42,5,20,78,180,4784,0,0,0,0,0,0,0,0,218,278,0,0,180,78,20,278,5,42,171,218
2009,Tulare County,October,4784,206,57,6,32,87,156,4778,0,0,0,0,0,0,0,0,269,275,0,0,156,87,32,275,6,57,206,269
2009,Tulare County,November,4778,96,39,2,18,6,119,4772,0,0,0,0,0,0,0,0,137,143,0,0,119,6,18,143,2,39,96,137
2009,Tulare County,December,4772,121,26,1,12,3,103,4802,0,0,0,0,0,0,0,0,148,118,0,0,103,3,12,118,1,26,121,148
2009,Tuolumne County,January,1005,39,21,0,16,16,22,1011,1249,49,45,0,35,38,3,1267,60,54,94,76,25,54,51,130,0,66,88,154
2009,Tuolumne County,February,1011,22,25,0,23,21,11,1003,1267,31,35,0,55,29,1,1248,47,55,66,85,12,50,78,140,0,60,53,113
2009,Tuolumne County,March,1003,23,23,0,35,19,11,984,1248,43,45,0,54,42,4,1236,46,65,88,100,15,61,89,165,0,68,66,134
2009,Tuolumne County,April,984,0,21,24,6,35,10,978,1236,19,22,0,21,31,0,1225,45,51,41,52,10,66,27,103,24,43,19,86
2009,Tuolumne County,May,978,25,11,0,9,13,2,990,1225,25,24,0,15,25,0,1234,36,24,49,40,2,38,24,64,0,35,50,85
2009,Tuolumne County,June,990,14,27,0,8,23,9,991,1234,6,22,0,15,38,1,1208,41,40,28,54,10,61,23,94,0,49,20,69
2009,Tuolumne County,July,991,50,21,0,9,5,25,1023,1208,31,25,0,50,21,2,1191,71,39,56,73,27,26,59,112,0,46,81,127
2009,Tuolumne County,August,1023,31,13,0,23,14,0,1030,1191,36,22,0,18,23,0,1208,44,37,58,41,0,37,41,78,0,35,67,102
2009,Tuolumne County,September,1030,18,8,0,5,7,1,1043,1208,24,16,0,2,19,0,1227,26,13,40,21,1,26,7,34,0,24,42,66
2009,Tuolumne County,October,1043,31,22,0,3,22,27,1044,1227,19,17,0,7,21,2,1233,53,52,36,30,29,43,10,82,0,39,50,89
2009,Tuolumne County,November,1044,27,12,0,53,10,19,1001,1233,106,25,0,112,10,6,1236,39,82,131,128,25,20,165,210,0,37,133,170
2009,Tuolumne County,December,1001,32,13,0,16,11,13,1006,1236,8,11,0,27,11,0,1217,45,40,19,38,13,22,43,78,0,24,40,64
2009,Ventura County,January,5023,92,32,0,46,30,0,5071,15622,475,48,0,46,236,0,15863,124,76,523,282,0,266,92,358,0,80,567,647
2009,Ventura County,February,5071,105,17,0,63,7,0,5123,15863,339,50,0,39,402,0,15811,122,70,389,441,0,409,102,511,0,67,444,511
2009,Ventura County,March,4522,95,20,0,48,73,0,4516,14175,348,49,0,57,327,0,14188,115,121,397,384,0,400,105,505,0,69,443,512
2009,Ventura County,April,4516,119,17,0,56,46,0,4550,14188,367,58,0,27,0,0,14586,136,102,425,27,0,46,83,129,0,75,486,561
2009,Ventura County,May,4488,95,15,0,44,130,0,4424,14467,384,38,0,65,222,0,14602,110,174,422,287,0,352,109,461,0,53,479,532
2009,Ventura County,June,4416,99,11,0,38,7,0,4481,14580,417,34,0,54,91,0,14886,110,45,451,145,0,98,92,190,0,45,516,561
2009,Ventura County,July,4452,102,21,0,39,87,0,4449,14729,509,31,0,39,277,0,14953,123,126,540,316,0,364,78,442,0,52,611,663
2009,Ventura County,August,4437,110,19,0,47,8,0,4511,14933,468,43,0,30,139,0,15275,129,55,511,169,0,147,77,224,0,62,578,640
2009,Ventura County,September,4485,106,20,0,28,83,0,4500,15143,423,29,0,40,147,0,15408,126,111,452,187,0,230,68,298,0,49,529,578
2009,Ventura County,October,4454,111,20,0,34,59,0,4492,15327,390,41,0,48,124,0,15586,131,93,431,172,0,183,82,265,0,61,501,562
2009,Ventura County,November,4471,84,136,0,52,0,0,4639,15525,337,30,0,27,85,0,15780,220,52,367,112,0,85,79,164,0,166,421,587
2009,Ventura County,December,4623,93,16,0,31,7,0,4694,15562,340,24,0,41,216,0,15669,109,38,364,257,0,223,72,295,0,40,433,473
2009,Yolo County,January,3207,72,48,0,137,21,0,3169,0,0,0,0,0,0,0,0,120,158,0,0,0,21,137,158,0,48,72,120
2009,Yolo County,February,3169,61,37,0,65,39,0,3163,0,0,0,0,0,0,0,0,98,104,0,0,0,39,65,104,0,37,61,98
2009,Yolo County,March,3163,52,56,0,107,41,0,3123,0,0,0,0,0,0,0,0,108,148,0,0,0,41,107,148,0,56,52,108
2009,Yolo County,April,3123,71,41,0,64,40,0,3131,0,0,0,0,0,0,0,0,112,104,0,0,0,40,64,104,0,41,71,112
2009,Yolo County,May,3131,72,42,0,54,39,0,3152,0,0,0,0,0,0,0,0,114,93,0,0,0,39,54,93,0,42,72,114
2009,Yolo County,June,3152,63,49,0,41,30,0,3193,0,0,0,0,0,0,0,0,112,71,0,0,0,30,41,71,0,49,63,112
2009,Yolo County,July,3193,71,54,0,45,28,0,3245,0,0,0,0,0,0,0,0,125,73,0,0,0,28,45,73,0,54,71,125
2009,Yolo County,August,3245,52,30,0,50,34,0,3243,0,0,0,0,0,0,0,0,82,84,0,0,0,34,50,84,0,30,52,82
2009,Yolo County,September,3243,47,31,0,27,25,0,3269,0,0,0,0,0,0,0,0,78,52,0,0,0,25,27,52,0,31,47,78
2009,Yolo County,October,3269,45,28,0,57,33,0,3252,0,0,0,0,0,0,0,0,73,90,0,0,0,33,57,90,0,28,45,73
2009,Yolo County,November,3252,30,20,0,47,26,0,3229,0,0,0,0,0,0,0,0,50,73,0,0,0,26,47,73,0,20,30,50
2009,Yolo County,December,3229,27,18,0,39,18,0,3217,0,0,0,0,0,0,0,0,45,57,0,0,0,18,39,57,0,18,27,45
2009,Yuba County,January,1430,25,11,5,15,4,5,1447,746,10,8,3,5,2,8,752,41,24,21,15,13,6,20,39,8,19,35,62
2009,Yuba County,February,1447,22,10,3,17,6,3,1456,752,6,2,3,10,8,3,742,35,26,11,21,6,14,27,47,6,12,28,46
2009,Yuba County,March,1456,29,10,5,7,2,7,1484,742,11,4,1,7,5,15,731,44,16,16,27,22,7,14,43,6,14,40,60
2009,Yuba County,April,1484,16,8,11,15,8,8,1488,731,3,2,2,4,2,1,731,35,31,7,7,9,10,19,38,13,10,19,42
2009,Yuba County,May,1488,22,12,5,6,7,13,1501,731,8,6,3,3,4,5,736,39,26,17,12,18,11,9,38,8,18,30,56
2009,Yuba County,June,1501,27,9,12,11,6,8,1524,736,6,5,4,3,6,7,735,48,25,15,16,15,12,14,41,16,14,33,63
2009,Yuba County,July,1524,21,8,3,12,11,8,1525,735,4,2,0,3,6,4,728,32,31,6,13,12,17,15,44,3,10,25,38
2009,Yuba County,August,1525,26,4,4,9,5,11,1534,728,4,3,2,7,4,6,720,34,25,9,17,17,9,16,42,6,7,30,43
2009,Yuba County,September,1534,30,6,5,11,12,5,1547,720,9,4,1,6,9,2,717,41,28,14,17,7,21,17,45,6,10,39,55
2009,Yuba County,October,1547,38,13,1,3,10,8,1578,717,9,4,2,9,6,5,712,52,21,15,20,13,16,12,41,3,17,47,67
2009,Yuba County,November,1578,12,3,6,9,5,5,1580,712,10,5,4,2,9,2,718,21,19,19,13,7,14,11,32,10,8,22,40
2009,Yuba County,December,1580,16,6,6,15,13,2,1578,718,9,5,2,9,4,3,718,28,30,16,16,5,17,24,46,8,11,25,44
2010,Alameda County,January,14834,231,147,0,186,84,167,14775,714,10,1,9,10,7,9,708,378,437,20,26,176,91,196,463,9,148,241,398
2010,Alameda County,February,14775,232,164,0,182,112,107,14770,708,10,3,9,4,10,15,701,396,401,22,29,122,122,186,430,9,167,242,418
2010,Alameda County,March,14770,330,158,0,255,145,199,14659,701,23,3,14,11,12,38,680,488,599,40,61,237,157,266,660,14,161,353,528
2010,Alameda County,April,14659,263,183,0,240,110,193,14562,680,19,7,0,6,6,51,643,446,543,26,63,244,116,246,606,0,190,282,472
2010,Alameda County,May,14562,239,131,0,185,86,80,14581,643,10,1,0,8,34,52,560,370,351,11,94,132,120,193,445,0,132,249,381
2010,Alameda County,June,14581,289,166,0,265,99,158,14514,560,11,3,11,6,15,13,551,455,522,25,34,171,114,271,556,11,169,300,480
2010,Alameda County,July,14514,272,161,0,183,97,131,14536,551,11,2,0,11,10,13,530,433,411,13,34,144,107,194,445,0,163,283,446
2010,Alameda County,August,14536,341,193,0,232,112,324,14402,530,5,4,0,8,9,6,516,534,668,9,23,330,121,240,691,0,197,346,543
2010,Alameda County,September,14402,285,115,0,208,85,150,14359,516,4,5,0,7,4,3,511,400,443,9,14,153,89,215,457,0,120,289,409
2010,Alameda County,October,14359,222,123,0,192,92,170,14250,511,4,4,0,8,2,4,505,345,454,8,14,174,94,200,468,0,127,226,353
2010,Alameda County,November,14250,240,126,0,178,78,149,14211,505,4,5,2,7,1,3,505,366,405,11,11,152,79,185,416,2,131,244,377
2010,Alameda County,December,14211,205,153,0,199,73,129,14168,505,2,2,6,6,0,4,505,358,401,10,10,133,73,205,411,6,155,207,368
2010,Alpine County,January,4,0,1,0,0,0,0,5,25,0,0,0,0,0,0,25,1,0,0,0,0,0,0,0,0,1,0,1
2010,Alpine County,February,5,0,1,0,1,1,0,4,25,0,0,0,0,2,0,23,1,2,0,2,0,3,1,4,0,1,0,1
2010,Alpine County,March,4,0,0,0,0,1,0,3,23,0,1,0,2,3,1,18,0,1,1,6,1,4,2,7,0,1,0,1
2010,Alpine County,April,3,2,0,1,0,0,0,6,18,0,0,0,2,1,0,15,3,0,0,3,0,1,2,3,1,0,2,3
2010,Alpine County,May,6,1,0,0,0,1,0,6,15,1,0,0,1,2,0,13,1,1,1,3,0,3,1,4,0,0,2,2
2010,Alpine County,June,6,0,0,0,0,0,0,6,13,0,0,0,0,0,0,13,0,0,0,0,0,0,0,0,0,0,0,0
2010,Alpine County,July,6,1,0,1,0,0,0,8,13,0,0,0,0,0,0,13,2,0,0,0,0,0,0,0,1,0,1,2
2010,Alpine County,August,8,0,0,0,0,0,0,8,13,0,2,0,1,2,0,12,0,0,2,3,0,2,1,3,0,2,0,2
2010,Alpine County,September,8,0,2,9,4,0,0,15,12,0,0,10,4,0,0,18,11,4,10,4,0,0,8,8,19,2,0,21
2010,Alpine County,October,15,0,1,0,1,1,0,14,18,1,0,0,0,1,0,18,1,2,1,1,0,2,1,3,0,1,1,2
2010,Alpine County,November,14,2,2,0,0,2,0,16,18,1,0,1,0,0,0,20,4,2,2,0,0,2,0,2,1,2,3,6
2010,Alpine County,December,16,0,0,0,0,0,0,16,20,1,0,0,3,1,0,17,0,0,1,4,0,1,3,4,0,0,1,1
2010,Amador County,January,301,12,15,0,27,17,0,284,618,27,3,0,35,6,0,607,27,44,30,41,0,23,62,85,0,18,39,57
2010,Amador County,February,284,5,7,0,14,5,0,277,607,35,10,0,37,11,0,604,12,19,45,48,0,16,51,67,0,17,40,57
2010,Amador County,March,277,13,9,0,16,12,0,271,604,33,6,0,46,10,0,587,22,28,39,56,0,22,62,84,0,15,46,61
2010,Amador County,April,271,5,5,0,24,8,0,249,587,22,9,0,33,7,0,578,10,32,31,40,0,15,57,72,0,14,27,41
2010,Amador County,May,249,5,9,0,11,12,0,240,578,40,8,0,42,15,0,569,14,23,48,57,0,27,53,80,0,17,45,62
2010,Amador County,June,240,13,8,0,15,14,0,232,569,36,17,0,25,16,0,581,21,29,53,41,0,30,40,70,0,25,49,74
2010,Amador County,July,232,9,6,0,5,10,0,232,581,35,3,0,54,12,0,553,15,15,38,66,0,22,59,81,0,9,44,53
2010,Amador County,August,232,11,7,0,9,20,0,221,553,39,4,0,60,15,0,521,18,29,43,75,0,35,69,104,0,11,50,61
2010,Amador County,September,221,18,9,0,16,12,0,220,521,22,1,0,33,1,0,510,27,28,23,34,0,13,49,62,0,10,40,50
2010,Amador County,October,220,13,10,0,9,21,0,213,510,29,5,0,48,10,0,486,23,30,34,58,0,31,57,88,0,15,42,57
2010,Amador County,November,213,9,11,0,10,9,0,214,486,52,1,0,38,6,0,495,20,19,53,44,0,15,48,63,0,12,61,73
2010,Amador County,December,214,12,17,0,15,9,0,219,495,35,5,0,36,7,0,492,29,24,40,43,0,16,51,67,0,22,47,69
2010,Butte County,January,1495,42,28,0,27,50,4,1484,315,15,7,0,15,13,0,309,70,81,22,28,4,63,42,109,0,35,57,92
2010,Butte County,February,1495,46,27,0,23,55,5,1485,309,21,8,0,19,18,0,301,73,83,29,37,5,73,42,120,0,35,67,102
2010,Butte County,March,1494,52,29,0,38,39,2,1496,318,13,7,0,21,14,0,303,81,79,20,35,2,53,59,114,0,36,65,101
2010,Butte County,April,1510,58,37,0,28,55,5,1517,341,20,14,0,26,14,0,335,95,88,34,40,5,69,54,128,0,51,78,129
2010,Butte County,May,1514,45,35,0,54,66,8,1466,323,18,6,0,30,14,2,301,80,128,24,46,10,80,84,174,0,41,63,104
2010,Butte County,June,1495,56,35,0,48,57,8,1473,318,17,7,0,21,15,2,304,91,113,24,38,10,72,69,151,0,42,73,115
2010,Butte County,July,1468,54,35,0,50,57,6,1444,313,15,7,0,35,21,0,279,89,113,22,56,6,78,85,169,0,42,69,111
2010,Butte County,August,1453,53,30,0,39,58,4,1435,292,6,8,0,17,16,0,273,83,101,14,33,4,74,56,134,0,38,59,97
2010,Butte County,September,1434,54,34,0,38,73,10,1401,256,20,3,0,12,15,0,252,88,121,23,27,10,88,50,148,0,37,74,111
2010,Butte County,October,1421,57,43,0,31,66,4,1420,252,11,6,0,15,8,0,246,100,101,17,23,4,74,46,124,0,49,68,117
2010,Butte County,November,1422,49,32,0,41,56,4,1402,245,17,9,0,10,11,0,250,81,101,26,21,4,67,51,122,0,41,66,107
2010,Butte County,December,1404,49,26,0,37,49,24,1369,255,10,3,0,20,11,4,233,75,110,13,35,28,60,57,145,0,29,59,88
2010,Calaveras County,January,311,8,3,0,3,2,3,314,150,4,0,1,4,6,0,145,11,8,5,10,3,8,7,18,1,3,12,16
2010,Calaveras County,February,314,8,5,2,2,2,2,323,145,5,1,2,1,0,1,151,15,6,8,2,3,2,3,8,4,6,13,23
2010,Calaveras County,March,323,9,2,0,9,2,4,319,151,3,2,1,4,5,1,147,11,15,6,10,5,7,13,25,1,4,12,17
2010,Calaveras County,April,319,21,1,5,5,8,0,333,147,2,2,0,9,1,0,141,27,13,4,10,0,9,14,23,5,3,23,31
2010,Calaveras County,May,333,5,2,3,5,0,7,331,141,2,1,1,5,2,0,138,10,12,4,7,7,2,10,19,4,3,7,14
2010,Calaveras County,June,331,9,5,0,3,5,9,328,138,5,3,0,7,1,5,133,14,17,8,13,14,6,10,30,0,8,14,22
2010,Calaveras County,July,328,5,2,1,6,3,3,324,133,2,2,0,4,0,3,130,8,12,4,7,6,3,10,19,1,4,7,12
2010,Calaveras County,August,324,9,0,0,3,3,1,326,130,8,0,0,4,1,0,133,9,7,8,5,1,4,7,12,0,0,17,17
2010,Calaveras County,September,326,13,3,0,6,5,0,331,133,7,0,0,4,1,0,135,16,11,7,5,0,6,10,16,0,3,20,23
2010,Calaveras County,October,331,10,7,0,7,8,0,333,135,5,1,0,3,0,0,138,17,15,6,3,0,8,10,18,0,8,15,23
2010,Calaveras County,November,333,7,1,0,4,6,0,331,138,4,1,0,2,2,0,139,8,10,5,4,0,8,6,14,0,2,11,13
2010,Calaveras County,December,331,2,2,1,4,4,1,327,139,2,0,0,6,3,0,132,5,9,2,9,1,7,10,18,1,2,4,7
2010,Colusa County,January,304,5,2,0,0,3,0,308,195,3,1,0,0,1,0,198,7,3,4,1,0,4,0,4,0,3,8,11
2010,Colusa County,February,308,3,2,0,3,5,0,305,198,0,1,0,1,7,0,191,5,8,1,8,0,12,4,16,0,3,3,6
2010,Colusa County,March,305,6,0,0,1,0,0,310,191,2,2,0,6,0,0,189,6,1,4,6,0,0,7,7,0,2,8,10
2010,Colusa County,April,310,6,2,0,0,3,0,315,189,6,0,0,2,0,0,193,8,3,6,2,0,3,2,5,0,2,12,14
2010,Colusa County,May,315,6,7,0,6,7,0,315,193,1,4,0,3,1,0,194,13,13,5,4,0,8,9,17,0,11,7,18
2010,Colusa County,June,315,5,7,0,8,3,0,316,194,4,5,0,1,3,0,199,12,11,9,4,0,6,9,15,0,12,9,21
2010,Colusa County,July,316,4,3,0,0,10,0,313,199,4,0,0,0,3,0,200,7,10,4,3,0,13,0,13,0,3,8,11
2010,Colusa County,August,313,3,1,0,1,10,0,306,200,4,0,0,3,6,0,195,4,11,4,9,0,16,4,20,0,1,7,8
2010,Colusa County,September,306,3,6,0,3,5,0,307,195,6,2,0,2,1,0,200,9,8,8,3,0,6,5,11,0,8,9,17
2010,Colusa County,October,307,7,1,0,2,5,0,308,200,6,0,0,2,3,0,201,8,7,6,5,0,8,4,12,0,1,13,14
2010,Colusa County,November,308,2,1,0,2,5,0,304,201,6,0,0,1,5,0,201,3,7,6,6,0,10,3,13,0,1,8,9
2010,Colusa County,December,304,2,8,0,2,6,0,306,201,3,2,0,3,3,0,200,10,8,5,6,0,9,5,14,0,10,5,15
2010,Contra Costa County,January,3422,102,8,13,144,12,19,3370,0,0,0,0,0,0,0,0,123,175,0,0,19,12,144,175,13,8,102,123
2010,Contra Costa County,February,3370,94,12,14,138,10,18,3324,0,0,0,0,0,0,0,0,120,166,0,0,18,10,138,166,14,12,94,120
2010,Contra Costa County,March,3324,56,8,9,157,10,24,3206,0,0,0,0,0,0,0,0,73,191,0,0,24,10,157,191,9,8,56,73
2010,Contra Costa County,April,3206,96,13,15,83,5,23,3219,0,0,0,0,0,0,0,0,124,111,0,0,23,5,83,111,15,13,96,124
2010,Contra Costa County,May,3219,120,5,24,125,10,22,3211,0,0,0,0,0,0,0,0,149,157,0,0,22,10,125,157,24,5,120,149
2010,Contra Costa County,June,3211,79,15,11,120,7,16,3173,0,0,0,0,0,0,0,0,105,143,0,0,16,7,120,143,11,15,79,105
2010,Contra Costa County,July,3173,59,8,6,131,5,30,3080,0,0,0,0,0,0,0,0,73,166,0,0,30,5,131,166,6,8,59,73
2010,Contra Costa County,August,3080,75,7,9,106,6,38,3021,0,0,0,0,0,0,0,0,91,150,0,0,38,6,106,150,9,7,75,91
2010,Contra Costa County,September,3021,88,7,20,176,5,36,2919,0,0,0,0,0,0,0,0,115,217,0,0,36,5,176,217,20,7,88,115
2010,Contra Costa County,October,2919,59,7,28,100,7,33,2873,0,0,0,0,0,0,0,0,94,140,0,0,33,7,100,140,28,7,59,94
2010,Contra Costa County,November,2873,94,10,12,77,4,26,2882,0,0,0,0,0,0,0,0,116,107,0,0,26,4,77,107,12,10,94,116
2010,Contra Costa County,December,2882,119,8,14,76,8,21,2918,0,0,0,0,0,0,0,0,141,105,0,0,21,8,76,105,14,8,119,141
2010,Del Norte County,January,128,5,3,0,3,7,0,126,96,2,2,0,6,7,0,87,8,10,4,13,0,14,9,23,0,5,7,12
2010,Del Norte County,February,126,1,9,1,2,9,0,126,87,0,2,0,2,3,1,83,11,11,2,6,1,12,4,17,1,11,1,13
2010,Del Norte County,March,126,2,2,1,4,6,1,120,83,2,3,0,6,1,0,81,5,11,5,7,1,7,10,18,1,5,4,10
2010,Del Norte County,April,120,6,5,0,4,6,0,121,81,2,2,0,3,2,0,80,11,10,4,5,0,8,7,15,0,7,8,15
2010,Del Norte County,May,121,2,7,0,3,4,0,123,80,3,1,0,4,2,3,75,9,7,4,9,3,6,7,16,0,8,5,13
2010,Del Norte County,June,123,1,5,0,9,8,0,112,75,1,2,0,2,1,0,75,6,17,3,3,0,9,11,20,0,7,2,9
2010,Del Norte County,July,112,3,3,0,1,5,2,110,75,0,2,0,3,4,1,69,6,8,2,8,3,9,4,16,0,5,3,8
2010,Del Norte County,August,115,0,0,0,0,0,0,115,72,0,0,0,0,0,0,72,0,0,0,0,0,0,0,0,0,0,0,0
2010,Del Norte County,September,115,4,1,0,2,6,1,111,72,3,2,0,2,0,0,75,5,9,5,2,1,6,4,11,0,3,7,10
2010,Del Norte County,October,111,1,0,0,2,4,1,105,75,3,1,0,4,1,1,73,1,7,4,6,2,5,6,13,0,1,4,5
2010,Del Norte County,November,105,7,6,0,7,7,1,103,73,5,1,0,4,4,0,71,13,15,6,8,1,11,11,23,0,7,12,19
2010,Del Norte County,December,103,5,4,4,3,5,0,108,71,3,0,0,1,1,0,72,13,8,3,2,0,6,4,10,4,4,8,16
2010,El Dorado County,January,1284,35,7,2,22,14,0,1292,306,13,0,6,6,5,0,314,44,36,19,11,0,19,28,47,8,7,48,63
2010,El Dorado County,February,1292,35,3,2,22,20,0,1290,314,13,0,6,10,11,0,312,40,42,19,21,0,31,32,63,8,3,48,59
2010,El Dorado County,March,1290,34,5,2,53,15,0,1263,312,11,0,7,15,6,0,309,41,68,18,21,0,21,68,89,9,5,45,59
2010,El Dorado County,April,1263,31,4,3,36,6,0,1259,309,7,0,8,17,2,0,305,38,42,15,19,0,8,53,61,11,4,38,53
2010,El Dorado County,May,1259,29,10,2,32,4,0,1264,305,5,0,9,15,2,0,302,41,36,14,17,0,6,47,53,11,10,34,55
2010,El Dorado County,June,1264,31,7,3,29,3,0,1273,302,0,0,7,12,0,0,297,41,32,7,12,0,3,41,44,10,7,31,48
2010,El Dorado County,July,1273,27,6,8,30,6,0,1278,297,12,0,5,14,0,0,300,41,36,17,14,0,6,44,50,13,6,39,58
2010,El Dorado County,August,1278,31,8,0,29,3,4,1281,300,10,0,0,8,0,0,302,39,36,10,8,4,3,37,44,0,8,41,49
2010,El Dorado County,September,1281,27,6,0,26,11,0,1277,302,6,0,0,6,1,0,301,33,37,6,7,0,12,32,44,0,6,33,39
2010,El Dorado County,October,1277,29,7,0,32,9,0,1272,301,7,1,0,8,3,0,298,36,41,8,11,0,12,40,52,0,8,36,44
2010,El Dorado County,November,1272,40,11,0,13,11,3,1296,298,3,3,0,3,1,0,300,51,27,6,4,3,12,16,31,0,14,43,57
2010,El Dorado County,December,1296,30,18,0,28,9,11,1296,300,6,2,0,2,0,1,305,48,48,8,3,12,9,30,51,0,20,36,56
2010,Fresno County,January,6000,185,118,0,163,156,4,5980,2253,31,74,4,74,103,0,2185,303,323,109,177,4,259,237,500,4,192,216,412
2010,Fresno County,February,5980,141,122,6,186,169,9,5885,2185,38,104,11,71,91,0,2176,269,364,153,162,9,260,257,526,17,226,179,422
2010,Fresno County,March,5885,232,150,8,217,232,8,5818,2176,62,86,9,67,98,0,2168,390,457,157,165,8,330,284,622,17,236,294,547
2010,Fresno County,April,5818,187,139,7,224,210,5,5712,2168,35,77,6,85,85,0,2116,333,439,118,170,5,295,309,609,13,216,222,451
2010,Fresno County,May,5712,208,124,4,148,211,7,5682,2116,45,61,6,66,55,0,2107,336,366,112,121,7,266,214,487,10,185,253,448
2010,Fresno County,June,5682,167,122,2,211,248,6,5508,2107,36,113,3,119,90,1,2049,291,465,152,210,7,338,330,675,5,235,203,443
2010,Fresno County,July,5508,174,130,0,189,242,8,5373,2049,36,69,3,95,84,0,1978,304,439,108,179,8,326,284,618,3,199,210,412
2010,Fresno County,August,5373,166,112,6,162,210,6,5279,1978,49,76,2,106,74,2,1923,284,378,127,182,8,284,268,560,8,188,215,411
2010,Fresno County,September,5279,137,111,8,162,194,7,5172,1923,44,54,4,34,69,1,1921,256,363,102,104,8,263,196,467,12,165,181,358
2010,Fresno County,October,5172,258,156,5,167,250,11,5163,1921,31,70,6,47,68,0,1913,419,428,107,115,11,318,214,543,11,226,289,526
2010,Fresno County,November,5163,170,136,4,123,235,2,5113,1913,35,51,2,20,60,0,1921,310,360,88,80,2,295,143,440,6,187,205,398
2010,Fresno County,December,5113,166,159,2,148,274,8,5010,1921,24,67,8,44,92,0,1884,327,430,99,136,8,366,192,566,10,226,190,426
2010,Glenn County,January,1009,10,2,0,0,1,4,1016,727,13,0,0,0,0,0,740,12,5,13,0,4,1,0,5,0,2,23,25
2010,Glenn County,February,1016,6,1,0,1,0,3,1019,740,2,2,0,0,0,0,744,7,4,4,0,3,0,1,4,0,3,8,11
2010,Glenn County,March,1019,9,1,0,2,0,1,1026,744,3,0,0,0,0,0,747,10,3,3,0,1,0,2,3,0,1,12,13
2010,Glenn County,April,1026,13,1,0,1,0,5,1034,747,1,1,0,0,0,0,749,14,6,2,0,5,0,1,6,0,2,14,16
2010,Glenn County,May,1034,6,2,0,0,0,2,1040,749,2,0,0,2,0,0,749,8,2,2,2,2,0,2,4,0,2,8,10
2010,Glenn County,June,1040,9,4,0,1,0,3,1049,749,4,0,0,0,1,0,752,13,4,4,1,3,1,1,5,0,4,13,17
2010,Glenn County,July,1049,11,0,0,0,0,4,1056,752,4,1,0,0,1,0,756,11,4,5,1,4,1,0,5,0,1,15,16
2010,Glenn County,August,1056,6,0,0,1,0,8,1053,756,4,0,0,0,0,0,760,6,9,4,0,8,0,1,9,0,0,10,10
2010,Glenn County,September,1053,7,1,0,0,0,7,1054,760,7,0,0,1,0,0,766,8,7,7,1,7,0,1,8,0,1,14,15
2010,Glenn County,October,1054,5,0,0,1,0,4,1054,766,5,1,0,0,0,1,771,5,5,6,1,5,0,1,6,0,1,10,11
2010,Glenn County,November,1054,2,1,0,0,0,6,1051,771,4,1,0,0,0,0,776,3,6,5,0,6,0,0,6,0,2,6,8
2010,Glenn County,December,1051,20,1,0,0,0,4,1068,776,12,1,0,1,1,0,787,21,4,13,2,4,1,1,6,0,2,32,34
2010,Humboldt County,January,1225,31,0,2,20,6,5,1227,23,0,0,0,0,0,0,23,33,31,0,0,5,6,20,31,2,0,31,33
2010,Humboldt County,February,1227,31,0,1,16,7,4,1232,23,0,0,0,1,0,0,22,32,27,0,1,4,7,17,28,1,0,31,32
2010,Humboldt County,March,1232,32,0,7,22,5,7,1237,22,0,0,0,0,0,0,22,39,34,0,0,7,5,22,34,7,0,32,39
2010,Humboldt County,April,1237,49,0,6,20,6,2,1264,22,0,0,0,0,0,0,22,55,28,0,0,2,6,20,28,6,0,49,55
2010,Humboldt County,May,1264,50,0,3,31,9,1,1276,22,0,0,0,1,0,0,21,53,41,0,1,1,9,32,42,3,0,50,53
2010,Humboldt County,June,1276,37,0,5,19,8,5,1286,21,0,0,1,0,0,0,22,42,32,1,0,5,8,19,32,6,0,37,43
2010,Humboldt County,July,1286,32,0,1,38,11,4,1266,22,1,0,0,0,0,0,23,33,53,1,0,4,11,38,53,1,0,33,34
2010,Humboldt County,August,1266,32,0,3,13,0,6,1282,23,0,0,0,0,0,0,23,35,19,0,0,6,0,13,19,3,0,32,35
2010,Humboldt County,September,1282,33,0,1,32,10,1,1273,23,0,0,0,0,0,0,23,34,43,0,0,1,10,32,43,1,0,33,34
2010,Humboldt County,October,1273,37,0,5,25,13,0,1277,23,0,0,1,0,0,0,24,42,38,1,0,0,13,25,38,6,0,37,43
2010,Humboldt County,November,1277,48,0,5,27,6,3,1294,24,0,0,0,0,0,0,24,53,36,0,0,3,6,27,36,5,0,48,53
2010,Humboldt County,December,1294,27,0,6,18,4,10,1295,24,0,0,0,0,0,0,24,33,32,0,0,10,4,18,32,6,0,27,33
2010,Imperial County,January,1225,24,15,0,17,0,0,1247,21,2,0,0,0,0,0,23,39,17,2,0,0,0,17,17,0,15,26,41
2010,Imperial County,February,1247,37,22,0,42,1,0,1263,23,1,0,0,0,0,0,24,59,43,1,0,0,1,42,43,0,22,38,60
2010,Imperial County,March,1263,44,23,0,20,2,0,1308,24,1,0,0,0,0,0,25,67,22,1,0,0,2,20,22,0,23,45,68
2010,Imperial County,April,1308,25,22,0,14,1,0,1340,25,0,0,0,0,0,0,25,47,15,0,0,0,1,14,15,0,22,25,47
2010,Imperial County,May,1340,19,15,0,23,3,0,1348,25,1,0,0,0,0,0,26,34,26,1,0,0,3,23,26,0,15,20,35
2010,Imperial County,June,1348,35,14,0,23,3,0,1371,26,0,0,0,0,0,0,26,49,26,0,0,0,3,23,26,0,14,35,49
2010,Imperial County,July,1371,23,13,0,4,2,0,1401,26,2,0,0,0,0,0,28,36,6,2,0,0,2,4,6,0,13,25,38
2010,Imperial County,August,1401,51,9,0,6,0,0,1455,28,2,0,0,0,0,0,30,60,6,2,0,0,0,6,6,0,9,53,62
2010,Imperial County,September,1455,57,9,0,24,6,0,1491,30,2,0,0,0,0,0,32,66,30,2,0,0,6,24,30,0,9,59,68
2010,Imperial County,October,1491,29,11,0,5,2,0,1524,32,0,0,0,0,0,0,32,40,7,0,0,0,2,5,7,0,11,29,40
2010,Imperial County,November,1524,36,7,0,4,2,0,1561,32,0,0,0,0,0,0,32,43,6,0,0,0,2,4,6,0,7,36,43
2010,Imperial County,December,1561,38,5,0,19,5,0,1580,32,0,0,0,0,0,0,32,43,24,0,0,0,5,19,24,0,5,38,43
2010,Inyo County,January,639,6,2,0,0,2,1,644,1016,16,5,0,2,19,1,1015,8,3,21,22,2,21,2,25,0,7,22,29
2010,Inyo County,February,644,2,0,0,4,4,0,638,1015,21,10,0,9,4,0,1033,2,8,31,13,0,8,13,21,0,10,23,33
2010,Inyo County,March,638,2,3,0,4,3,0,636,1033,14,22,0,4,8,0,1057,5,7,36,12,0,11,8,19,0,25,16,41
2010,Inyo County,April,636,5,5,2,4,2,0,642,1057,8,15,0,7,10,0,1063,12,6,23,17,0,12,11,23,2,20,13,35
2010,Inyo County,May,642,2,2,0,4,2,0,640,1063,7,14,0,7,25,0,1052,4,6,21,32,0,27,11,38,0,16,9,25
2010,Inyo County,June,640,2,4,0,5,1,0,640,1052,10,8,0,10,17,2,1041,6,6,18,29,2,18,15,35,0,12,12,24
2010,Inyo County,July,640,7,1,0,0,1,0,647,1041,14,11,0,12,8,0,1046,8,1,25,20,0,9,12,21,0,12,21,33
2010,Inyo County,August,647,4,1,0,3,5,0,644,1046,5,9,1,6,18,0,1037,5,8,15,24,0,23,9,32,1,10,9,20
2010,Inyo County,September,644,6,1,0,5,3,1,642,1037,13,11,0,8,5,0,1048,7,9,24,13,1,8,13,22,0,12,19,31
2010,Inyo County,October,642,1,0,0,6,5,0,632,1048,10,7,0,12,6,2,1045,1,11,17,20,2,11,18,31,0,7,11,18
2010,Inyo County,November,632,0,3,0,0,6,0,629,1045,5,9,0,6,6,1,1046,3,6,14,13,1,12,6,19,0,12,5,17
2010,Inyo County,December,629,4,4,0,0,2,1,634,1046,15,9,0,6,4,0,1060,8,3,24,10,1,6,6,13,0,13,19,32
2010,Kern County,January,6910,193,0,61,186,0,0,6978,0,0,0,0,0,0,0,0,254,186,0,0,0,0,186,186,61,0,193,254
2010,Kern County,February,6978,192,5,0,131,0,97,6947,0,0,0,0,0,0,0,0,197,228,0,0,97,0,131,228,0,5,192,197
2010,Kern County,March,6947,190,0,0,116,0,393,6628,0,0,0,0,0,0,0,0,190,509,0,0,393,0,116,509,0,0,190,190
2010,Kern County,April,6628,172,0,204,96,0,0,6908,0,0,0,0,0,0,0,0,376,96,0,0,0,0,96,96,204,0,172,376
2010,Kern County,May,6908,93,0,0,34,0,79,6888,0,0,0,0,0,0,0,0,93,113,0,0,79,0,34,113,0,0,93,93
2010,Kern County,June,6888,118,0,0,126,0,9,6871,0,0,0,0,0,0,0,0,118,135,0,0,9,0,126,135,0,0,118,118
2010,Kern County,July,6871,80,0,9,109,0,0,6851,0,0,0,0,0,0,0,0,89,109,0,0,0,0,109,109,9,0,80,89
2010,Kern County,August,6851,70,0,0,90,0,2,6829,0,0,0,0,0,0,0,0,70,92,0,0,2,0,90,92,0,0,70,70
2010,Kern County,September,6829,179,0,0,272,0,228,6508,0,0,0,0,0,0,0,0,179,500,0,0,228,0,272,500,0,0,179,179
2010,Kern County,October,6508,128,0,0,134,0,107,6395,0,0,0,0,0,0,0,0,128,241,0,0,107,0,134,241,0,0,128,128
2010,Kern County,November,6395,551,0,8,756,0,0,6198,0,0,0,0,0,0,0,0,559,756,0,0,0,0,756,756,8,0,551,559
2010,Kern County,December,6198,221,0,0,265,0,4,6150,0,0,0,0,0,0,0,0,221,269,0,0,4,0,265,269,0,0,221,221
2010,Kings County,January,1424,40,2,15,21,7,27,1426,2499,80,6,2,49,2,13,2523,57,55,88,64,40,9,70,119,17,8,120,145
2010,Kings County,February,1426,71,5,4,19,11,12,1464,2523,83,4,0,50,8,6,2546,80,42,87,64,18,19,69,106,4,9,154,167
2010,Kings County,March,1464,47,5,23,19,11,17,1492,2546,63,4,0,46,8,6,2553,75,47,67,60,23,19,65,107,23,9,110,142
2010,Kings County,April,1492,64,3,9,18,5,11,1534,2553,51,16,0,43,12,7,2558,76,34,67,62,18,17,61,96,9,19,115,143
2010,Kings County,May,1534,43,1,9,20,5,15,1547,2558,36,6,0,47,8,3,2542,53,40,42,58,18,13,67,98,9,7,79,95
2010,Kings County,June,1547,44,2,9,21,19,31,1531,2542,49,3,0,65,6,4,2519,55,71,52,75,35,25,86,146,9,5,93,107
2010,Kings County,July,1531,33,7,9,20,13,25,1522,2519,33,18,2,49,9,5,2509,49,58,53,63,30,22,69,121,11,25,66,102
2010,Kings County,August,1522,59,6,34,19,12,44,1546,2509,66,8,4,45,14,22,2506,99,75,78,81,66,26,64,156,38,14,125,177
2010,Kings County,September,1546,49,7,18,30,16,12,1562,2506,39,4,0,46,7,4,2492,74,58,43,57,16,23,76,115,18,11,88,117
2010,Kings County,October,1562,40,3,9,18,9,9,1578,2492,48,3,0,52,0,0,2491,52,36,51,52,9,9,70,88,9,6,88,103
2010,Kings County,November,1578,47,10,4,23,12,19,1585,2491,62,3,2,45,2,5,2506,61,54,67,52,24,14,68,106,6,13,109,128
2010,Kings County,December,1585,49,7,5,19,8,10,1609,2506,64,6,0,50,4,5,2517,61,37,70,59,15,12,69,96,5,13,113,131
2010,Lake County,January,466,11,10,0,0,4,0,483,0,0,0,0,0,0,0,0,21,4,0,0,0,4,0,4,0,10,11,21
2010,Lake County,February,483,4,4,0,6,3,0,482,0,0,0,0,0,0,0,0,8,9,0,0,0,3,6,9,0,4,4,8
2010,Lake County,March,482,10,2,0,1,6,0,487,0,0,0,0,0,0,0,0,12,7,0,0,0,6,1,7,0,2,10,12
2010,Lake County,April,487,7,10,0,0,19,0,485,0,0,0,0,0,0,0,0,17,19,0,0,0,19,0,19,0,10,7,17
2010,Lake County,May,485,12,1,0,10,10,0,478,0,0,0,0,0,0,0,0,13,20,0,0,0,10,10,20,0,1,12,13
2010,Lake County,June,478,11,6,0,14,15,0,466,0,0,0,0,0,0,0,0,17,29,0,0,0,15,14,29,0,6,11,17
2010,Lake County,July,466,0,0,0,11,0,0,455,0,0,0,0,0,0,0,0,0,11,0,0,0,0,11,11,0,0,0,0
2010,Lake County,August,455,4,5,0,3,6,0,455,0,0,0,0,0,0,0,0,9,9,0,0,0,6,3,9,0,5,4,9
2010,Lake County,September,455,6,6,0,7,7,0,453,0,0,0,0,0,0,0,0,12,14,0,0,0,7,7,14,0,6,6,12
2010,Lake County,October,453,14,9,0,6,9,0,461,0,0,0,0,0,0,0,0,23,15,0,0,0,9,6,15,0,9,14,23
2010,Lake County,November,461,6,3,0,4,0,0,466,0,0,0,0,0,0,0,0,9,4,0,0,0,0,4,4,0,3,6,9
2010,Lake County,December,466,5,5,0,0,9,0,467,0,0,0,0,0,0,0,0,10,9,0,0,0,9,0,9,0,5,5,10
2010,Lassen County,January,273,9,0,0,6,2,2,272,135,1,0,0,6,0,0,130,9,10,1,6,2,2,12,16,0,0,10,10
2010,Lassen County,February,272,11,0,0,10,0,0,273,130,2,0,0,3,1,1,127,11,10,2,5,1,1,13,15,0,0,13,13
2010,Lassen County,March,273,6,0,0,11,4,4,260,127,1,0,0,0,0,0,128,6,19,1,0,4,4,11,19,0,0,7,7
2010,Lassen County,April,260,6,0,0,8,1,1,256,128,1,0,0,9,0,0,119,6,10,1,9,1,1,17,19,0,0,7,7
2010,Lassen County,May,256,8,0,0,6,0,0,258,119,0,0,0,2,0,0,117,8,6,0,2,0,0,8,8,0,0,8,8
2010,Lassen County,June,258,4,0,0,6,3,3,250,117,2,0,0,3,0,0,116,4,12,2,3,3,3,9,15,0,0,6,6
2010,Lassen County,July,250,8,0,0,8,3,3,244,116,2,0,0,4,1,1,112,8,14,2,6,4,4,12,20,0,0,10,10
2010,Lassen County,August,244,5,0,0,12,2,2,233,112,2,0,0,3,0,0,111,5,16,2,3,2,2,15,19,0,0,7,7
2010,Lassen County,September,233,6,0,0,6,0,0,233,111,2,0,0,6,1,1,105,6,6,2,8,1,1,12,14,0,0,8,8
2010,Lassen County,October,233,6,0,0,5,0,0,234,105,1,0,0,6,1,1,98,6,5,1,8,1,1,11,13,0,0,7,7
2010,Lassen County,November,234,7,0,0,4,0,0,237,98,3,0,0,4,0,0,97,7,4,3,4,0,0,8,8,0,0,10,10
2010,Lassen County,December,237,3,0,0,6,0,0,234,97,1,0,0,4,0,0,94,3,6,1,4,0,0,10,10,0,0,4,4
2010,Los Angeles County,January,54671,1260,408,0,940,913,40,54446,3303,13,16,0,94,10,14,3214,1668,1893,29,118,54,923,1034,2011,0,424,1273,1697
2010,Los Angeles County,February,54371,1105,368,0,789,791,31,54233,3132,13,11,0,67,14,6,3069,1473,1611,24,87,37,805,856,1698,0,379,1118,1497
2010,Los Angeles County,March,54176,1328,465,0,994,998,43,53934,3010,12,21,0,61,13,17,2952,1793,2035,33,91,60,1011,1055,2126,0,486,1340,1826
2010,Los Angeles County,April,53907,1161,443,0,863,897,36,53715,2943,13,12,0,46,13,10,2899,1604,1796,25,69,46,910,909,1865,0,455,1174,1629
2010,Los Angeles County,May,53976,1146,390,0,790,766,35,53921,2913,21,10,0,47,8,8,2881,1536,1591,31,63,43,774,837,1654,0,400,1167,1567
2010,Los Angeles County,June,53988,1194,399,0,821,800,31,53929,2879,11,12,0,41,6,4,2851,1593,1652,23,51,35,806,862,1703,0,411,1205,1616
2010,Los Angeles County,July,54080,1151,428,0,816,817,40,53986,2822,10,9,0,38,12,9,2782,1579,1673,19,59,49,829,854,1732,0,437,1161,1598
2010,Los Angeles County,August,53517,1154,414,0,876,784,26,53399,2596,9,7,0,49,6,6,2551,1568,1686,16,61,32,790,925,1747,0,421,1163,1584
2010,Los Angeles County,September,53349,0,1112,426,814,718,28,53327,2437,0,6,9,51,5,14,2382,1538,1560,15,70,42,723,865,1630,435,1118,0,1553
2010,Los Angeles County,October,53114,1095,372,0,824,720,39,52998,2263,14,11,0,47,12,7,2222,1467,1583,25,66,46,732,871,1649,0,383,1109,1492
2010,Los Angeles County,November,52996,1014,319,0,580,718,30,53001,2158,5,5,0,24,3,5,2136,1333,1328,10,32,35,721,604,1360,0,324,1019,1343
2010,Los Angeles County,December,52847,962,339,0,623,723,38,52764,2081,7,8,0,29,7,0,2060,1301,1384,15,36,38,730,652,1420,0,347,969,1316
2010,Madera County,January,2919,9,6,0,2,20,0,2912,828,3,1,0,4,4,1,823,15,22,4,9,1,24,6,31,0,7,12,19
2010,Madera County,February,2912,35,31,0,19,18,1,2940,823,11,9,0,7,8,2,826,66,38,20,17,3,26,26,55,0,40,46,86
2010,Madera County,March,2940,42,26,0,15,13,9,2971,826,11,1,0,2,6,2,828,68,37,12,10,11,19,17,47,0,27,53,80
2010,Madera County,April,2971,52,27,0,41,12,0,2997,828,14,9,0,26,6,0,819,79,53,23,32,0,18,67,85,0,36,66,102
2010,Madera County,May,2997,33,19,0,2,14,0,3033,819,10,3,0,3,3,0,826,52,16,13,6,0,17,5,22,0,22,43,65
2010,Madera County,June,3033,31,36,0,20,10,0,3070,826,12,6,0,12,2,0,830,67,30,18,14,0,12,32,44,0,42,43,85
2010,Madera County,July,3070,30,29,0,33,49,0,3047,830,15,5,0,25,9,0,816,59,82,20,34,0,58,58,116,0,34,45,79
2010,Madera County,August,3047,51,45,0,22,38,2,3081,816,16,4,0,11,8,0,817,96,62,20,19,2,46,33,81,0,49,67,116
2010,Madera County,September,3081,32,16,0,19,47,6,3057,817,10,1,0,19,10,0,799,48,72,11,29,6,57,38,101,0,17,42,59
2010,Madera County,October,3057,33,40,0,19,39,5,3067,799,21,3,0,15,14,0,794,73,63,24,29,5,53,34,92,0,43,54,97
2010,Madera County,November,3067,22,23,0,28,34,6,3044,794,8,7,0,12,13,2,782,45,68,15,27,8,47,40,95,0,30,30,60
2010,Madera County,December,3044,28,29,0,8,32,2,3059,782,11,0,0,5,4,1,783,57,42,11,10,3,36,13,52,0,29,39,68
2010,Marin County,January,1299,29,7,0,12,9,0,1314,1058,18,5,0,8,4,0,1069,36,21,23,12,0,13,20,33,0,12,47,59
2010,Marin County,February,1314,16,4,0,27,17,0,1290,1069,12,3,0,30,23,0,1031,20,44,15,53,0,40,57,97,0,7,28,35
2010,Marin County,March,1290,23,6,0,25,30,0,1264,1031,17,4,0,37,37,0,978,29,55,21,74,0,67,62,129,0,10,40,50
2010,Marin County,April,1264,30,7,0,24,13,0,1264,978,30,8,0,23,21,0,972,37,37,38,44,0,34,47,81,0,15,60,75
2010,Marin County,May,1264,16,4,0,17,15,0,1252,972,20,5,0,19,19,0,959,20,32,25,38,0,34,36,70,0,9,36,45
2010,Marin County,June,1252,36,9,0,17,13,0,1267,959,27,7,0,25,13,0,955,45,30,34,38,0,26,42,68,0,16,63,79
2010,Marin County,July,1267,17,4,0,24,1,0,1263,955,18,4,0,11,12,0,954,21,25,22,23,0,13,35,48,0,8,35,43
2010,Marin County,August,1263,24,6,0,27,4,0,1262,954,18,5,0,18,4,0,955,30,31,23,22,0,8,45,53,0,11,42,53
2010,Marin County,September,1262,22,5,0,8,8,0,1273,955,23,6,0,19,12,0,953,27,16,29,31,0,20,27,47,0,11,45,56
2010,Marin County,October,1273,25,6,0,15,17,0,1272,953,14,3,0,1,23,0,946,31,32,17,24,0,40,16,56,0,9,39,48
2010,Marin County,November,1272,31,8,0,10,2,0,1299,946,17,4,0,10,9,0,948,39,12,21,19,0,11,20,31,0,12,48,60
2010,Marin County,December,1299,22,6,0,22,14,0,1291,948,18,5,0,14,23,0,934,28,36,23,37,0,37,36,73,0,11,40,51
2010,Mariposa County,January,122,5,1,0,3,2,0,123,269,9,2,0,5,10,0,265,6,5,11,15,0,12,8,20,0,3,14,17
2010,Mariposa County,February,123,2,0,0,2,0,1,122,265,10,0,0,6,2,0,267,2,3,10,8,1,2,8,11,0,0,12,12
2010,Mariposa County,March,122,0,1,0,3,1,5,114,267,4,3,0,6,3,6,259,1,9,7,15,11,4,9,24,0,4,4,8
2010,Mariposa County,April,114,1,0,0,2,2,1,110,259,3,6,0,7,8,1,252,1,5,9,16,2,10,9,21,0,6,4,10
2010,Mariposa County,May,110,3,2,0,2,2,1,110,252,4,2,0,5,2,0,251,5,5,6,7,1,4,7,12,0,4,7,11
2010,Mariposa County,June,110,1,4,0,2,5,1,107,251,6,6,0,6,9,0,248,5,8,12,15,1,14,8,23,0,10,7,17
2010,Mariposa County,July,107,3,8,0,2,8,0,108,248,10,10,0,5,11,0,252,11,10,20,16,0,19,7,26,0,18,13,31
2010,Mariposa County,August,108,2,0,0,5,0,1,104,252,4,2,0,9,7,0,242,2,6,6,16,1,7,14,22,0,2,6,8
2010,Mariposa County,September,104,1,0,0,2,0,1,102,242,3,0,0,5,0,0,240,1,3,3,5,1,0,7,8,0,0,4,4
2010,Mariposa County,October,102,3,0,0,1,2,0,102,240,8,3,0,7,4,0,240,3,3,11,11,0,6,8,14,0,3,11,14
2010,Mariposa County,November,102,5,0,0,2,0,3,102,240,8,5,0,4,5,4,240,5,5,13,13,7,5,6,18,0,5,13,18
2010,Mariposa County,December,102,2,1,0,0,1,0,104,240,5,5,0,2,5,0,243,3,1,10,7,0,6,2,8,0,6,7,13
2010,Mendocino County,January,1946,11,19,0,7,7,0,1962,138,0,0,0,1,0,0,137,30,14,0,1,0,7,8,15,0,19,11,30
2010,Mendocino County,February,1962,16,9,0,18,13,0,1956,137,2,2,0,5,2,0,134,25,31,4,7,0,15,23,38,0,11,18,29
2010,Mendocino County,March,1956,19,19,0,10,8,0,1976,134,0,0,0,0,0,0,134,38,18,0,0,0,8,10,18,0,19,19,38
2010,Mendocino County,April,1976,26,16,0,16,8,0,1994,134,1,15,0,0,0,0,150,42,24,16,0,0,8,16,24,0,31,27,58
2010,Mendocino County,May,1994,25,25,0,19,18,0,2007,150,2,9,0,5,0,0,156,50,37,11,5,0,18,24,42,0,34,27,61
2010,Mendocino County,June,2007,23,19,0,17,14,0,2018,156,2,6,0,4,0,6,154,42,31,8,10,6,14,21,41,0,25,25,50
2010,Mendocino County,July,2018,20,25,0,11,13,0,2039,154,1,2,0,2,0,0,155,45,24,3,2,0,13,13,26,0,27,21,48
2010,Mendocino County,August,2039,36,19,0,10,7,0,2077,155,1,0,0,3,0,0,153,55,17,1,3,0,7,13,20,0,19,37,56
2010,Mendocino County,September,2077,21,18,0,12,16,0,2088,153,0,1,0,0,2,0,152,39,28,1,2,0,18,12,30,0,19,21,40
2010,Mendocino County,October,2088,12,9,0,2,2,0,2105,152,0,0,0,0,0,0,152,21,4,0,0,0,2,2,4,0,9,12,21
2010,Mendocino County,November,2105,19,24,0,1,7,0,2140,152,1,2,0,1,0,0,154,43,8,3,1,0,7,2,9,0,26,20,46
2010,Mendocino County,December,2140,19,5,0,0,4,0,2160,154,0,0,0,0,0,0,154,24,4,0,0,0,4,0,4,0,5,19,24
2010,Merced County,January,3124,81,106,0,117,58,19,3117,0,0,0,0,0,0,0,0,187,194,0,0,19,58,117,194,0,106,81,187
2010,Merced County,February,3117,76,82,0,82,62,15,3116,0,0,0,0,0,0,0,0,158,159,0,0,15,62,82,159,0,82,76,158
2010,Merced County,March,3116,120,97,0,87,47,13,3186,0,0,0,0,0,0,0,0,217,147,0,0,13,47,87,147,0,97,120,217
2010,Merced County,April,3186,74,96,0,113,57,9,3177,0,0,0,0,0,0,0,0,170,179,0,0,9,57,113,179,0,96,74,170
2010,Merced County,May,3177,83,94,0,131,52,8,3163,0,0,0,0,0,0,0,0,177,191,0,0,8,52,131,191,0,94,83,177
2010,Merced County,June,3163,88,94,0,186,66,5,3088,0,0,0,0,0,0,0,0,182,257,0,0,5,66,186,257,0,94,88,182
2010,Merced County,July,3088,91,100,0,106,87,2,3084,0,0,0,0,0,0,0,0,191,195,0,0,2,87,106,195,0,100,91,191
2010,Merced County,August,3084,111,121,0,126,99,4,3087,0,0,0,0,0,0,0,0,232,229,0,0,4,99,126,229,0,121,111,232
2010,Merced County,September,3087,114,131,0,144,101,15,3072,0,0,0,0,0,0,0,0,245,260,0,0,15,101,144,260,0,131,114,245
2010,Merced County,October,3072,93,86,0,85,84,13,3069,0,0,0,0,0,0,0,0,179,182,0,0,13,84,85,182,0,86,93,179
2010,Merced County,November,3069,90,95,0,108,102,8,3036,0,0,0,0,0,0,0,0,185,218,0,0,8,102,108,218,0,95,90,185
2010,Merced County,December,3036,96,98,0,95,90,4,3041,0,0,0,0,0,0,0,0,194,189,0,0,4,90,95,189,0,98,96,194
2010,Modoc County,January,158,0,0,0,5,0,0,153,172,0,0,0,1,0,0,171,0,5,0,1,0,0,6,6,0,0,0,0
2010,Modoc County,February,153,6,0,0,7,1,0,151,171,0,0,0,1,0,0,170,6,8,0,1,0,1,8,9,0,0,6,6
2010,Modoc County,March,151,1,0,0,0,1,0,151,170,0,0,0,0,0,0,170,1,1,0,0,0,1,0,1,0,0,1,1
2010,Modoc County,April,151,0,0,0,3,0,0,148,170,1,0,0,0,0,0,171,0,3,1,0,0,0,3,3,0,0,1,1
2010,Modoc County,May,148,3,0,0,5,2,0,144,171,2,0,0,4,0,0,169,3,7,2,4,0,2,9,11,0,0,5,5
2010,Modoc County,June,144,3,0,0,5,0,0,142,169,1,0,0,3,0,0,167,3,5,1,3,0,0,8,8,0,0,4,4
2010,Modoc County,July,142,2,0,0,5,0,0,139,167,3,0,0,1,0,0,169,2,5,3,1,0,0,6,6,0,0,5,5
2010,Modoc County,August,139,7,0,0,1,2,0,143,169,0,0,0,0,0,0,169,7,3,0,0,0,2,1,3,0,0,7,7
2010,Modoc County,September,143,6,0,0,9,0,0,140,169,2,0,0,1,0,0,170,6,9,2,1,0,0,10,10,0,0,8,8
2010,Modoc County,October,140,5,4,0,1,2,0,146,170,0,0,0,0,0,0,170,9,3,0,0,0,2,1,3,0,4,5,9
2010,Modoc County,November,146,0,0,0,1,0,0,145,170,0,0,0,1,0,0,169,0,1,0,1,0,0,2,2,0,0,0,0
2010,Modoc County,December,145,7,0,0,3,1,0,148,169,2,0,0,1,0,0,170,7,4,2,1,0,1,4,5,0,0,9,9
2010,Mono County,January,181,0,0,0,0,0,0,181,132,0,0,0,0,0,0,132,0,0,0,0,0,0,0,0,0,0,0,0
2010,Mono County,February,181,1,0,0,2,0,0,180,132,0,0,0,0,0,0,132,1,2,0,0,0,0,2,2,0,0,1,1
2010,Mono County,March,180,2,0,0,5,0,0,177,132,1,0,0,1,0,0,132,2,5,1,1,0,0,6,6,0,0,3,3
2010,Mono County,April,177,3,0,0,5,0,0,175,132,0,0,0,2,0,0,130,3,5,0,2,0,0,7,7,0,0,3,3
2010,Mono County,May,175,0,0,0,2,0,0,173,130,0,0,0,1,0,0,129,0,2,0,1,0,0,3,3,0,0,0,0
2010,Mono County,June,173,0,0,0,0,0,0,165,129,0,0,0,0,0,0,98,0,0,0,0,0,0,0,0,0,0,0,0
2010,Mono County,July,165,0,0,0,0,0,0,165,98,0,0,0,0,0,0,98,0,0,0,0,0,0,0,0,0,0,0,0
2010,Mono County,August,165,0,0,0,4,0,0,161,98,4,0,0,0,0,0,102,0,4,4,0,0,0,4,4,0,0,4,4
2010,Mono County,September,161,0,0,0,0,0,0,161,102,0,0,0,0,0,0,102,0,0,0,0,0,0,0,0,0,0,0,0
2010,Mono County,October,161,8,0,0,0,0,0,169,102,5,0,0,0,0,0,107,8,0,5,0,0,0,0,0,0,0,13,13
2010,Mono County,November,169,0,0,0,0,0,0,169,107,0,0,0,0,0,0,107,0,0,0,0,0,0,0,0,0,0,0,0
2010,Mono County,December,169,8,0,0,0,0,0,177,107,0,0,0,0,0,0,107,8,0,0,0,0,0,0,0,0,0,8,8
2010,Monterey County,January,3596,40,39,0,28,21,0,3626,1133,10,7,0,10,0,0,1140,79,49,17,10,0,21,38,59,0,46,50,96
2010,Monterey County,February,3626,38,44,0,38,24,0,3646,1140,21,7,0,5,0,0,1163,82,62,28,5,0,24,43,67,0,51,59,110
2010,Monterey County,March,3646,76,39,0,49,29,0,3683,1163,32,6,0,15,0,0,1186,115,78,38,15,0,29,64,93,0,45,108,153
2010,Monterey County,April,3683,66,28,0,30,18,0,3729,1186,20,6,0,8,4,0,1200,94,48,26,12,0,22,38,60,0,34,86,120
2010,Monterey County,May,3729,24,12,0,33,6,0,3726,1200,11,2,0,4,4,0,1205,36,39,13,8,0,10,37,47,0,14,35,49
2010,Monterey County,June,3726,54,22,0,29,14,0,3759,1205,30,6,0,9,1,0,1231,76,43,36,10,0,15,38,53,0,28,84,112
2010,Monterey County,July,3759,55,38,0,20,22,0,3810,1231,30,3,0,4,3,0,1257,93,42,33,7,0,25,24,49,0,41,85,126
2010,Monterey County,August,3810,43,29,0,35,20,0,3827,1257,16,3,0,3,2,0,1271,72,55,19,5,0,22,38,60,0,32,59,91
2010,Monterey County,September,3827,39,15,0,24,30,0,3827,1271,15,6,0,7,4,0,1281,54,54,21,11,0,34,31,65,0,21,54,75
2010,Monterey County,October,3827,44,21,0,31,18,0,3843,1281,14,2,0,2,3,0,1292,65,49,16,5,0,21,33,54,0,23,58,81
2010,Monterey County,November,3843,41,24,0,28,25,0,3855,1292,27,5,0,11,3,0,1310,65,53,32,14,0,28,39,67,0,29,68,97
2010,Monterey County,December,3855,43,25,0,36,29,0,3858,1310,14,3,0,7,2,0,1318,68,65,17,9,0,31,43,74,0,28,57,85
2010,Napa County,January,1017,22,26,0,14,23,15,1013,970,29,22,0,19,24,13,965,48,52,51,56,28,47,33,108,0,48,51,99
2010,Napa County,February,1013,26,19,0,19,23,17,999,965,29,23,0,15,11,45,946,45,59,52,71,62,34,34,130,0,42,55,97
2010,Napa County,March,999,22,38,0,19,28,17,995,946,60,27,0,14,21,10,988,60,64,87,45,27,49,33,109,0,65,82,147
2010,Napa County,April,995,21,28,0,21,20,8,995,988,54,19,0,14,10,12,1025,49,49,73,36,20,30,35,85,0,47,75,122
2010,Napa County,May,995,20,22,0,15,12,8,1002,1025,32,21,0,22,7,14,1035,42,35,53,43,22,19,37,78,0,43,52,95
2010,Napa County,June,1002,36,14,0,16,14,9,1013,1035,37,16,23,20,16,0,1075,50,39,76,36,9,30,36,75,23,30,73,126
2010,Napa County,July,1013,17,2,0,11,17,0,1004,1075,38,1,0,23,17,0,1074,19,28,39,40,0,34,34,68,0,3,55,58
2010,Napa County,August,1004,17,40,0,25,25,0,1011,1074,36,20,0,33,15,8,1074,57,50,56,56,8,40,58,106,0,60,53,113
2010,Napa County,September,1011,25,17,0,15,13,19,1006,1074,65,16,0,16,20,23,1096,42,47,81,59,42,33,31,106,0,33,90,123
2010,Napa County,October,1006,27,25,0,27,15,6,1010,1096,50,22,0,24,13,3,1128,52,48,72,40,9,28,51,88,0,47,77,124
2010,Napa County,November,1010,19,18,0,13,11,12,1011,1128,34,9,3,23,7,0,1144,37,36,46,30,12,18,36,66,3,27,53,83
2010,Napa County,December,1011,30,18,0,23,15,0,1021,1144,49,15,0,24,9,0,1175,48,38,64,33,0,24,47,71,0,33,79,112
2010,Nevada County,January,459,18,0,1,6,0,0,472,112,6,1,0,3,0,2,114,19,6,7,5,2,0,9,11,1,1,24,26
2010,Nevada County,February,472,5,1,0,10,0,5,463,114,1,0,0,6,0,5,104,6,15,1,11,10,0,16,26,0,1,6,7
2010,Nevada County,March,463,15,0,0,7,0,14,457,104,8,0,0,3,0,0,109,15,21,8,3,14,0,10,24,0,0,23,23
2010,Nevada County,April,457,14,1,0,10,0,1,461,109,6,0,0,5,0,0,110,15,11,6,5,1,0,15,16,0,1,20,21
2010,Nevada County,May,461,10,1,0,10,0,0,462,110,13,0,0,8,0,0,115,11,10,13,8,0,0,18,18,0,1,23,24
2010,Nevada County,June,462,5,0,0,11,0,1,455,115,3,0,0,3,0,2,113,5,12,3,5,3,0,14,17,0,0,8,8
2010,Nevada County,July,455,15,0,0,12,0,3,455,113,2,0,0,2,0,2,111,15,15,2,4,5,0,14,19,0,0,17,17
2010,Nevada County,August,455,17,0,0,20,0,2,450,111,8,0,0,4,0,1,114,17,22,8,5,3,0,24,27,0,0,25,25
2010,Nevada County,September,450,11,2,3,11,0,1,454,114,5,0,0,2,0,3,114,16,12,5,5,4,0,13,17,3,2,16,21
2010,Nevada County,October,454,14,0,0,9,0,4,455,114,5,0,0,3,0,0,116,14,13,5,3,4,0,12,16,0,0,19,19
2010,Nevada County,November,455,25,0,0,11,0,2,467,116,14,0,0,2,0,3,125,25,13,14,5,5,0,13,18,0,0,39,39
2010,Nevada County,December,467,13,0,0,11,0,4,465,125,3,0,0,1,0,2,125,13,15,3,3,6,0,12,18,0,0,16,16
2010,Orange County,January,10776,627,258,2,466,258,129,10810,2889,39,8,0,33,4,0,2899,887,853,47,37,129,262,499,890,2,266,666,934
2010,Orange County,February,10810,473,286,0,395,385,135,10654,2899,23,11,0,22,9,0,2902,759,915,34,31,135,394,417,946,0,297,496,793
2010,Orange County,March,10654,662,337,0,607,545,151,10350,2902,31,8,0,41,17,1,2882,999,1303,39,59,152,562,648,1362,0,345,693,1038
2010,Orange County,April,10350,586,361,0,607,529,116,10045,2882,28,2,0,23,2,0,2887,947,1252,30,25,116,531,630,1277,0,363,614,977
2010,Orange County,May,10045,515,314,0,486,522,152,9714,2887,24,9,0,43,6,0,2871,829,1160,33,49,152,528,529,1209,0,323,539,862
2010,Orange County,June,9714,555,384,0,525,388,156,9584,2871,15,7,0,42,13,0,2838,939,1069,22,55,156,401,567,1124,0,391,570,961
2010,Orange County,July,9584,717,352,0,548,450,101,9554,2838,26,16,0,24,16,0,2840,1069,1099,42,40,101,466,572,1139,0,368,743,1111
2010,Orange County,August,9554,648,431,0,433,574,75,9551,2840,34,9,0,32,11,0,2840,1079,1082,43,43,75,585,465,1125,0,440,682,1122
2010,Orange County,September,9551,644,381,0,483,414,52,9627,2840,36,9,0,16,1,0,2868,1025,949,45,17,52,415,499,966,0,390,680,1070
2010,Orange County,October,9627,603,358,0,457,318,74,9739,2868,37,17,0,40,10,5,2867,961,849,54,55,79,328,497,904,0,375,640,1015
2010,Orange County,November,9739,568,274,0,475,463,130,9513,2867,21,15,0,21,7,0,2875,842,1068,36,28,130,470,496,1096,0,289,589,878
2010,Orange County,December,9513,577,356,0,432,425,85,9504,2875,24,8,0,21,7,0,2879,933,942,32,28,85,432,453,970,0,364,601,965
2010,Placer County,January,2758,85,2,0,30,2,0,2813,1198,15,1,0,25,0,0,1189,87,32,16,25,0,2,55,57,0,3,100,103
2010,Placer County,February,2813,73,4,0,33,2,0,2855,1189,17,0,0,9,1,0,1196,77,35,17,10,0,3,42,45,0,4,90,94
2010,Placer County,March,2855,102,6,0,47,7,8,2901,1196,33,3,0,10,1,0,1221,108,62,36,11,8,8,57,73,0,9,135,144
2010,Placer County,April,2901,98,10,0,39,5,0,2965,1221,18,1,0,28,5,0,1207,108,44,19,33,0,10,67,77,0,11,116,127
2010,Placer County,May,2965,46,1,0,7,0,1,3004,1207,23,0,0,4,0,0,1226,47,8,23,4,1,0,11,12,0,1,69,70
2010,Placer County,June,3004,39,0,0,9,0,0,3034,1226,7,0,0,6,0,0,1227,39,9,7,6,0,0,15,15,0,0,46,46
2010,Placer County,July,3034,38,0,0,10,0,0,3062,1227,9,0,0,3,0,0,1233,38,10,9,3,0,0,13,13,0,0,47,47
2010,Placer County,August,3062,38,3,0,15,0,0,3088,1233,10,0,0,1,2,0,1240,41,15,10,3,0,2,16,18,0,3,48,51
2010,Placer County,September,3088,97,3,0,53,8,0,3127,1240,30,0,0,6,1,0,1263,100,61,30,7,0,9,59,68,0,3,127,130
2010,Placer County,October,3127,35,2,0,14,0,0,3150,1263,15,0,0,5,1,0,1272,37,14,15,6,0,1,19,20,0,2,50,52
2010,Placer County,November,3150,87,3,0,35,0,0,3205,1272,36,2,0,10,1,0,1299,90,35,38,11,0,1,45,46,0,5,123,128
2010,Placer County,December,3205,80,4,0,37,2,0,3250,1299,31,3,0,5,1,0,1327,84,39,34,6,0,3,42,45,0,7,111,118
2010,Plumas County,January,245,3,13,0,4,14,0,243,212,2,7,0,12,4,0,205,16,18,9,16,0,18,16,34,0,20,5,25
2010,Plumas County,February,243,8,8,0,9,7,0,243,205,4,7,0,2,6,0,208,16,16,11,8,0,13,11,24,0,15,12,27
2010,Plumas County,March,243,10,16,0,7,17,0,245,208,8,14,0,5,12,0,213,26,24,22,17,0,29,12,41,0,30,18,48
2010,Plumas County,April,245,4,1,0,1,8,0,241,213,6,9,0,12,8,0,208,5,9,15,20,0,16,13,29,0,10,10,20
2010,Plumas County,May,241,7,10,0,3,3,0,252,208,2,6,0,3,5,0,208,17,6,8,8,0,8,6,14,0,16,9,25
2010,Plumas County,June,252,4,17,0,12,14,0,247,208,8,2,0,9,7,0,202,21,26,10,16,0,21,21,42,0,19,12,31
2010,Plumas County,July,247,10,21,0,12,14,0,252,202,4,2,0,7,4,0,197,31,26,6,11,0,18,19,37,0,23,14,37
2010,Plumas County,August,252,8,14,0,12,18,0,244,197,5,15,0,12,15,0,190,22,30,20,27,0,33,24,57,0,29,13,42
2010,Plumas County,September,244,9,17,0,6,15,0,249,190,3,14,0,5,13,0,189,26,21,17,18,0,28,11,39,0,31,12,43
2010,Plumas County,October,249,10,10,0,4,13,0,252,189,7,7,0,8,7,0,188,20,17,14,15,0,20,12,32,0,17,17,34
2010,Plumas County,November,252,6,8,0,4,7,0,255,188,8,6,0,5,9,0,188,14,11,14,14,0,16,9,25,0,14,14,28
2010,Plumas County,December,255,9,9,0,13,9,0,251,188,3,12,0,11,10,0,182,18,22,15,21,0,19,24,43,0,21,12,33
2010,Riverside County,January,16493,394,196,154,398,386,0,16453,1743,85,112,0,122,55,101,1662,744,784,197,278,101,441,520,1062,154,308,479,941
2010,Riverside County,February,16453,379,218,80,444,368,0,16318,1662,56,88,0,80,135,49,1542,677,812,144,264,49,503,524,1076,80,306,435,821
2010,Riverside County,March,16318,567,304,123,566,513,0,16233,1542,72,140,0,74,79,96,1505,994,1079,212,249,96,592,640,1328,123,444,639,1206
2010,Riverside County,April,16233,401,248,42,417,457,0,16050,1505,55,124,0,78,61,39,1506,691,874,179,178,39,518,495,1052,42,372,456,870
2010,Riverside County,May,16050,474,242,119,429,475,0,15981,1506,62,102,0,68,43,105,1454,835,904,164,216,105,518,497,1120,119,344,536,999
2010,Riverside County,June,15981,452,312,46,518,475,0,15798,1454,79,112,0,76,104,30,1435,810,993,191,210,30,579,594,1203,46,424,531,1001
2010,Riverside County,July,15798,449,273,69,405,544,0,15640,1435,63,101,0,149,56,52,1342,791,949,164,257,52,600,554,1206,69,374,512,955
2010,Riverside County,August,15640,477,255,90,440,394,0,15628,1342,67,144,0,135,88,71,1259,822,834,211,294,71,482,575,1128,90,399,544,1033
2010,Riverside County,September,15628,487,272,67,469,488,0,15497,1259,79,110,0,93,64,61,1230,826,957,189,218,61,552,562,1175,67,382,566,1015
2010,Riverside County,October,15497,414,223,38,408,381,0,15383,1230,60,91,0,76,63,31,1211,675,789,151,170,31,444,484,959,38,314,474,826
2010,Riverside County,November,15383,424,213,82,398,301,0,15403,1211,63,93,0,72,49,46,1200,719,699,156,167,46,350,470,866,82,306,487,875
2010,Riverside County,December,15403,462,239,40,573,449,0,15122,1200,92,101,0,73,84,21,1215,741,1022,193,178,21,533,646,1200,40,340,554,934
2010,Sacramento County,January,18707,392,297,2273,116,330,54,21169,0,0,0,0,0,0,0,0,2962,500,0,0,54,330,116,500,2273,297,392,2962
2010,Sacramento County,February,21169,395,288,31,140,238,316,21189,0,0,0,0,0,0,0,0,714,694,0,0,316,238,140,694,31,288,395,714
2010,Sacramento County,March,21189,459,374,49,120,273,538,21140,0,0,0,0,0,0,0,0,882,931,0,0,538,273,120,931,49,374,459,882
2010,Sacramento County,April,21140,498,306,30,137,352,390,21095,0,0,0,0,0,0,0,0,834,879,0,0,390,352,137,879,30,306,498,834
2010,Sacramento County,May,21095,504,333,5,132,265,391,21149,0,0,0,0,0,0,0,0,842,788,0,0,391,265,132,788,5,333,504,842
2010,Sacramento County,June,21149,462,299,1,104,316,493,20998,0,0,0,0,0,0,0,0,762,913,0,0,493,316,104,913,1,299,462,762
2010,Sacramento County,July,20998,465,331,80,173,305,496,20900,0,0,0,0,0,0,0,0,876,974,0,0,496,305,173,974,80,331,465,876
2010,Sacramento County,August,20900,423,418,3,146,434,167,20997,0,0,0,0,0,0,0,0,844,747,0,0,167,434,146,747,3,418,423,844
2010,Sacramento County,September,20997,440,352,6,120,316,676,20683,0,0,0,0,0,0,0,0,798,1112,0,0,676,316,120,1112,6,352,440,798
2010,Sacramento County,October,20683,467,291,6,114,390,129,20814,0,0,0,0,0,0,0,0,764,633,0,0,129,390,114,633,6,291,467,764
2010,Sacramento County,November,20814,438,269,0,133,241,523,20624,0,0,0,0,0,0,0,0,707,897,0,0,523,241,133,897,0,269,438,707
2010,Sacramento County,December,20624,0,0,0,0,0,0,20624,0,0,0,0,0,0,0,0,0,0,0,0,0,0,0,0,0,0,0,0
2010,San Benito County,January,202,23,4,0,8,11,4,206,299,8,5,17,11,14,0,304,27,23,30,25,4,25,19,48,17,9,31,57
2010,San Benito County,February,206,11,12,0,3,13,6,207,304,10,5,9,9,14,0,305,23,22,24,23,6,27,12,45,9,17,21,47
2010,San Benito County,March,207,14,12,0,6,10,10,207,305,10,8,0,18,9,0,296,26,26,18,27,10,19,24,53,0,20,24,44
2010,San Benito County,April,207,9,7,0,6,13,4,200,296,6,10,0,12,11,0,289,16,23,16,23,4,24,18,46,0,17,15,32
2010,San Benito County,May,200,13,8,0,3,14,9,195,289,2,8,27,19,3,0,304,21,26,37,22,9,17,22,48,27,16,15,58
2010,San Benito County,June,195,10,8,0,14,10,7,182,304,2,16,27,12,9,0,328,18,31,45,21,7,19,26,52,27,24,12,63
2010,San Benito County,July,182,20,9,0,14,7,10,180,328,6,11,12,10,6,0,341,29,31,29,16,10,13,24,47,12,20,26,58
2010,San Benito County,August,180,20,8,0,8,4,11,185,341,11,6,23,5,6,0,370,28,23,40,11,11,10,13,34,23,14,31,68
2010,San Benito County,September,185,5,9,9,1,0,24,183,370,11,7,0,5,4,9,370,23,25,18,18,33,4,6,43,9,16,16,41
2010,San Benito County,October,183,10,8,5,4,9,15,178,370,9,6,0,0,3,5,377,23,28,15,8,20,12,4,36,5,14,19,38
2010,San Benito County,November,178,12,3,7,13,13,13,161,377,6,5,0,14,1,2,371,22,39,11,17,15,14,27,56,7,8,18,33
2010,San Benito County,December,161,4,8,7,9,1,16,154,371,7,9,0,11,5,9,362,19,26,16,25,25,6,20,51,7,17,11,35
2010,San Bernardino County,January,23249,496,75,6,334,368,0,23124,1275,0,0,0,106,13,0,1156,577,702,0,119,0,381,440,821,6,75,496,577
2010,San Bernardino County,February,23221,391,63,2,283,342,0,23052,1199,0,2,0,81,7,0,1113,456,625,2,88,0,349,364,713,2,65,391,458
2010,San Bernardino County,March,23053,566,115,11,377,470,0,22898,1147,1,0,0,97,9,0,1042,692,847,1,106,0,479,474,953,11,115,567,693
2010,San Bernardino County,April,22945,561,136,4,333,498,0,22815,1076,0,1,0,109,11,0,957,701,831,1,120,0,509,442,951,4,137,561,702
2010,San Bernardino County,May,22888,488,112,2,383,462,0,22645,1014,1,2,0,134,14,0,869,602,845,3,148,0,476,517,993,2,114,489,605
2010,San Bernardino County,June,22684,522,142,4,375,460,0,22517,951,1,1,0,125,12,0,816,668,835,2,137,0,472,500,972,4,143,523,670
2010,San Bernardino County,July,22578,492,145,2,442,389,0,22386,889,4,4,0,94,13,0,790,639,831,8,107,0,402,536,938,2,149,496,647
2010,San Bernardino County,August,22384,611,114,2,441,434,0,22236,819,2,2,0,128,8,0,687,727,875,4,136,0,442,569,1011,2,116,613,731
2010,San Bernardino County,September,22408,557,109,0,424,433,0,22217,757,0,0,0,89,8,0,660,666,857,0,97,0,441,513,954,0,109,557,666
2010,San Bernardino County,October,22318,450,123,5,384,437,0,22075,696,1,0,1,91,13,0,594,578,821,2,104,0,450,475,925,6,123,451,580
2010,San Bernardino County,November,22244,483,132,2,357,429,0,22075,638,2,2,0,86,7,0,549,617,786,4,93,0,436,443,879,2,134,485,621
2010,San Bernardino County,December,22178,465,133,2,276,436,0,22066,592,2,1,0,79,4,0,512,600,712,3,83,0,440,355,795,2,134,467,603
2010,San Diego County,January,16098,393,121,0,359,231,1,16021,816,16,5,0,17,9,0,811,514,591,21,26,1,240,376,617,0,126,409,535
2010,San Diego County,February,15979,368,129,0,288,213,1,15974,799,22,3,0,15,10,1,798,497,502,25,26,2,223,303,528,0,132,390,522
2010,San Diego County,March,15974,454,115,0,335,271,1,15936,798,23,4,0,20,7,0,798,569,607,27,27,1,278,355,634,0,119,477,596
2010,San Diego County,April,15980,446,111,0,341,194,0,16002,789,24,5,0,17,11,0,790,557,535,29,28,0,205,358,563,0,116,470,586
2010,San Diego County,May,15986,364,92,0,288,170,0,15984,784,16,4,0,14,5,0,785,456,458,20,19,0,175,302,477,0,96,380,476
2010,San Diego County,June,15443,0,0,0,265,0,0,15178,780,0,0,0,11,0,0,769,0,265,0,11,0,0,276,276,0,0,0,0
2010,San Diego County,July,15872,347,101,0,298,179,0,15843,776,14,4,0,9,6,0,779,448,477,18,15,0,185,307,492,0,105,361,466
2010,San Diego County,August,15765,491,109,0,349,186,5,15825,746,16,4,0,16,10,0,740,600,540,20,26,5,196,365,566,0,113,507,620
2010,San Diego County,September,14566,0,0,0,305,0,0,14261,747,0,0,0,12,0,0,735,0,305,0,12,0,0,317,317,0,0,0,0
2010,San Diego County,October,15797,272,80,0,303,180,3,15663,730,11,3,0,17,6,0,721,352,486,14,23,3,186,320,509,0,83,283,366
2010,San Diego County,November,15762,270,54,0,278,185,3,15620,723,11,0,0,8,4,0,722,324,466,11,12,3,189,286,478,0,54,281,335
2010,San Diego County,December,15679,275,73,0,276,197,1,15553,719,14,1,0,8,9,0,717,348,474,15,17,1,206,284,491,0,74,289,363
2010,San Francisco County,January,6141,90,8,17,97,15,70,6074,1109,5,0,1,7,2,6,1100,115,182,6,15,76,17,104,197,18,8,95,121
2010,San Francisco County,February,6074,202,6,52,97,19,54,6164,1100,9,1,0,27,1,6,1076,260,170,10,34,60,20,124,204,52,7,211,270
2010,San Francisco County,March,6164,171,6,64,120,36,115,6134,1076,11,0,0,25,4,4,1054,241,271,11,33,119,40,145,304,64,6,182,252
2010,San Francisco County,April,6134,112,10,37,181,19,82,6011,1054,5,1,0,1,4,1,1054,159,282,6,6,83,23,182,288,37,11,117,165
2010,San Francisco County,May,6011,138,11,50,151,27,126,5906,1054,28,0,1,27,0,4,1052,199,304,29,31,130,27,178,335,51,11,166,228
2010,San Francisco County,June,5906,143,17,54,131,16,92,5881,1052,17,0,1,8,2,5,1055,214,239,18,15,97,18,139,254,55,17,160,232
2010,San Francisco County,July,5881,80,33,0,75,41,136,5742,1055,37,9,0,10,0,17,1074,113,252,46,27,153,41,85,279,0,42,117,159
2010,San Francisco County,August,5742,146,30,0,63,27,175,5653,1074,12,5,0,8,2,13,1068,176,265,17,23,188,29,71,288,0,35,158,193
2010,San Francisco County,September,5653,97,28,0,97,21,175,5485,1068,42,9,0,12,4,19,1084,125,293,51,35,194,25,109,328,0,37,139,176
2010,San Francisco County,October,5485,118,27,0,73,24,167,5366,1084,48,9,0,4,3,17,1117,145,264,57,24,184,27,77,288,0,36,166,202
2010,San Francisco County,November,5366,115,21,0,79,23,150,5250,1117,41,8,0,6,0,21,1139,136,252,49,27,171,23,85,279,0,29,156,185
2010,San Francisco County,December,5250,117,17,0,71,30,167,5116,1139,33,4,0,8,2,22,1144,134,268,37,32,189,32,79,300,0,21,150,171
2010,San Joaquin County,January,7266,85,177,45,134,141,15,7283,7317,80,200,13,154,192,11,7253,307,290,293,357,26,333,288,647,58,377,165,600
2010,San Joaquin County,February,7283,79,181,31,84,121,0,7369,7253,55,157,9,94,109,3,7268,291,205,221,206,3,230,178,411,40,338,134,512
2010,San Joaquin County,March,7369,106,157,44,148,147,1,7380,7268,67,173,6,201,202,18,7093,307,296,246,421,19,349,349,717,50,330,173,553
2010,San Joaquin County,April,7380,97,182,40,96,215,6,7382,7093,48,156,5,130,322,10,6840,319,317,209,462,16,537,226,779,45,338,145,528
2010,San Joaquin County,May,7382,72,160,47,98,181,7,7375,6840,50,162,12,107,199,5,6753,279,286,224,311,12,380,205,597,59,322,122,503
2010,San Joaquin County,June,7375,75,176,31,101,103,0,7453,6753,56,145,1,120,90,0,6745,282,204,202,210,0,193,221,414,32,321,131,484
2010,San Joaquin County,July,7453,94,187,27,226,42,0,7493,6745,53,144,0,103,50,0,6789,308,268,197,153,0,92,329,421,27,331,147,505
2010,San Joaquin County,August,7493,81,81,39,246,74,14,7360,6789,60,71,2,151,106,3,6662,201,334,133,260,17,180,397,594,41,152,141,334
2010,San Joaquin County,September,7360,86,141,16,149,90,94,7270,6662,63,153,1,157,84,23,6615,243,333,217,264,117,174,306,597,17,294,149,460
2010,San Joaquin County,October,7270,87,114,18,177,59,22,7231,6615,65,106,1,94,64,12,6617,219,258,172,170,34,123,271,428,19,220,152,391
2010,San Joaquin County,November,7231,60,107,35,86,95,9,7243,6617,39,94,0,120,83,0,6547,202,190,133,203,9,178,206,393,35,201,99,335
2010,San Joaquin County,December,7243,105,111,0,207,178,0,7074,6547,162,106,0,174,196,0,6445,216,385,268,370,0,374,381,755,0,217,267,484
2010,San Luis Obispo County,January,2067,37,21,0,35,28,0,2062,1170,36,9,0,26,16,0,1173,58,63,45,42,0,44,61,105,0,30,73,103
2010,San Luis Obispo County,February,2062,41,19,0,29,27,0,2066,1173,15,15,0,24,6,0,1173,60,56,30,30,0,33,53,86,0,34,56,90
2010,San Luis Obispo County,March,2066,72,32,0,78,32,6,2054,1173,31,11,0,65,8,1,1141,104,116,42,74,7,40,143,190,0,43,103,146
2010,San Luis Obispo County,April,2054,57,20,0,50,43,9,2029,1141,33,4,0,23,15,7,1133,77,102,37,45,16,58,73,147,0,24,90,114
2010,San Luis Obispo County,May,2029,53,21,0,30,38,14,2021,1133,30,13,0,23,27,1,1125,74,82,43,51,15,65,53,133,0,34,83,117
2010,San Luis Obispo County,June,2021,51,19,0,78,72,10,1931,1125,36,15,0,61,28,3,1084,70,160,51,92,13,100,139,252,0,34,87,121
2010,San Luis Obispo County,July,1931,70,43,0,44,47,13,1940,1084,34,19,0,26,18,4,1089,113,104,53,48,17,65,70,152,0,62,104,166
2010,San Luis Obispo County,August,1940,45,26,0,35,50,19,1907,1089,33,19,0,33,33,8,1067,71,104,52,74,27,83,68,178,0,45,78,123
2010,San Luis Obispo County,September,1907,55,17,0,22,41,9,1907,1067,37,12,0,31,20,2,1063,72,72,49,53,11,61,53,125,0,29,92,121
2010,San Luis Obispo County,October,1907,66,2,0,51,53,21,1850,1063,46,1,0,48,33,5,1024,68,125,47,86,26,86,99,211,0,3,112,115
2010,San Luis Obispo County,November,1346,30,23,0,61,36,12,1290,746,21,9,0,35,19,8,714,53,109,30,62,20,55,96,171,0,32,51,83
2010,San Luis Obispo County,December,1290,31,24,0,47,30,8,1260,714,26,13,0,36,13,5,699,55,85,39,54,13,43,83,139,0,37,57,94
2010,San Mateo County,January,4976,85,34,0,96,55,1,4943,1851,67,12,0,63,27,0,1840,119,152,79,90,1,82,159,242,0,46,152,198
2010,San Mateo County,February,4943,86,43,0,74,41,0,4957,1840,71,11,0,60,34,0,1828,129,115,82,94,0,75,134,209,0,54,157,211
2010,San Mateo County,March,4957,96,51,0,94,49,0,4961,1828,64,15,0,85,37,0,1785,147,143,79,122,0,86,179,265,0,66,160,226
2010,San Mateo County,April,4961,131,46,0,64,41,0,5033,1785,62,17,0,52,26,0,1786,177,105,79,78,0,67,116,183,0,63,193,256
2010,San Mateo County,May,5033,110,34,0,107,40,0,5030,1786,58,11,0,48,33,0,1774,144,147,69,81,0,73,155,228,0,45,168,213
2010,San Mateo County,June,5030,97,49,0,78,52,1,5045,1774,66,8,0,64,28,0,1756,146,131,74,92,1,80,142,223,0,57,163,220
2010,San Mateo County,July,5045,101,50,0,98,58,0,5040,1756,59,14,0,93,32,1,1703,151,156,73,126,1,90,191,282,0,64,160,224
2010,San Mateo County,August,5040,93,43,0,71,70,0,5035,1703,77,6,0,65,22,0,1699,136,141,83,87,0,92,136,228,0,49,170,219
2010,San Mateo County,September,5035,97,34,0,105,65,3,4993,1699,65,5,0,68,20,0,1681,131,173,70,88,3,85,173,261,0,39,162,201
2010,San Mateo County,October,4993,83,55,0,96,39,0,4996,1681,68,8,0,56,18,0,1683,138,135,76,74,0,57,152,209,0,63,151,214
2010,San Mateo County,November,4996,77,42,0,97,46,1,4971,1683,51,8,0,62,24,0,1656,119,144,59,86,1,70,159,230,0,50,128,178
2010,San Mateo County,December,4971,101,32,0,63,45,0,4996,1656,62,8,0,90,29,0,1607,133,108,70,119,0,74,153,227,0,40,163,203
2010,Santa Barbara County,January,2837,76,42,0,45,40,9,2861,2000,166,38,0,105,40,3,2056,118,94,204,148,12,80,150,242,0,80,242,322
2010,Santa Barbara County,February,2838,87,39,0,53,49,9,2853,1996,117,49,0,136,49,7,1970,126,111,166,192,16,98,189,303,0,88,204,292
2010,Santa Barbara County,March,2838,118,50,0,59,95,6,2846,2004,165,58,0,169,76,3,1979,168,160,223,248,9,171,228,408,0,108,283,391
2010,Santa Barbara County,April,2826,97,44,0,63,65,6,2833,1996,135,47,0,147,63,6,1962,141,134,182,216,12,128,210,350,0,91,232,323
2010,Santa Barbara County,May,2810,90,40,0,68,76,11,2785,1930,120,43,0,158,62,6,1867,130,155,163,226,17,138,226,381,0,83,210,293
2010,Santa Barbara County,June,2773,74,40,0,44,80,6,2757,1823,163,45,0,165,58,8,1800,114,130,208,231,14,138,209,361,0,85,237,322
2010,Santa Barbara County,July,2752,109,44,0,50,78,13,2764,1829,127,42,0,155,77,6,1760,153,141,169,238,19,155,205,379,0,86,236,322
2010,Santa Barbara County,August,2755,114,43,0,73,51,10,2778,1789,136,46,0,148,47,5,1771,157,134,182,200,15,98,221,334,0,89,250,339
2010,Santa Barbara County,September,2764,99,40,0,57,75,11,2760,1768,111,40,0,110,55,4,1750,139,143,151,169,15,130,167,312,0,80,210,290
2010,Santa Barbara County,October,2782,86,42,0,58,95,12,2745,1765,136,41,0,130,75,2,1735,128,165,177,207,14,170,188,372,0,83,222,305
2010,Santa Barbara County,November,2749,96,42,0,47,75,7,2758,1715,140,45,0,125,57,2,1716,138,129,185,184,9,132,172,313,0,87,236,323
2010,Santa Barbara County,December,2757,80,42,0,50,54,4,2771,1707,117,54,0,107,46,3,1722,122,108,171,156,7,100,157,264,0,96,197,293
2010,Santa Clara County,January,9385,482,214,145,233,191,466,9336,3792,257,169,143,198,189,294,3680,841,890,569,681,760,380,431,1571,288,383,739,1410
2010,Santa Clara County,February,9336,498,256,198,264,214,509,9301,3680,203,193,123,177,153,258,3611,952,987,519,588,767,367,441,1575,321,449,701,1471
2010,Santa Clara County,March,9301,622,267,309,253,298,599,9349,3611,246,210,248,222,218,358,3517,1198,1150,704,798,957,516,475,1948,557,477,868,1902
2010,Santa Clara County,April,9349,586,267,278,296,295,560,9329,3517,241,184,193,203,178,292,3462,1131,1151,618,673,852,473,499,1824,471,451,827,1749
2010,Santa Clara County,May,9329,475,251,231,260,264,535,9227,3462,222,165,181,174,169,303,3384,957,1059,568,646,838,433,434,1705,412,416,697,1525
2010,Santa Clara County,June,9227,588,258,298,252,270,578,9271,3384,233,158,194,208,196,311,3254,1144,1100,585,715,889,466,460,1815,492,416,821,1729
2010,Santa Clara County,July,9271,507,229,259,238,248,527,9253,3254,239,163,153,176,176,276,3181,995,1013,555,628,803,424,414,1641,412,392,746,1550
2010,Santa Clara County,August,9253,441,247,248,213,279,521,9176,3181,256,187,176,191,197,276,3136,936,1013,619,664,797,476,404,1677,424,434,697,1555
2010,Santa Clara County,September,9176,468,229,196,222,248,454,9145,3136,255,175,205,214,170,288,3099,893,924,635,672,742,418,436,1596,401,404,723,1528
2010,Santa Clara County,October,9145,470,214,223,269,217,492,9074,3099,224,149,166,187,194,259,2998,907,978,539,640,751,411,456,1618,389,363,694,1446
2010,Santa Clara County,November,9074,492,197,226,173,221,505,9090,2998,242,128,166,122,162,294,2956,915,899,536,578,799,383,295,1477,392,325,734,1451
2010,Santa Clara County,December,9090,487,220,291,172,252,552,9112,2956,225,173,193,148,177,298,2924,998,976,591,623,850,429,320,1599,484,393,712,1589
2010,Santa Cruz County,January,3142,57,26,0,34,10,0,3181,1935,45,19,0,44,12,0,1943,83,44,64,56,0,22,78,100,0,45,102,147
2010,Santa Cruz County,February,3181,30,17,0,41,20,0,3167,1943,19,21,0,35,7,0,1941,47,61,40,42,0,27,76,103,0,38,49,87
2010,Santa Cruz County,March,3167,46,25,0,60,9,0,3169,1941,32,13,0,28,3,0,1955,71,69,45,31,0,12,88,100,0,38,78,116
2010,Santa Cruz County,April,3169,44,27,0,37,16,0,3187,1955,41,22,0,29,9,0,1980,71,53,63,38,0,25,66,91,0,49,85,134
2010,Santa Cruz County,May,3187,45,25,0,46,12,0,3199,1980,36,20,0,24,7,0,2005,70,58,56,31,0,19,70,89,0,45,81,126
2010,Santa Cruz County,June,3199,40,25,0,40,10,0,3214,2005,30,20,0,20,5,0,2030,65,50,50,25,0,15,60,75,0,45,70,115
2010,Santa Cruz County,July,3214,56,23,0,54,14,0,3225,2030,48,20,0,44,5,0,2049,79,68,68,49,0,19,98,117,0,43,104,147
2010,Santa Cruz County,August,3225,43,36,0,29,14,0,3261,2049,30,10,0,25,4,0,2060,79,43,40,29,0,18,54,72,0,46,73,119
2010,Santa Cruz County,September,3261,41,36,0,15,7,0,3316,2060,31,10,0,6,5,0,2090,77,22,41,11,0,12,21,33,0,46,72,118
2010,Santa Cruz County,October,3316,35,36,0,35,10,0,3342,2090,37,10,0,9,5,0,2123,71,45,47,14,0,15,44,59,0,46,72,118
2010,Santa Cruz County,November,3342,46,36,0,32,10,0,3382,2123,38,10,0,27,0,0,2144,82,42,48,27,0,10,59,69,0,46,84,130
2010,Santa Cruz County,December,3382,50,36,0,33,2,0,3433,2144,39,10,0,41,6,0,2146,86,35,49,47,0,8,74,82,0,46,89,135
2010,Shasta County,January,2919,20,13,0,31,13,0,2908,447,8,3,0,18,0,0,440,33,44,11,18,0,13,49,62,0,16,28,44
2010,Shasta County,February,2908,29,28,5,64,28,0,2878,440,25,4,0,20,0,0,449,62,92,29,20,0,28,84,112,5,32,54,91
2010,Shasta County,March,2878,49,9,0,51,12,10,2863,328,14,4,0,16,1,0,329,58,73,18,17,10,13,67,90,0,13,63,76
2010,Shasta County,April,2863,75,16,0,41,16,10,2887,329,15,0,0,12,0,0,332,91,67,15,12,10,16,53,79,0,16,90,106
2010,Shasta County,May,2887,43,26,0,55,26,14,2861,332,26,7,0,18,0,0,347,69,95,33,18,14,26,73,113,0,33,69,102
2010,Shasta County,June,2861,77,22,0,70,23,8,2859,347,18,0,0,14,1,1,349,99,101,18,16,9,24,84,117,0,22,95,117
2010,Shasta County,July,1962,50,13,0,61,13,14,1937,359,21,0,0,12,0,0,368,63,88,21,12,14,13,73,100,0,13,71,84
2010,Shasta County,August,1937,78,11,0,63,12,18,1933,368,14,0,0,14,1,1,366,89,93,14,16,19,13,77,109,0,11,92,103
2010,Shasta County,September,1933,31,17,0,39,18,13,1911,366,17,0,0,16,2,2,363,48,70,17,20,15,20,55,90,0,17,48,65
2010,Shasta County,October,1911,46,12,2,50,12,14,1895,363,14,0,0,18,0,4,355,60,76,14,22,18,12,68,98,2,12,60,74
2010,Shasta County,November,1895,34,12,0,59,13,19,1850,355,14,0,0,14,2,7,346,46,91,14,23,26,15,73,114,0,12,48,60
2010,Shasta County,December,1850,44,17,2,20,17,14,1862,346,8,0,0,8,0,1,345,63,51,8,9,15,17,28,60,2,17,52,71
2010,Sierra County,January,29,2,0,0,0,0,0,31,11,1,0,0,0,0,0,12,2,0,1,0,0,0,0,0,0,0,3,3
2010,Sierra County,February,31,4,0,0,1,0,0,34,12,0,0,0,0,0,0,12,4,1,0,0,0,0,1,1,0,0,4,4
2010,Sierra County,March,34,0,0,0,0,1,3,30,12,0,0,0,0,0,0,12,0,4,0,0,3,1,0,4,0,0,0,0
2010,Sierra County,April,30,1,0,0,0,0,2,29,12,1,0,0,0,0,0,13,1,2,1,0,2,0,0,2,0,0,2,2
2010,Sierra County,May,29,0,0,0,0,0,0,29,13,1,0,0,1,0,0,13,0,0,1,1,0,0,1,1,0,0,1,1
2010,Sierra County,June,29,2,0,0,1,0,0,30,13,0,0,0,2,0,0,11,2,1,0,2,0,0,3,3,0,0,2,2
2010,Sierra County,July,30,3,0,0,1,0,0,32,11,0,0,0,0,0,0,11,3,1,0,0,0,0,1,1,0,0,3,3
2010,Sierra County,August,32,0,0,1,1,1,2,29,11,0,0,0,0,0,0,11,1,4,0,0,2,1,1,4,1,0,0,1
2010,Sierra County,September,29,2,0,0,1,0,3,27,11,0,0,0,0,0,0,11,2,4,0,0,3,0,1,4,0,0,2,2
2010,Sierra County,October,27,3,0,0,3,0,3,24,11,1,0,0,1,0,1,10,3,6,1,2,4,0,4,8,0,0,4,4
2010,Sierra County,November,24,0,0,0,3,0,0,21,10,0,0,0,1,0,0,9,0,3,0,1,0,0,4,4,0,0,0,0
2010,Sierra County,December,21,0,0,0,2,0,1,18,9,0,0,0,0,0,0,9,0,3,0,0,1,0,2,3,0,0,0,0
2010,Siskiyou County,January,592,19,6,1,10,8,0,600,0,0,0,0,0,0,0,0,26,18,0,0,0,8,10,18,1,6,19,26
2010,Siskiyou County,February,600,10,7,5,6,9,10,597,0,0,0,0,0,0,0,0,22,25,0,0,10,9,6,25,5,7,10,22
2010,Siskiyou County,March,597,18,5,2,9,4,0,609,0,0,0,0,0,0,0,0,25,13,0,0,0,4,9,13,2,5,18,25
2010,Siskiyou County,April,609,15,6,1,6,5,5,615,0,0,0,0,0,0,0,0,22,16,0,0,5,5,6,16,1,6,15,22
2010,Siskiyou County,May,615,8,5,2,6,8,5,611,0,0,0,0,0,0,0,0,15,19,0,0,5,8,6,19,2,5,8,15
2010,Siskiyou County,June,611,20,3,6,9,9,2,620,0,0,0,0,0,0,0,0,29,20,0,0,2,9,9,20,6,3,20,29
2010,Siskiyou County,July,620,5,1,0,12,5,17,592,0,0,0,0,0,0,0,0,6,34,0,0,17,5,12,34,0,1,5,6
2010,Siskiyou County,August,592,9,4,5,3,11,4,592,0,0,0,0,0,0,0,0,18,18,0,0,4,11,3,18,5,4,9,18
2010,Siskiyou County,September,592,12,6,2,14,11,6,581,0,0,0,0,0,0,0,0,20,31,0,0,6,11,14,31,2,6,12,20
2010,Siskiyou County,October,581,8,2,1,4,5,0,583,0,0,0,0,0,0,0,0,11,9,0,0,0,5,4,9,1,2,8,11
2010,Siskiyou County,November,583,9,6,226,3,9,206,606,0,0,0,0,0,0,0,0,241,218,0,0,206,9,3,218,226,6,9,241
2010,Siskiyou County,December,606,12,4,22,1,9,7,627,0,0,0,0,0,0,0,0,38,17,0,0,7,9,1,17,22,4,12,38
2010,Solano County,January,3026,86,0,0,60,53,2,2997,952,18,0,0,21,14,3,932,86,115,18,38,5,67,81,153,0,0,104,104
2010,Solano County,February,2953,64,0,0,48,25,0,2944,931,15,0,0,17,4,1,924,64,73,15,22,1,29,65,95,0,0,79,79
2010,Solano County,March,2965,65,0,0,63,41,0,2926,919,16,0,0,24,3,2,906,65,104,16,29,2,44,87,133,0,0,81,81
2010,Solano County,April,3006,70,0,0,65,81,1,2929,940,23,0,0,28,14,2,919,70,147,23,44,3,95,93,191,0,0,93,93
2010,Solano County,May,2870,71,1,0,63,33,2,2844,910,22,0,0,30,3,2,897,72,98,22,35,4,36,93,133,0,1,93,94
2010,Solano County,June,2904,73,1,0,63,61,4,2850,919,20,0,0,33,7,3,896,74,128,20,43,7,68,96,171,0,1,93,94
2010,Solano County,July,2848,89,0,0,58,12,1,2866,903,23,0,0,22,3,1,900,89,71,23,26,2,15,80,97,0,0,112,112
2010,Solano County,August,2820,73,0,0,50,22,0,2821,881,26,0,0,14,2,0,891,73,72,26,16,0,24,64,88,0,0,99,99
2010,Solano County,September,2969,78,0,0,40,6,0,3001,953,20,0,0,16,1,0,956,78,46,20,17,0,7,56,63,0,0,98,98
2010,Solano County,October,3036,66,0,0,64,7,0,3031,970,8,0,0,24,0,2,952,66,71,8,26,2,7,88,97,0,0,74,74
2010,Solano County,November,3029,60,0,0,34,11,1,3043,961,12,0,0,16,1,0,956,60,46,12,17,1,12,50,63,0,0,72,72
2010,Solano County,December,3040,73,0,0,5,5,2,3101,959,12,0,0,5,0,0,966,73,12,12,5,2,5,10,17,0,0,85,85
2010,Sonoma County,January,2376,114,69,0,67,71,2,2419,774,26,26,3,33,22,8,766,183,140,55,63,10,93,100,203,3,95,140,238
2010,Sonoma County,February,2410,83,62,1,82,61,3,2410,771,36,22,2,21,27,11,772,146,146,60,59,14,88,103,205,3,84,119,206
2010,Sonoma County,March,2416,98,69,2,69,80,5,2431,774,42,24,0,22,33,20,765,169,154,66,75,25,113,91,229,2,93,140,235
2010,Sonoma County,April,2427,79,74,4,70,89,2,2423,771,25,36,2,37,30,11,756,157,161,63,78,13,119,107,239,6,110,104,220
2010,Sonoma County,May,2418,90,55,1,65,67,3,2429,767,22,29,2,34,19,16,751,146,135,53,69,19,86,99,204,3,84,112,199
2010,Sonoma County,June,2431,80,67,2,77,96,2,2405,753,25,17,1,29,31,10,726,149,175,43,70,12,127,106,245,3,84,105,192
2010,Sonoma County,July,2405,78,84,0,88,76,6,2397,736,27,26,0,30,22,20,717,162,170,53,72,26,98,118,242,0,110,105,215
2010,Sonoma County,August,2396,90,61,2,75,94,3,2377,724,23,33,3,38,28,13,704,153,172,59,79,16,122,113,251,5,94,113,212
2010,Sonoma County,September,2373,93,95,1,75,80,2,2405,719,33,29,0,32,26,16,707,189,157,62,74,18,106,107,231,1,124,126,251
2010,Sonoma County,October,2406,81,63,0,73,79,3,2395,706,23,21,0,22,23,12,693,144,155,44,57,15,102,95,212,0,84,104,188
2010,Sonoma County,November,2393,78,69,0,58,88,2,2392,701,26,18,1,19,27,13,687,147,148,45,59,15,115,77,207,1,87,104,192
2010,Sonoma County,December,2391,103,75,0,80,77,3,2409,688,16,27,3,17,20,17,680,178,160,46,54,20,97,97,214,3,102,119,224
2010,Stanislaus County,January,3814,93,117,18,101,159,24,3758,309,2,2,0,3,0,0,310,228,284,4,3,24,159,104,287,18,119,95,232
2010,Stanislaus County,February,3758,112,121,24,111,112,19,3773,310,2,1,0,2,0,0,311,257,242,3,2,19,112,113,244,24,122,114,260
2010,Stanislaus County,March,3773,140,156,11,109,182,30,3759,311,2,0,0,0,0,0,313,307,321,2,0,30,182,109,321,11,156,142,309
2010,Stanislaus County,April,3759,107,139,11,132,139,28,3717,313,0,1,0,1,1,0,312,257,299,1,2,28,140,133,301,11,140,107,258
2010,Stanislaus County,May,3717,124,121,7,134,166,43,3626,312,1,0,1,0,4,0,310,252,343,2,4,43,170,134,347,8,121,125,254
2010,Stanislaus County,June,3626,143,105,7,96,146,24,3615,310,1,0,0,1,0,0,310,255,266,1,1,24,146,97,267,7,105,144,256
2010,Stanislaus County,July,3615,153,119,9,49,80,21,3746,310,0,0,0,0,0,0,310,281,150,0,0,21,80,49,150,9,119,153,281
2010,Stanislaus County,August,3746,103,90,15,142,132,26,3654,310,0,0,0,0,0,0,310,208,300,0,0,26,132,142,300,15,90,103,208
2010,Stanislaus County,September,3654,68,90,10,44,127,26,3625,310,0,0,0,0,0,0,310,168,197,0,0,26,127,44,197,10,90,68,168
2010,Stanislaus County,October,3625,53,123,16,138,126,21,3532,310,0,0,0,0,2,0,308,192,285,0,2,21,128,138,287,16,123,53,192
2010,Stanislaus County,November,3532,68,98,14,144,116,29,3423,308,0,0,0,0,0,0,308,180,289,0,0,29,116,144,289,14,98,68,180
2010,Stanislaus County,December,3423,77,118,6,94,118,29,3383,308,0,0,0,0,0,0,308,201,241,0,0,29,118,94,241,6,118,77,201
2010,Sutter County,January,981,21,5,0,1,14,20,972,40,1,1,0,0,1,0,41,26,35,2,1,20,15,1,36,0,6,22,28
2010,Sutter County,February,972,23,7,0,7,14,13,968,41,3,1,0,1,1,0,43,30,34,4,2,13,15,8,36,0,8,26,34
2010,Sutter County,March,968,23,1,0,1,16,20,955,43,2,0,0,3,0,2,40,24,37,2,5,22,16,4,42,0,1,25,26
2010,Sutter County,April,955,18,2,1,2,8,15,951,40,3,1,0,1,0,0,43,21,25,4,1,15,8,3,26,1,3,21,25
2010,Sutter County,May,951,27,1,1,3,7,19,951,43,1,0,0,0,0,0,44,29,29,1,0,19,7,3,29,1,1,28,30
2010,Sutter County,June,951,25,1,1,10,11,13,944,44,3,0,0,2,0,2,43,27,34,3,4,15,11,12,38,1,1,28,30
2010,Sutter County,July,944,24,3,0,5,15,15,936,43,2,0,1,4,3,0,39,27,35,3,7,15,18,9,42,1,3,26,30
2010,Sutter County,August,936,38,1,3,6,17,8,947,39,4,0,0,1,0,0,42,42,31,4,1,8,17,7,32,3,1,42,46
2010,Sutter County,September,947,16,7,1,7,56,15,893,42,3,0,2,1,3,0,43,24,78,5,4,15,59,8,82,3,7,19,29
2010,Sutter County,October,893,27,6,2,5,17,12,894,43,3,0,0,0,1,0,45,35,34,3,1,12,18,5,35,2,6,30,38
2010,Sutter County,November,894,17,4,1,1,18,9,888,45,2,0,0,4,2,0,41,22,28,2,6,9,20,5,34,1,4,19,24
2010,Sutter County,December,888,10,8,1,1,20,16,870,41,5,1,0,1,5,0,41,19,37,6,6,16,25,2,43,1,9,15,25
2010,Tehama County,January,405,3,0,0,2,0,9,397,38,3,0,0,0,0,2,39,3,11,3,2,11,0,2,13,0,0,6,6
2010,Tehama County,February,397,8,0,9,0,0,6,408,39,0,0,0,0,0,2,37,17,6,0,2,8,0,0,8,9,0,8,17
2010,Tehama County,March,408,12,0,18,21,2,17,398,37,0,0,0,0,0,5,32,30,40,0,5,22,2,21,45,18,0,12,30
2010,Tehama County,April,398,10,4,0,8,17,37,350,32,2,0,0,0,1,0,33,14,62,2,1,37,18,8,63,0,4,12,16
2010,Tehama County,May,350,10,5,2,6,5,4,352,33,1,0,1,0,1,0,34,17,15,2,1,4,6,6,16,3,5,11,19
2010,Tehama County,June,352,24,3,67,6,20,91,329,34,6,0,2,1,3,2,36,94,117,8,6,93,23,7,123,69,3,30,102
2010,Tehama County,July,329,13,2,74,7,1,71,339,36,7,0,9,0,2,7,43,89,79,16,9,78,3,7,88,83,2,20,105
2010,Tehama County,August,339,12,4,12,6,11,7,343,43,2,0,0,0,1,1,43,28,24,2,2,8,12,6,26,12,4,14,30
2010,Tehama County,September,343,6,7,7,6,9,6,342,43,1,0,1,4,1,2,38,20,21,2,7,8,10,10,28,8,7,7,22
2010,Tehama County,October,342,11,4,2,5,12,25,317,38,2,0,3,0,1,2,40,17,42,5,3,27,13,5,45,5,4,13,22
2010,Tehama County,November,317,12,3,3,2,8,7,318,40,3,1,0,0,0,1,43,18,17,4,1,8,8,2,18,3,4,15,22
2010,Tehama County,December,318,17,0,1,1,5,8,322,43,2,0,2,1,2,1,43,18,14,4,4,9,7,2,18,3,0,19,22
2010,Trinity County,January,320,5,0,2,3,0,0,324,8,1,0,0,1,0,1,7,7,3,1,2,1,0,4,5,2,0,6,8
2010,Trinity County,February,324,6,0,0,0,0,3,327,7,0,0,0,0,0,0,7,6,3,0,0,3,0,0,3,0,0,6,6
2010,Trinity County,March,327,14,0,0,3,0,9,329,7,2,0,0,0,0,0,9,14,12,2,0,9,0,3,12,0,0,16,16
2010,Trinity County,April,329,4,0,2,7,0,1,327,9,3,0,0,0,0,0,12,6,8,3,0,1,0,7,8,2,0,7,9
2010,Trinity County,May,327,2,0,1,4,0,0,326,12,1,0,0,0,0,0,13,3,4,1,0,0,0,4,4,1,0,3,4
2010,Trinity County,June,326,7,0,1,5,0,2,327,13,1,0,0,2,0,0,12,8,7,1,2,2,0,7,9,1,0,8,9
2010,Trinity County,July,327,1,0,0,4,2,1,321,12,1,0,0,0,0,0,13,1,7,1,0,1,2,4,7,0,0,2,2
2010,Trinity County,August,321,7,0,3,6,0,0,325,13,1,0,0,2,0,0,12,10,6,1,2,0,0,8,8,3,0,8,11
2010,Trinity County,September,325,4,0,1,6,0,1,323,12,1,0,0,0,0,0,13,5,7,1,0,1,0,6,7,1,0,5,6
2010,Trinity County,October,323,4,0,0,3,0,0,324,13,0,0,0,0,0,0,13,4,3,0,0,0,0,3,3,0,0,4,4
2010,Trinity County,November,324,5,0,0,8,0,1,320,13,1,0,0,1,0,0,13,5,9,1,1,1,0,9,10,0,0,6,6
2010,Trinity County,December,320,4,0,0,3,0,0,321,13,1,0,0,1,0,0,13,4,3,1,1,0,0,4,4,0,0,5,5
2010,Tulare County,January,4802,83,25,8,14,8,97,4799,0,0,0,0,0,0,0,0,116,119,0,0,97,8,14,119,8,25,83,116
2010,Tulare County,February,4799,60,28,9,6,1,183,4706,0,0,0,0,0,0,0,0,97,190,0,0,183,1,6,190,9,28,60,97
2010,Tulare County,March,4706,235,48,23,17,3,150,4842,0,0,0,0,0,0,0,0,306,170,0,0,150,3,17,170,23,48,235,306
2010,Tulare County,April,4842,187,31,1,11,4,132,4914,0,0,0,0,0,0,0,0,219,147,0,0,132,4,11,147,1,31,187,219
2010,Tulare County,May,4914,175,28,7,8,0,91,5025,0,0,0,0,0,0,0,0,210,99,0,0,91,0,8,99,7,28,175,210
2010,Tulare County,June,5533,0,0,0,0,0,0,5533,403,0,0,0,0,0,0,403,0,0,0,0,0,0,0,0,0,0,0,0
2010,Tulare County,July,5533,171,94,0,173,31,12,5582,403,25,0,0,30,1,0,397,265,216,25,31,12,32,203,247,0,94,196,290
2010,Tulare County,August,5582,126,26,0,138,27,6,5563,397,28,6,0,9,6,0,416,152,171,34,15,6,33,147,186,0,32,154,186
2010,Tulare County,September,5563,123,33,0,142,29,6,5542,416,0,0,0,4,1,2,409,156,177,0,7,8,30,146,184,0,33,123,156
2010,Tulare County,October,5542,125,49,1,152,58,10,5497,409,15,29,0,11,19,0,423,175,220,44,30,10,77,163,250,1,78,140,219
2010,Tulare County,November,5497,54,34,0,133,60,6,5386,423,7,9,0,14,13,2,410,88,199,16,29,8,73,147,228,0,43,61,104
2010,Tulare County,December,5386,106,3,0,157,82,9,5247,410,29,16,0,47,22,3,383,109,248,45,72,12,104,204,320,0,19,135,154
2010,Tuolumne County,January,1006,32,26,0,18,17,0,1029,1217,33,18,0,34,14,0,1220,58,35,51,48,0,31,52,83,0,44,65,109
2010,Tuolumne County,February,1029,49,18,0,26,17,24,1029,1220,53,33,0,47,26,0,1233,67,67,86,73,24,43,73,140,0,51,102,153
2010,Tuolumne County,March,1029,45,14,0,25,14,15,1034,1233,46,22,0,33,28,1,1239,59,54,68,62,16,42,58,116,0,36,91,127
2010,Tuolumne County,April,1034,32,16,0,14,12,2,1054,1239,60,25,0,37,19,3,1265,48,28,85,59,5,31,51,87,0,41,92,133
2010,Tuolumne County,May,1054,27,23,0,22,17,14,1051,1265,34,23,0,55,23,1,1243,50,53,57,79,15,40,77,132,0,46,61,107
2010,Tuolumne County,June,1051,15,21,0,14,21,0,1052,1243,25,27,0,28,33,2,1232,36,35,52,63,2,54,42,98,0,48,40,88
2010,Tuolumne County,July,1052,55,21,0,27,13,3,1085,1232,45,24,0,35,24,1,1241,76,43,69,60,4,37,62,103,0,45,100,145
2010,Tuolumne County,August,1085,40,16,0,20,22,24,1075,1241,27,8,0,27,7,3,1239,56,66,35,37,27,29,47,103,0,24,67,91
2010,Tuolumne County,September,1075,29,19,0,29,22,8,1064,1239,21,18,0,32,14,0,1232,48,59,39,46,8,36,61,105,0,37,50,87
2010,Tuolumne County,October,1064,21,24,0,44,16,0,1049,1232,13,13,0,68,9,0,1181,45,60,26,77,0,25,112,137,0,37,34,71
2010,Tuolumne County,November,1049,27,19,0,8,25,13,1049,1181,33,8,0,33,12,2,1175,46,46,41,47,15,37,41,93,0,27,60,87
2010,Tuolumne County,December,1049,24,22,0,11,36,1,1047,1175,32,18,0,12,15,0,1198,46,48,50,27,1,51,23,75,0,40,56,96
2010,Ventura County,January,4659,81,27,0,41,129,0,4597,15533,360,169,0,35,0,0,16027,108,170,529,35,0,129,76,205,0,196,441,637
2010,Ventura County,February,4561,70,15,0,30,364,0,4252,16004,317,26,0,33,640,0,15674,85,394,343,673,0,1004,63,1067,0,41,387,428
2010,Ventura County,March,4197,93,23,0,34,92,0,4187,15621,381,43,0,31,485,0,15529,116,126,424,516,0,577,65,642,0,66,474,540
2010,Ventura County,April,4155,100,13,0,40,158,0,4070,15410,388,30,0,45,650,0,15133,113,198,418,695,0,808,85,893,0,43,488,531
2010,Ventura County,May,4077,95,20,0,34,118,0,4040,14969,313,36,0,32,1084,0,14202,115,152,349,1116,0,1202,66,1268,0,56,408,464
2010,Ventura County,June,4018,104,28,0,45,0,0,4105,14134,354,45,0,61,1211,0,13261,132,45,399,1272,0,1211,106,1317,0,73,458,531
2010,Ventura County,July,4070,106,25,0,45,23,0,4133,13241,309,39,0,46,319,0,13224,131,68,348,365,0,342,91,433,0,64,415,479
2010,Ventura County,August,4097,101,17,0,39,100,0,4076,13170,326,33,0,35,257,0,13237,118,139,359,292,0,357,74,431,0,50,427,477
2010,Ventura County,September,4020,96,20,0,47,69,0,4020,13138,365,27,0,37,481,0,13012,116,116,392,518,0,550,84,634,0,47,461,508
2010,Ventura County,October,3991,107,19,0,37,16,0,4064,12793,323,35,0,36,229,0,12886,126,53,358,265,0,245,73,318,0,54,430,484
2010,Ventura County,November,4046,99,23,0,28,71,0,4069,12782,305,27,0,31,319,0,12764,122,99,332,350,0,390,59,449,0,50,404,454
2010,Ventura County,December,4024,101,13,0,32,56,0,4050,12724,299,35,0,29,369,0,12660,114,88,334,398,0,425,61,486,0,48,400,448
2010,Yolo County,January,3217,37,24,0,48,11,0,3219,0,0,0,0,0,0,0,0,61,59,0,0,0,11,48,59,0,24,37,61
2010,Yolo County,February,3219,38,11,0,35,17,0,3216,0,0,0,0,0,0,0,0,49,52,0,0,0,17,35,52,0,11,38,49
2010,Yolo County,March,3216,44,15,0,49,64,0,3162,0,0,0,0,0,0,0,0,59,113,0,0,0,64,49,113,0,15,44,59
2010,Yolo County,April,3162,47,12,0,38,56,0,3127,0,0,0,0,0,0,0,0,59,94,0,0,0,56,38,94,0,12,47,59
2010,Yolo County,May,3127,39,7,0,55,66,0,3052,0,0,0,0,0,0,0,0,46,121,0,0,0,66,55,121,0,7,39,46
2010,Yolo County,June,3017,58,35,0,35,25,0,3050,35,0,0,0,0,0,0,35,93,60,0,0,0,25,35,60,0,35,58,93
2010,Yolo County,July,3050,55,27,0,41,45,0,3046,35,0,0,0,0,0,0,35,82,86,0,0,0,45,41,86,0,27,55,82
2010,Yolo County,August,3046,47,38,0,30,35,0,3066,35,1,0,0,0,0,0,36,85,65,1,0,0,35,30,65,0,38,48,86
2010,Yolo County,September,3066,46,24,0,43,39,0,3054,36,1,0,0,0,0,0,37,70,82,1,0,0,39,43,82,0,24,47,71
2010,Yolo County,October,3054,42,30,0,33,32,0,3061,37,0,0,0,0,0,0,37,72,65,0,0,0,32,33,65,0,30,42,72
2010,Yolo County,November,3061,37,33,0,48,34,0,3049,37,0,0,0,0,0,0,37,70,82,0,0,0,34,48,82,0,33,37,70
2010,Yolo County,December,3049,22,21,0,35,17,0,3040,37,1,0,0,0,0,0,38,43,52,1,0,0,17,35,52,0,21,23,44
2010,Yuba County,January,1578,28,13,4,17,9,10,1587,718,11,3,2,6,5,7,716,45,36,16,18,17,14,23,54,6,16,39,61
2010,Yuba County,February,1587,17,9,6,7,5,14,1593,716,6,2,2,10,7,2,707,32,26,10,19,16,12,17,45,8,11,23,42
2010,Yuba County,March,1593,17,8,4,13,14,18,1577,707,4,8,1,2,1,1,716,29,45,13,4,19,15,15,49,5,16,21,42
2010,Yuba County,April,1577,12,11,8,23,5,16,1564,716,4,3,1,6,3,7,708,31,44,8,16,23,8,29,60,9,14,16,39
2010,Yuba County,May,1564,9,4,7,6,8,21,1549,708,4,2,1,5,1,1,708,20,35,7,7,22,9,11,42,8,6,13,27
2010,Yuba County,June,1549,19,14,7,8,12,13,1556,708,13,8,0,6,8,6,709,40,33,21,20,19,20,14,53,7,22,32,61
2010,Yuba County,July,1556,16,12,1,12,16,8,1549,709,5,7,1,5,5,2,710,29,36,13,12,10,21,17,48,2,19,21,42
2010,Yuba County,August,1549,14,13,6,11,3,7,1561,710,3,3,2,4,1,5,708,33,21,8,10,12,4,15,31,8,16,17,41
2010,Yuba County,September,1561,15,12,8,10,7,7,1572,708,6,3,0,9,3,2,703,35,24,9,14,9,10,19,38,8,15,21,44
2010,Yuba County,October,1572,17,6,2,6,4,3,1584,703,5,2,2,3,4,4,701,25,13,9,11,7,8,9,24,4,8,22,34
2010,Yuba County,November,1584,7,4,9,17,2,12,1573,701,3,4,4,1,5,7,699,20,31,11,13,19,7,18,44,13,8,10,31
2010,Yuba County,December,1573,8,6,6,11,4,17,1561,699,5,4,4,5,2,7,698,20,32,13,14,24,6,16,46,10,10,13,33
2011,Alameda County,January,14168,245,101,0,196,97,204,14017,505,5,3,0,1,7,3,502,346,497,8,11,207,104,197,508,0,104,250,354
2011,Alameda County,February,14017,197,149,0,174,80,156,13953,502,7,2,0,2,4,7,498,346,410,9,13,163,84,176,423,0,151,204,355
2011,Alameda County,March,13953,259,130,0,215,103,109,13915,498,2,5,3,8,2,3,495,389,427,10,13,112,105,223,440,3,135,261,399
2011,Alameda County,April,13915,237,125,0,199,76,187,13815,495,1,2,4,5,2,3,492,362,462,7,10,190,78,204,472,4,127,238,369
2011,Alameda County,May,13815,209,130,0,199,77,115,13763,492,6,2,0,6,3,9,482,339,391,8,18,124,80,205,409,0,132,215,347
2011,Alameda County,June,13763,253,123,0,196,95,117,13731,482,6,1,0,6,2,3,478,376,408,7,11,120,97,202,419,0,124,259,383
2011,Alameda County,July,13731,223,108,0,197,66,155,13644,478,4,1,4,4,1,4,478,331,418,9,9,159,67,201,427,4,109,227,340
2011,Alameda County,August,13644,271,129,0,213,96,179,13556,478,6,1,0,9,2,3,471,400,488,7,14,182,98,222,502,0,130,277,407
2011,Alameda County,September,13556,242,114,0,160,93,124,13535,471,5,2,3,6,5,1,469,356,377,10,12,125,98,166,389,3,116,247,366
2011,Alameda County,October,13535,214,130,0,254,82,48,13495,469,2,1,1,13,4,0,456,344,384,4,17,48,86,267,401,1,131,216,348
2011,Alameda County,November,13495,222,126,14,192,88,37,13540,456,11,2,13,16,1,1,464,362,317,26,18,38,89,208,335,27,128,233,388
2011,Alameda County,December,13540,247,95,0,160,52,114,13556,464,11,1,0,9,0,3,464,342,326,12,12,117,52,169,338,0,96,258,354
2011,Alpine County,January,16,0,0,0,0,0,0,16,17,2,1,0,1,0,0,19,0,0,3,1,0,0,1,1,0,1,2,3
2011,Alpine County,February,16,0,1,0,0,1,0,16,19,0,0,0,0,0,0,19,1,1,0,0,0,1,0,1,0,1,0,1
2011,Alpine County,March,16,0,0,0,0,0,1,15,19,0,0,0,0,0,0,19,0,1,0,0,1,0,0,1,0,0,0,0
2011,Alpine County,April,15,3,0,0,0,1,0,17,19,1,1,0,2,0,0,19,3,1,2,2,0,1,2,3,0,1,4,5
2011,Alpine County,May,17,0,1,0,1,0,0,17,19,0,0,0,2,0,0,17,1,1,0,2,0,0,3,3,0,1,0,1
2011,Alpine County,June,17,0,1,0,0,0,0,18,17,0,0,0,0,0,0,17,1,0,0,0,0,0,0,0,0,1,0,1
2011,Alpine County,July,18,0,0,0,0,0,0,18,17,0,0,0,0,0,0,17,0,0,0,0,0,0,0,0,0,0,0,0
2011,Alpine County,August,18,1,0,2,0,0,0,21,17,0,0,0,0,0,0,17,3,0,0,0,0,0,0,0,2,0,1,3
2011,Alpine County,September,21,0,0,0,0,1,0,20,17,0,0,0,0,0,0,17,0,1,0,0,0,1,0,1,0,0,0,0
2011,Alpine County,October,20,0,0,0,0,2,0,18,17,0,1,1,1,1,0,17,0,2,2,2,0,3,1,4,1,1,0,2
2011,Alpine County,November,18,1,0,0,0,0,0,19,17,1,0,0,0,1,0,17,1,0,1,1,0,1,0,1,0,0,2,2
2011,Alpine County,December,19,0,0,0,2,3,0,14,17,0,0,0,0,0,0,17,0,5,0,0,0,3,2,5,0,0,0,0
2011,Amador County,January,219,6,9,0,23,23,0,188,492,33,5,0,53,13,0,464,15,46,38,66,0,36,76,112,0,14,39,53
2011,Amador County,February,188,8,4,0,11,10,0,179,464,20,4,0,48,6,0,434,12,21,24,54,0,16,59,75,0,8,28,36
2011,Amador County,March,179,13,12,0,13,11,0,180,434,43,10,0,34,11,0,442,25,24,53,45,0,22,47,69,0,22,56,78
2011,Amador County,April,180,13,6,0,16,17,0,166,442,28,5,0,40,6,0,429,19,33,33,46,0,23,56,79,0,11,41,52
2011,Amador County,May,166,4,9,0,10,8,0,161,429,25,5,0,42,8,0,409,13,18,30,50,0,16,52,68,0,14,29,43
2011,Amador County,June,161,10,3,0,19,13,0,142,409,31,8,0,42,12,0,394,13,32,39,54,0,25,61,86,0,11,41,52
2011,Amador County,July,142,8,11,0,13,8,0,140,394,20,2,0,44,5,0,367,19,21,22,49,0,13,57,70,0,13,28,41
2011,Amador County,August,140,15,9,0,18,18,0,128,367,32,7,0,25,8,0,373,24,36,39,33,0,26,43,69,0,16,47,63
2011,Amador County,September,128,10,14,0,20,8,0,124,373,42,5,0,53,14,0,353,24,28,47,67,0,22,73,95,0,19,52,71
2011,Amador County,October,124,8,5,0,22,9,0,106,353,45,8,0,44,3,0,359,13,31,53,47,0,12,66,78,0,13,53,66
2011,Amador County,November,106,17,4,0,13,11,0,103,359,23,7,0,21,7,0,361,21,24,30,28,0,18,34,52,0,11,40,51
2011,Amador County,December,103,6,11,0,23,8,0,89,361,43,6,0,28,4,0,378,17,31,49,32,0,12,51,63,0,17,49,66
2011,Butte County,January,1370,51,24,0,37,48,8,1352,249,6,6,0,18,8,0,235,75,93,12,26,8,56,55,119,0,30,57,87
2011,Butte County,February,1383,64,26,0,34,47,10,1382,236,12,4,0,9,8,2,233,90,91,16,19,12,55,43,110,0,30,76,106
2011,Butte County,March,1390,68,34,0,50,57,10,1375,236,21,11,0,4,15,2,247,102,117,32,21,12,72,54,138,0,45,89,134
2011,Butte County,April,1382,45,26,0,50,50,7,1346,247,6,9,0,13,11,0,238,71,107,15,24,7,61,63,131,0,35,51,86
2011,Butte County,May,1358,48,41,0,41,63,8,1335,248,10,6,0,8,9,0,247,89,112,16,17,8,72,49,129,0,47,58,105
2011,Butte County,June,1344,70,33,0,40,49,12,1346,244,16,10,0,9,13,1,247,103,101,26,23,13,62,49,124,0,43,86,129
2011,Butte County,July,1369,53,28,0,43,46,9,1352,255,11,8,0,6,14,0,254,81,98,19,20,9,60,49,118,0,36,64,100
2011,Butte County,August,1356,49,37,0,59,57,13,1313,271,13,12,0,10,12,2,272,86,129,25,24,15,69,69,153,0,49,62,111
2011,Butte County,September,1347,37,31,0,45,61,14,1295,268,6,5,0,11,13,3,252,68,120,11,27,17,74,56,147,0,36,43,79
2011,Butte County,October,1346,30,20,0,23,36,19,1318,257,11,5,0,7,13,0,253,50,78,16,20,19,49,30,98,0,25,41,66
2011,Butte County,November,1320,37,27,0,38,44,9,1293,249,15,7,0,12,10,0,249,64,91,22,22,9,54,50,113,0,34,52,86
2011,Butte County,December,1295,39,24,0,25,46,7,1280,255,22,6,0,8,13,0,262,63,78,28,21,7,59,33,99,0,30,61,91
2011,Calaveras County,January,329,12,2,5,7,8,0,333,133,3,2,0,4,1,0,133,19,15,5,5,0,9,11,20,5,4,15,24
2011,Calaveras County,February,333,6,5,0,4,1,0,339,133,4,3,0,4,1,0,135,11,5,7,5,0,2,8,10,0,8,10,18
2011,Calaveras County,March,339,4,2,4,9,4,4,332,135,7,0,1,6,0,0,137,10,17,8,6,4,4,15,23,5,2,11,18
2011,Calaveras County,April,332,5,0,0,7,2,0,328,137,3,0,0,2,3,0,135,5,9,3,5,0,5,9,14,0,0,8,8
2011,Calaveras County,May,328,4,1,1,13,2,3,316,135,4,2,0,5,0,0,136,6,18,6,5,3,2,18,23,1,3,8,12
2011,Calaveras County,June,316,11,4,0,5,3,8,315,136,3,3,0,6,1,3,132,15,16,6,10,11,4,11,26,0,7,14,21
2011,Calaveras County,July,315,12,4,1,6,1,17,308,132,9,1,1,2,0,6,135,17,24,11,8,23,1,8,32,2,5,21,28
2011,Calaveras County,August,308,14,3,8,1,1,13,318,135,3,0,0,2,6,5,125,25,15,3,13,18,7,3,28,8,3,17,28
2011,Calaveras County,September,318,6,3,1,6,3,4,315,125,9,1,1,4,5,2,125,10,13,11,11,6,8,10,24,2,4,15,21
2011,Calaveras County,October,315,2,4,5,13,1,7,305,125,4,0,2,5,4,0,122,11,21,6,9,7,5,18,30,7,4,6,17
2011,Calaveras County,November,305,8,3,1,2,1,3,311,122,3,2,0,1,0,0,126,12,6,5,1,3,1,3,7,1,5,11,17
2011,Calaveras County,December,311,9,6,4,8,8,0,314,126,5,1,0,5,3,1,123,19,16,6,9,1,11,13,25,4,7,14,25
2011,Colusa County,January,112,2,2,0,2,7,2,105,64,6,0,0,2,5,0,63,4,11,6,7,2,12,4,18,0,2,8,10
2011,Colusa County,February,105,4,3,0,4,4,6,98,63,5,2,0,4,2,1,63,7,14,7,7,7,6,8,21,0,5,9,14
2011,Colusa County,March,98,2,0,0,5,2,5,88,63,9,1,0,3,4,0,66,2,12,10,7,5,6,8,19,0,1,11,12
2011,Colusa County,April,88,7,1,0,0,2,5,89,66,9,0,0,1,4,0,70,8,7,9,5,5,6,1,12,0,1,16,17
2011,Colusa County,May,89,4,3,0,2,3,1,90,70,10,2,0,1,5,0,76,7,6,12,6,1,8,3,12,0,5,14,19
2011,Colusa County,June,90,5,3,0,0,13,1,84,76,5,4,0,4,5,1,75,8,14,9,10,2,18,4,24,0,7,10,17
2011,Colusa County,July,84,10,3,0,4,4,1,88,75,3,4,0,3,10,0,69,13,9,7,13,1,14,7,22,0,7,13,20
2011,Colusa County,August,88,2,1,0,4,3,0,84,69,6,3,0,2,8,0,68,3,7,9,10,0,11,6,17,0,4,8,12
2011,Colusa County,September,84,6,1,0,5,1,1,84,68,4,0,0,3,5,1,63,7,7,4,9,2,6,8,16,0,1,10,11
2011,Colusa County,October,84,5,2,1,4,4,1,83,63,3,2,0,6,3,0,59,8,9,5,9,1,7,10,18,1,4,8,13
2011,Colusa County,November,83,6,2,0,1,4,0,86,59,2,2,0,0,2,1,60,8,5,4,3,1,6,1,8,0,4,8,12
2011,Colusa County,December,86,5,2,2,1,8,1,85,60,3,2,0,0,2,0,63,9,10,5,2,1,10,1,12,2,4,8,14
2011,Contra Costa County,January,2918,32,6,22,116,6,19,2837,0,0,0,0,0,0,0,0,60,141,0,0,19,6,116,141,22,6,32,60
2011,Contra Costa County,February,2837,67,5,10,97,4,18,2800,0,0,0,0,0,0,0,0,82,119,0,0,18,4,97,119,10,5,67,82
2011,Contra Costa County,March,2800,135,5,16,110,7,25,2814,0,0,0,0,0,0,0,0,156,142,0,0,25,7,110,142,16,5,135,156
2011,Contra Costa County,April,2814,81,8,12,89,15,26,2785,0,0,0,0,0,0,0,0,101,130,0,0,26,15,89,130,12,8,81,101
2011,Contra Costa County,May,2785,177,8,26,82,7,37,2870,0,0,0,0,0,0,0,0,211,126,0,0,37,7,82,126,26,8,177,211
2011,Contra Costa County,June,2870,84,12,11,117,6,33,2821,0,0,0,0,0,0,0,0,107,156,0,0,33,6,117,156,11,12,84,107
2011,Contra Costa County,July,2821,98,12,9,90,7,27,2816,0,0,0,0,0,0,0,0,119,124,0,0,27,7,90,124,9,12,98,119
2011,Contra Costa County,August,2816,181,9,23,74,7,40,2908,0,0,0,0,0,0,0,0,213,121,0,0,40,7,74,121,23,9,181,213
2011,Contra Costa County,September,2908,187,12,15,69,3,30,3020,0,0,0,0,0,0,0,0,214,102,0,0,30,3,69,102,15,12,187,214
2011,Contra Costa County,October,3020,102,9,11,131,14,60,2937,0,0,0,0,0,0,0,0,122,205,0,0,60,14,131,205,11,9,102,122
2011,Contra Costa County,November,2937,170,15,12,70,8,45,3011,0,0,0,0,0,0,0,0,197,123,0,0,45,8,70,123,12,15,170,197
2011,Contra Costa County,December,3011,234,17,17,58,2,28,3191,0,0,0,0,0,0,0,0,268,88,0,0,28,2,58,88,17,17,234,268
2011,Del Norte County,January,108,6,0,0,3,3,0,108,72,2,0,0,5,3,0,66,6,6,2,8,0,6,8,14,0,0,8,8
2011,Del Norte County,February,117,0,0,0,0,0,0,117,64,0,0,0,0,0,0,64,0,0,0,0,0,0,0,0,0,0,0,0
2011,Del Norte County,March,117,1,5,2,5,6,1,113,64,4,1,0,0,3,1,65,8,12,5,4,2,9,5,16,2,6,5,13
2011,Del Norte County,April,113,10,6,0,3,7,1,118,65,6,2,1,2,6,1,65,16,11,9,9,2,13,5,20,1,8,16,25
2011,Del Norte County,May,118,6,3,0,5,4,2,116,65,2,3,0,1,4,0,65,9,11,5,5,2,8,6,16,0,6,8,14
2011,Del Norte County,June,116,3,3,2,3,7,2,112,65,2,2,0,4,4,0,61,8,12,4,8,2,11,7,20,2,5,5,12
2011,Del Norte County,July,112,0,5,2,0,5,3,111,61,2,3,1,3,0,1,63,7,8,6,4,4,5,3,12,3,8,2,13
2011,Del Norte County,August,111,5,6,1,3,8,2,110,63,0,3,0,0,5,2,59,12,13,3,7,4,13,3,20,1,9,5,15
2011,Del Norte County,September,110,6,4,0,3,4,0,113,59,5,2,0,3,4,0,59,10,7,7,7,0,8,6,14,0,6,11,17
2011,Del Norte County,October,113,3,4,2,2,5,1,114,59,9,3,0,1,5,0,65,9,8,12,6,1,10,3,14,2,7,12,21
2011,Del Norte County,November,114,4,5,2,2,3,0,120,65,5,1,0,2,3,1,65,11,5,6,6,1,6,4,11,2,6,9,17
2011,Del Norte County,December,120,6,3,2,5,8,1,117,65,8,2,1,1,7,0,68,11,14,11,8,1,15,6,22,3,5,14,22
2011,El Dorado County,January,1111,32,10,0,22,13,17,1101,130,9,1,0,7,3,0,130,42,52,10,10,17,16,29,62,0,11,41,52
2011,El Dorado County,February,1096,30,12,0,14,15,7,1102,131,8,0,0,4,3,0,132,42,36,8,7,7,18,18,43,0,12,38,50
2011,El Dorado County,March,1055,26,16,0,18,13,9,1057,136,5,2,0,9,3,2,129,42,40,7,14,11,16,27,54,0,18,31,49
2011,El Dorado County,April,1041,28,17,0,16,12,11,1047,126,12,2,0,6,3,3,128,45,39,14,12,14,15,22,51,0,19,40,59
2011,El Dorado County,May,1039,27,24,0,21,24,17,1028,127,7,2,0,4,5,0,127,51,62,9,9,17,29,25,71,0,26,34,60
2011,El Dorado County,June,1022,31,12,0,18,15,10,1022,130,10,3,0,6,3,1,133,43,43,13,10,11,18,24,53,0,15,41,56
2011,El Dorado County,July,1005,36,15,0,13,21,22,1000,128,5,3,0,6,4,0,126,51,56,8,10,22,25,19,66,0,18,41,59
2011,El Dorado County,August,988,47,14,0,29,16,12,992,121,9,4,0,5,3,0,126,61,57,13,8,12,19,34,65,0,18,56,74
2011,El Dorado County,September,980,34,11,0,23,21,4,977,123,8,3,0,6,0,0,128,45,48,11,6,4,21,29,54,0,14,42,56
2011,El Dorado County,October,970,35,14,0,13,19,12,975,123,10,6,0,8,2,1,128,49,44,16,11,13,21,21,55,0,20,45,65
2011,El Dorado County,November,970,47,8,0,13,8,1,1003,121,11,3,0,2,2,0,131,55,22,14,4,1,10,15,26,0,11,58,69
2011,El Dorado County,December,989,31,6,0,17,7,6,996,126,6,2,0,8,2,1,123,37,30,8,11,7,9,25,41,0,8,37,45
2011,Fresno County,January,5010,158,167,1,146,231,11,4948,1884,28,42,9,11,62,0,1890,326,388,79,73,11,293,157,461,10,209,186,405
2011,Fresno County,February,4948,152,124,5,116,215,7,4891,1890,18,66,5,49,54,0,1876,281,338,89,103,7,269,165,441,10,190,170,370
2011,Fresno County,March,4891,171,152,6,163,258,4,4795,1876,45,65,3,56,65,0,1868,329,425,113,121,4,323,219,546,9,217,216,442
2011,Fresno County,April,4795,148,157,10,120,250,10,4730,1868,35,40,5,47,38,0,1863,315,380,80,85,10,288,167,465,15,197,183,395
2011,Fresno County,May,4730,163,169,16,118,223,13,4724,1863,27,38,4,23,40,0,1869,348,354,69,63,13,263,141,417,20,207,190,417
2011,Fresno County,June,4724,160,173,11,132,247,12,4677,1869,45,56,5,75,57,0,1843,344,391,106,132,12,304,207,523,16,229,205,450
2011,Fresno County,July,4677,172,137,0,219,221,0,4546,1843,56,32,0,33,44,0,1854,309,440,88,77,0,265,252,517,0,169,228,397
2011,Fresno County,August,4546,198,168,0,184,227,1,4500,1854,55,52,2,61,66,3,1833,366,412,109,130,4,293,245,542,2,220,253,475
2011,Fresno County,September,4500,170,143,1,172,219,2,4421,1833,48,34,2,24,41,2,1850,314,393,84,67,4,260,196,460,3,177,218,398
2011,Fresno County,October,4421,214,172,6,156,217,13,4427,1850,49,42,5,22,51,0,1873,392,386,96,73,13,268,178,459,11,214,263,488
2011,Fresno County,November,4427,191,167,28,86,192,22,4513,1873,30,35,5,44,33,0,1866,386,300,70,77,22,225,130,377,33,202,221,456
2011,Fresno County,December,4513,205,135,8,152,239,10,4460,1866,36,24,2,85,46,0,1797,348,401,62,131,10,285,237,532,10,159,241,410
2011,Glenn County,January,1068,7,0,0,0,0,8,1067,787,5,0,0,1,0,0,791,7,8,5,1,8,0,1,9,0,0,12,12
2011,Glenn County,February,1067,7,0,0,5,0,2,1067,791,2,0,0,0,0,0,793,7,7,2,0,2,0,5,7,0,0,9,9
2011,Glenn County,March,1067,8,3,0,4,1,7,1066,793,3,2,0,25,0,1,772,11,12,5,26,8,1,29,38,0,5,11,16
2011,Glenn County,April,1066,3,1,0,4,1,8,1057,772,1,1,0,3,5,0,766,4,13,2,8,8,6,7,21,0,2,4,6
2011,Glenn County,May,1057,8,1,0,1,0,1,1064,766,3,0,0,3,3,0,763,9,2,3,6,1,3,4,8,0,1,11,12
2011,Glenn County,June,1064,3,2,0,2,1,4,1062,763,1,0,0,0,0,0,764,5,7,1,0,4,1,2,7,0,2,4,6
2011,Glenn County,July,1062,9,2,0,11,0,8,1054,764,5,1,0,9,0,1,760,11,19,6,10,9,0,20,29,0,3,14,17
2011,Glenn County,August,1054,6,1,0,16,0,6,1039,760,4,0,0,13,0,0,751,7,22,4,13,6,0,29,35,0,1,10,11
2011,Glenn County,September,1039,6,2,0,14,0,4,1029,751,1,0,0,16,0,3,733,8,18,1,19,7,0,30,37,0,2,7,9
2011,Glenn County,October,1029,11,1,0,8,0,6,1027,733,4,0,0,3,0,1,733,12,14,4,4,7,0,11,18,0,1,15,16
2011,Glenn County,November,1027,5,0,0,3,3,5,1021,733,5,1,0,0,1,0,738,5,11,6,1,5,4,3,12,0,1,10,11
2011,Glenn County,December,1021,4,2,0,1,0,4,1022,738,0,0,0,0,0,0,738,6,5,0,0,4,0,1,5,0,2,4,6
2011,Humboldt County,January,1295,38,0,1,17,7,7,1303,24,0,0,0,0,0,0,24,39,31,0,0,7,7,17,31,1,0,38,39
2011,Humboldt County,February,1303,40,0,4,22,8,3,1314,24,0,0,0,1,0,0,23,44,33,0,1,3,8,23,34,4,0,40,44
2011,Humboldt County,March,1314,79,0,4,21,7,10,1359,23,0,0,0,1,0,0,22,83,38,0,1,10,7,22,39,4,0,79,83
2011,Humboldt County,April,1359,19,0,1,17,9,7,1346,22,0,0,0,1,0,0,21,20,33,0,1,7,9,18,34,1,0,19,20
2011,Humboldt County,May,1346,56,0,0,18,5,4,1375,21,0,0,0,0,0,0,21,56,27,0,0,4,5,18,27,0,0,56,56
2011,Humboldt County,June,1375,63,0,1,22,8,4,1405,21,0,0,0,0,0,0,21,64,34,0,0,4,8,22,34,1,0,63,64
2011,Humboldt County,July,1405,31,0,3,10,2,1,1426,21,0,0,0,0,0,0,21,34,13,0,0,1,2,10,13,3,0,31,34
2011,Humboldt County,August,1426,57,0,1,24,15,12,1433,21,0,0,0,1,0,0,20,58,51,0,1,12,15,25,52,1,0,57,58
2011,Humboldt County,September,1433,61,0,1,14,4,3,1474,20,0,0,1,0,0,0,21,62,21,1,0,3,4,14,21,2,0,61,63
2011,Humboldt County,October,1474,52,0,1,21,5,7,1494,21,0,0,0,0,0,0,21,53,33,0,0,7,5,21,33,1,0,52,53
2011,Humboldt County,November,1494,50,0,5,20,7,12,1510,21,0,0,0,0,0,0,21,55,39,0,0,12,7,20,39,5,0,50,55
2011,Humboldt County,December,1510,59,0,9,32,12,7,1527,21,0,0,0,0,0,1,20,68,51,0,1,8,12,32,52,9,0,59,68
2011,Imperial County,January,1580,40,7,0,20,4,0,1603,32,1,0,0,0,0,0,33,47,24,1,0,0,4,20,24,0,7,41,48
2011,Imperial County,February,1603,22,13,0,8,9,0,1621,33,0,0,0,0,0,0,33,35,17,0,0,0,9,8,17,0,13,22,35
2011,Imperial County,March,1621,50,24,0,3,9,0,1683,33,0,0,0,0,0,0,33,74,12,0,0,0,9,3,12,0,24,50,74
2011,Imperial County,April,1683,40,13,0,2,6,0,1728,33,1,0,0,0,0,0,34,53,8,1,0,0,6,2,8,0,13,41,54
2011,Imperial County,May,1728,42,11,0,73,21,0,1687,34,0,0,0,0,0,0,34,53,94,0,0,0,21,73,94,0,11,42,53
2011,Imperial County,June,1687,43,14,0,57,5,0,1682,34,0,0,0,0,0,0,34,57,62,0,0,0,5,57,62,0,14,43,57
2011,Imperial County,July,1682,41,10,0,9,9,0,1715,34,0,0,0,0,0,0,34,51,18,0,0,0,9,9,18,0,10,41,51
2011,Imperial County,August,1715,37,13,0,28,1,0,1736,34,0,0,0,0,0,0,34,50,29,0,0,0,1,28,29,0,13,37,50
2011,Imperial County,September,1736,40,14,0,31,0,0,1759,34,1,0,0,0,0,0,35,54,31,1,0,0,0,31,31,0,14,41,55
2011,Imperial County,October,1759,31,7,0,6,4,0,1787,35,1,0,0,0,0,0,36,38,10,1,0,0,4,6,10,0,7,32,39
2011,Imperial County,November,1787,34,14,0,3,0,0,1832,36,1,0,0,0,0,0,37,48,3,1,0,0,0,3,3,0,14,35,49
2011,Imperial County,December,1832,38,5,0,13,2,0,1860,37,0,0,0,0,0,0,37,43,15,0,0,0,2,13,15,0,5,38,43
2011,Inyo County,January,634,4,2,0,3,3,0,634,1060,10,19,1,11,11,0,1068,6,6,30,22,0,14,14,28,1,21,14,36
2011,Inyo County,February,634,5,6,0,4,2,2,637,1068,4,8,0,6,11,1,1062,11,8,12,18,3,13,10,26,0,14,9,23
2011,Inyo County,March,637,9,4,0,4,3,3,640,1062,9,16,4,12,10,4,1065,13,10,29,26,7,13,16,36,4,20,18,42
2011,Inyo County,April,640,2,4,0,3,5,2,636,1065,6,15,0,18,6,1,1061,6,10,21,25,3,11,21,35,0,19,8,27
2011,Inyo County,May,171,6,10,0,2,4,0,181,386,3,13,0,9,9,4,380,16,6,16,22,4,13,11,28,0,23,9,32
2011,Inyo County,June,181,1,1,0,5,4,1,173,380,4,7,0,8,8,1,374,2,10,11,17,2,12,13,27,0,8,5,13
2011,Inyo County,July,173,1,5,0,4,4,4,167,374,3,14,0,1,8,11,371,6,12,17,20,15,12,5,32,0,19,4,23
2011,Inyo County,August,167,3,4,0,2,3,5,164,371,4,17,0,8,12,4,368,7,10,21,24,9,15,10,34,0,21,7,28
2011,Inyo County,September,164,1,3,0,2,0,2,164,368,5,10,0,12,7,1,363,4,4,15,20,3,7,14,24,0,13,6,19
2011,Inyo County,October,164,3,6,0,1,4,1,167,363,4,19,0,13,8,2,363,9,6,23,23,3,12,14,29,0,25,7,32
2011,Inyo County,November,167,0,4,0,3,5,2,161,363,5,10,0,8,15,0,355,4,10,15,23,2,20,11,33,0,14,5,19
2011,Inyo County,December,161,1,2,0,5,3,1,155,355,3,9,0,5,8,0,354,3,9,12,13,1,11,10,22,0,11,4,15
2011,Kern County,January,6150,222,0,0,146,0,0,6226,0,0,0,0,0,0,0,0,222,146,0,0,0,0,146,146,0,0,222,222
2011,Kern County,February,6226,312,0,0,312,0,0,6226,0,0,0,0,0,0,0,0,312,312,0,0,0,0,312,312,0,0,312,312
2011,Kern County,March,7177,723,0,36,611,0,0,7325,0,0,0,0,0,0,0,0,759,611,0,0,0,0,611,611,36,0,723,759
2011,Kern County,April,7325,411,0,0,499,0,0,7237,0,0,0,0,0,0,0,0,411,499,0,0,0,0,499,499,0,0,411,411
2011,Kern County,May,7089,357,0,0,279,0,0,7167,0,0,0,0,0,0,0,0,357,279,0,0,0,0,279,279,0,0,357,357
2011,Kern County,June,7167,493,0,0,388,0,0,7272,0,0,0,0,0,0,0,0,493,388,0,0,0,0,388,388,0,0,493,493
2011,Kern County,July,7272,386,0,0,255,0,0,7403,0,0,0,0,0,0,0,0,386,255,0,0,0,0,255,255,0,0,386,386
2011,Kern County,August,7403,355,0,0,283,0,0,7475,0,0,0,0,0,0,0,0,355,283,0,0,0,0,283,283,0,0,355,355
2011,Kern County,September,7475,468,0,0,396,0,0,7547,0,0,0,0,0,0,0,0,468,396,0,0,0,0,396,396,0,0,468,468
2011,Kern County,October,7547,535,0,0,319,0,0,7763,0,0,0,0,0,0,0,0,535,319,0,0,0,0,319,319,0,0,535,535
2011,Kern County,November,7763,424,0,0,442,0,0,7745,0,0,0,0,0,0,0,0,424,442,0,0,0,0,442,442,0,0,424,424
2011,Kern County,December,7745,413,9,12,395,30,35,7719,0,0,0,0,0,0,0,0,434,460,0,0,35,30,395,460,12,9,413,434
2011,Kings County,January,1609,31,4,1,20,11,5,1609,2517,43,2,0,38,8,6,2510,36,36,45,52,11,19,58,88,1,6,74,81
2011,Kings County,February,1609,40,5,0,19,11,7,1617,2510,42,4,1,33,2,4,2518,45,37,47,39,11,13,52,76,1,9,82,92
2011,Kings County,March,1617,44,3,3,13,12,16,1626,2518,61,3,0,34,19,0,2529,50,41,64,53,16,31,47,94,3,6,105,114
2011,Kings County,April,1626,65,1,95,16,10,174,1587,2529,63,0,0,42,14,0,2536,161,200,63,56,174,24,58,256,95,1,128,224
2011,Kings County,May,1587,39,3,96,17,21,95,1592,2536,51,1,4,42,3,9,2538,138,133,56,54,104,24,59,187,100,4,90,194
2011,Kings County,June,1592,50,1,59,18,7,54,1623,2538,63,0,0,44,9,7,2541,110,79,63,60,61,16,62,139,59,1,113,173
2011,Kings County,July,1623,45,2,1,10,13,9,1639,2541,45,6,0,47,2,7,2536,48,32,51,56,16,15,57,88,1,8,90,99
2011,Kings County,August,1639,59,10,1,17,9,11,1672,2536,64,2,0,47,10,0,2545,70,37,66,57,11,19,64,94,1,12,123,136
2011,Kings County,September,1672,61,12,0,18,10,4,1713,2545,69,3,1,46,11,1,2560,73,32,73,58,5,21,64,90,1,15,130,146
2011,Kings County,October,1713,58,16,0,15,12,2,1758,2560,71,8,1,44,9,2,2585,74,29,80,55,4,21,59,84,1,24,129,154
2011,Kings County,November,1758,45,10,0,15,7,2,1789,2585,70,6,0,28,2,0,2631,55,24,76,30,2,9,43,54,0,16,115,131
2011,Kings County,December,1789,33,4,1,17,4,6,1800,2631,53,4,0,41,0,0,2647,38,27,57,41,6,4,58,68,1,8,86,95
2011,Lake County,January,467,6,8,0,7,3,0,471,0,0,0,0,0,0,0,0,14,10,0,0,0,3,7,10,0,8,6,14
2011,Lake County,February,471,5,4,0,0,0,0,480,0,0,0,0,0,0,0,0,9,0,0,0,0,0,0,0,0,4,5,9
2011,Lake County,March,480,15,2,0,7,0,0,490,0,0,0,0,0,0,0,0,17,7,0,0,0,0,7,7,0,2,15,17
2011,Lake County,April,490,2,0,0,18,0,0,474,0,0,0,0,0,0,0,0,2,18,0,0,0,0,18,18,0,0,2,2
2011,Lake County,May,474,11,10,0,2,4,0,489,0,0,0,0,0,0,0,0,21,6,0,0,0,4,2,6,0,10,11,21
2011,Lake County,June,489,34,8,0,5,4,0,522,0,0,0,0,0,0,0,0,42,9,0,0,0,4,5,9,0,8,34,42
2011,Lake County,July,522,5,2,0,22,0,0,507,0,0,0,0,0,0,0,0,7,22,0,0,0,0,22,22,0,2,5,7
2011,Lake County,August,507,17,5,0,1,0,0,528,0,0,0,0,0,0,0,0,22,1,0,0,0,0,1,1,0,5,17,22
2011,Lake County,September,528,20,16,0,1,0,0,563,0,0,0,0,0,0,0,0,36,1,0,0,0,0,1,1,0,16,20,36
2011,Lake County,October,563,22,9,0,7,4,0,583,0,0,0,0,0,0,0,0,31,11,0,0,0,4,7,11,0,9,22,31
2011,Lake County,November,583,21,11,0,3,5,0,607,0,0,0,0,0,0,0,0,32,8,0,0,0,5,3,8,0,11,21,32
2011,Lake County,December,607,26,14,0,5,11,0,631,0,0,0,0,0,0,0,0,40,16,0,0,0,11,5,16,0,14,26,40
2011,Lassen County,January,234,6,0,0,7,2,2,229,94,2,0,0,0,0,0,96,6,11,2,0,2,2,7,11,0,0,8,8
2011,Lassen County,February,229,6,0,0,5,0,0,230,96,5,0,0,3,1,1,96,6,5,5,5,1,1,8,10,0,0,11,11
2011,Lassen County,March,230,7,0,0,7,0,0,230,96,5,0,0,2,0,0,99,7,7,5,2,0,0,9,9,0,0,12,12
2011,Lassen County,April,230,6,0,0,9,0,0,227,99,3,0,0,3,2,2,95,6,9,3,7,2,2,12,16,0,0,9,9
2011,Lassen County,May,227,9,0,0,8,7,7,214,95,1,0,0,1,1,1,93,9,22,1,3,8,8,9,25,0,0,10,10
2011,Lassen County,June,214,4,0,0,4,10,10,194,93,3,0,0,1,0,0,95,4,24,3,1,10,10,5,25,0,0,7,7
2011,Lassen County,July,194,4,0,0,13,3,3,179,95,2,0,0,2,1,1,93,4,19,2,4,4,4,15,23,0,0,6,6
2011,Lassen County,August,179,6,0,0,13,2,2,168,93,4,0,0,7,0,0,90,6,17,4,7,2,2,20,24,0,0,10,10
2011,Lassen County,September,168,3,0,0,9,0,0,162,90,1,0,0,1,1,1,88,3,9,1,3,1,1,10,12,0,0,4,4
2011,Lassen County,October,162,2,0,0,7,2,2,153,88,7,0,0,2,2,2,89,2,11,7,6,4,4,9,17,0,0,9,9
2011,Lassen County,November,153,3,0,0,4,1,1,150,89,7,0,0,0,3,3,90,3,6,7,6,4,4,4,12,0,0,10,10
2011,Lassen County,December,150,14,0,0,7,2,2,153,90,3,0,0,3,2,2,86,14,11,3,7,4,4,10,18,0,0,17,17
2011,Los Angeles County,January,52245,1137,391,0,745,873,47,52108,1908,3,10,0,31,7,4,1879,1528,1665,13,42,51,880,776,1707,0,401,1140,1541
2011,Los Angeles County,February,51782,950,365,0,717,703,40,51637,1804,2,9,0,40,13,10,1752,1315,1460,11,63,50,716,757,1523,0,374,952,1326
2011,Los Angeles County,March,51359,1186,460,0,788,849,82,51286,1661,4,5,0,41,12,5,1612,1646,1719,9,58,87,861,829,1777,0,465,1190,1655
2011,Los Angeles County,April,50700,1000,402,0,792,845,89,50376,1398,6,9,0,44,9,5,1355,1402,1726,15,58,94,854,836,1784,0,411,1006,1417
2011,Los Angeles County,May,50255,1055,358,0,869,857,95,49847,1281,5,4,0,44,7,6,1233,1413,1821,9,57,101,864,913,1878,0,362,1060,1422
2011,Los Angeles County,June,49748,1040,349,0,796,816,78,49447,1141,4,0,0,15,5,4,1121,1389,1690,4,24,82,821,811,1714,0,349,1044,1393
2011,Los Angeles County,July,49117,997,407,0,849,749,61,48862,1008,6,7,0,29,11,3,978,1404,1659,13,43,64,760,878,1702,0,414,1003,1417
2011,Los Angeles County,August,48657,1719,390,0,798,764,58,49146,901,13,2,0,22,3,2,889,2109,1620,15,27,60,767,820,1647,0,392,1732,2124
2011,Los Angeles County,September,48577,3346,431,0,771,705,60,50818,838,17,6,0,17,11,1,832,3777,1536,23,29,61,716,788,1565,0,437,3363,3800
2011,Los Angeles County,October,50532,2615,387,0,916,619,85,51914,764,11,4,0,45,10,4,720,3002,1620,15,59,89,629,961,1679,0,391,2626,3017
2011,Los Angeles County,November,51822,2332,363,0,723,600,44,53150,671,7,2,0,14,4,2,660,2695,1367,9,20,46,604,737,1387,0,365,2339,2704
2011,Los Angeles County,December,52907,1951,323,0,823,527,45,53786,608,6,1,0,21,3,3,588,2274,1395,7,27,48,530,844,1422,0,324,1957,2281
2011,Madera County,January,3059,31,23,0,38,33,5,3037,783,14,5,0,25,6,0,771,54,76,19,31,5,39,63,107,0,28,45,73
2011,Madera County,February,3037,30,20,0,14,42,4,3027,771,5,1,0,7,11,2,757,50,60,6,20,6,53,21,80,0,21,35,56
2011,Madera County,March,3027,29,24,0,18,37,4,3021,757,12,4,0,8,8,6,751,53,59,16,22,10,45,26,81,0,28,41,69
2011,Madera County,April,3021,26,30,0,21,38,4,3014,751,9,1,0,9,12,5,735,56,63,10,26,9,50,30,89,0,31,35,66
2011,Madera County,May,3014,37,31,0,18,30,18,3016,735,15,3,0,9,16,7,721,68,66,18,32,25,46,27,98,0,34,52,86
2011,Madera County,June,3016,34,24,0,16,45,5,3008,721,11,1,0,8,15,6,704,58,66,12,29,11,60,24,95,0,25,45,70
2011,Madera County,July,3008,18,34,0,21,54,11,2974,704,3,2,0,10,16,10,673,52,86,5,36,21,70,31,122,0,36,21,57
2011,Madera County,August,2974,49,50,0,32,71,2,2968,673,10,0,0,18,25,6,634,99,105,10,49,8,96,50,154,0,50,59,109
2011,Madera County,September,2968,59,41,0,23,51,6,2988,634,11,7,0,13,5,6,628,100,80,18,24,12,56,36,104,0,48,70,118
2011,Madera County,October,2988,37,37,0,16,72,8,2966,628,16,2,0,19,9,4,614,74,96,18,32,12,81,35,128,0,39,53,92
2011,Madera County,November,2966,39,46,0,15,50,9,2977,614,10,3,0,11,13,5,598,85,74,13,29,14,63,26,103,0,49,49,98
2011,Madera County,December,2977,42,40,0,20,45,4,2990,598,8,1,0,13,10,4,580,82,69,9,27,8,55,33,96,0,41,50,91
2011,Marin County,January,1291,29,7,0,8,8,0,1311,1044,16,4,0,8,24,0,1032,36,16,20,32,0,32,16,48,0,11,45,56
2011,Marin County,February,1311,27,6,0,19,3,0,1322,1032,27,6,0,23,22,0,1020,33,22,33,45,0,25,42,67,0,12,54,66
2011,Marin County,March,1322,27,5,0,69,15,0,1270,1020,29,7,0,42,15,0,999,32,84,36,57,0,30,111,141,0,12,56,68
2011,Marin County,April,1270,24,6,0,25,16,0,1259,999,22,6,0,16,1,0,1010,30,41,28,17,0,17,41,58,0,12,46,58
2011,Marin County,May,1259,15,4,0,27,11,0,1240,1010,19,5,0,27,7,0,1000,19,38,24,34,0,18,54,72,0,9,34,43
2011,Marin County,June,1240,38,9,0,18,12,0,1257,1000,26,7,0,21,11,0,1001,47,30,33,32,0,23,39,62,0,16,64,80
2011,Marin County,July,1257,29,7,0,40,11,0,1242,1001,12,3,0,26,1,0,989,36,51,15,27,0,12,66,78,0,10,41,51
2011,Marin County,August,1242,29,7,0,25,4,0,1249,989,24,6,0,10,11,0,998,36,29,30,21,0,15,35,50,0,13,53,66
2011,Marin County,September,1249,38,9,0,27,15,0,1254,998,30,8,0,28,2,0,1006,47,42,38,30,0,17,55,72,0,17,68,85
2011,Marin County,October,1254,30,8,0,15,20,0,1257,1006,22,5,0,23,13,0,997,38,35,27,36,0,33,38,71,0,13,52,65
2011,Marin County,November,1257,19,5,0,11,3,0,1267,997,19,5,0,13,17,0,991,24,14,24,30,0,20,24,44,0,10,38,48
2011,Marin County,December,1267,30,7,0,23,22,0,1259,991,18,5,0,54,1,0,959,37,45,23,55,0,23,77,100,0,12,48,60
2011,Mariposa County,January,104,2,0,0,1,0,1,104,243,6,3,0,4,4,0,244,2,2,9,8,1,4,5,10,0,3,8,11
2011,Mariposa County,February,104,2,1,0,2,1,0,104,244,6,1,0,0,2,0,249,3,3,7,2,0,3,2,5,0,2,8,10
2011,Mariposa County,March,104,3,2,0,0,3,0,106,249,4,7,0,5,9,0,246,5,3,11,14,0,12,5,17,0,9,7,16
2011,Mariposa County,April,106,1,0,0,0,0,0,107,246,7,3,0,2,5,0,249,1,0,10,7,0,5,2,7,0,3,8,11
2011,Mariposa County,May,107,2,2,0,2,7,1,101,249,3,5,0,5,7,0,245,4,10,8,12,1,14,7,22,0,7,5,12
2011,Mariposa County,June,101,3,3,0,1,3,0,103,245,9,5,0,4,10,0,245,6,4,14,14,0,13,5,18,0,8,12,20
2011,Mariposa County,July,103,1,3,48,1,3,0,151,245,12,9,75,10,9,0,322,52,4,96,19,0,12,11,23,123,12,13,148
2011,Mariposa County,August,151,5,0,0,6,0,0,150,322,16,1,0,15,1,0,323,5,6,17,16,0,1,21,22,0,1,21,22
2011,Mariposa County,September,150,3,1,0,8,1,0,145,323,9,2,0,6,2,0,326,4,9,11,8,0,3,14,17,0,3,12,15
2011,Mariposa County,October,145,5,2,0,7,2,0,143,326,3,4,0,4,4,0,325,7,9,7,8,0,6,11,17,0,6,8,14
2011,Mariposa County,November,143,2,4,0,2,4,0,143,325,13,4,0,4,4,0,334,6,6,17,8,0,8,6,14,0,8,15,23
2011,Mariposa County,December,143,6,0,0,2,0,0,147,334,5,9,0,5,9,0,334,6,2,14,14,0,9,7,16,0,9,11,20
2011,Mendocino County,January,2160,23,1,0,5,5,0,2174,154,1,0,0,0,0,0,155,24,10,1,0,0,5,5,10,0,1,24,25
2011,Mendocino County,February,2174,7,4,0,3,2,0,2180,155,0,0,0,0,0,0,155,11,5,0,0,0,2,3,5,0,4,7,11
2011,Mendocino County,March,2180,13,14,0,18,7,0,2182,155,0,1,0,0,0,0,156,27,25,1,0,0,7,18,25,0,15,13,28
2011,Mendocino County,April,2182,14,10,0,10,4,0,2192,156,0,0,0,0,0,0,156,24,14,0,0,0,4,10,14,0,10,14,24
2011,Mendocino County,May,2192,33,17,0,11,11,0,2220,156,1,8,0,7,2,0,156,50,22,9,9,0,13,18,31,0,25,34,59
2011,Mendocino County,June,2220,19,25,0,26,14,0,2224,156,0,0,0,4,0,0,152,44,40,0,4,0,14,30,44,0,25,19,44
2011,Mendocino County,July,2224,10,5,0,10,2,0,2227,152,0,0,0,0,0,0,152,15,12,0,0,0,2,10,12,0,5,10,15
2011,Mendocino County,August,2227,23,20,0,13,10,0,2247,152,0,0,0,1,0,0,151,43,23,0,1,0,10,14,24,0,20,23,43
2011,Mendocino County,September,2247,10,3,0,11,11,0,2238,151,0,0,0,1,0,0,150,13,22,0,1,0,11,12,23,0,3,10,13
2011,Mendocino County,October,2238,18,32,0,6,7,0,2275,150,0,0,0,0,1,0,149,50,13,0,1,0,8,6,14,0,32,18,50
2011,Mendocino County,November,2275,11,10,0,4,4,0,2288,149,0,0,0,0,0,0,149,21,8,0,0,0,4,4,8,0,10,11,21
2011,Mendocino County,December,2288,8,4,0,8,9,0,2283,149,0,0,0,0,0,0,149,12,17,0,0,0,9,8,17,0,4,8,12
2011,Merced County,January,3041,83,88,0,176,88,8,2940,0,0,0,0,0,0,0,0,171,272,0,0,8,88,176,272,0,88,83,171
2011,Merced County,February,2940,84,81,0,93,73,1,2938,0,0,0,0,0,0,0,0,165,167,0,0,1,73,93,167,0,81,84,165
2011,Merced County,March,2938,104,116,0,84,40,11,3023,0,0,0,0,0,0,0,0,220,135,0,0,11,40,84,135,0,116,104,220
2011,Merced County,April,3023,71,99,0,105,23,28,3037,0,0,0,0,0,0,0,0,170,156,0,0,28,23,105,156,0,99,71,170
2011,Merced County,May,3037,71,100,0,102,55,30,3021,0,0,0,0,0,0,0,0,171,187,0,0,30,55,102,187,0,100,71,171
2011,Merced County,June,3021,84,81,0,124,25,33,3004,0,0,0,0,0,0,0,0,165,182,0,0,33,25,124,182,0,81,84,165
2011,Merced County,July,3004,68,80,0,91,28,8,3025,0,0,0,0,0,0,0,0,148,127,0,0,8,28,91,127,0,80,68,148
2011,Merced County,August,3025,84,116,0,115,62,9,3039,0,0,0,0,0,0,0,0,200,186,0,0,9,62,115,186,0,116,84,200
2011,Merced County,September,3039,72,129,0,68,90,6,3076,0,0,0,0,0,0,0,0,201,164,0,0,6,90,68,164,0,129,72,201
2011,Merced County,October,3076,82,143,0,108,68,0,3125,0,0,0,0,0,0,0,0,225,176,0,0,0,68,108,176,0,143,82,225
2011,Merced County,November,3125,75,114,0,100,68,0,3146,0,0,0,0,0,0,0,0,189,168,0,0,0,68,100,168,0,114,75,189
2011,Merced County,December,3146,61,112,0,100,81,0,3138,0,0,0,0,0,0,0,0,173,181,0,0,0,81,100,181,0,112,61,173
2011,Modoc County,January,148,1,0,0,3,1,0,145,170,0,0,0,1,0,0,169,1,4,0,1,0,1,4,5,0,0,1,1
2011,Modoc County,February,145,3,0,0,2,0,0,146,169,2,0,0,1,0,0,170,3,2,2,1,0,0,3,3,0,0,5,5
2011,Modoc County,March,146,1,0,0,1,0,0,146,170,2,0,0,1,0,0,171,1,1,2,1,0,0,2,2,0,0,3,3
2011,Modoc County,April,146,3,0,0,2,2,0,145,171,0,0,0,1,0,0,170,3,4,0,1,0,2,3,5,0,0,3,3
2011,Modoc County,May,145,1,0,0,7,3,0,136,170,0,0,0,5,0,0,165,1,10,0,5,0,3,12,15,0,0,1,1
2011,Modoc County,June,136,3,0,0,7,0,0,132,165,2,0,0,0,0,0,167,3,7,2,0,0,0,7,7,0,0,5,5
2011,Modoc County,July,132,0,0,0,3,0,0,129,167,1,0,0,4,0,0,164,0,3,1,4,0,0,7,7,0,0,1,1
2011,Modoc County,August,129,3,0,0,5,0,0,127,164,0,0,0,1,0,0,163,3,5,0,1,0,0,6,6,0,0,3,3
2011,Modoc County,September,127,5,0,0,6,1,0,125,163,0,0,0,1,0,0,162,5,7,0,1,0,1,7,8,0,0,5,5
2011,Modoc County,October,125,4,0,0,7,0,0,122,162,0,0,0,3,0,0,159,4,7,0,3,0,0,10,10,0,0,4,4
2011,Modoc County,November,122,0,0,0,3,0,0,119,159,1,0,0,0,0,0,160,0,3,1,0,0,0,3,3,0,0,1,1
2011,Modoc County,December,119,0,0,0,3,0,0,116,160,0,0,0,4,0,0,156,0,3,0,4,0,0,7,7,0,0,0,0
2011,Mono County,January,177,11,0,0,0,0,0,188,107,3,0,0,0,0,0,110,11,0,3,0,0,0,0,0,0,0,14,14
2011,Mono County,February,188,14,0,0,8,0,0,194,110,3,0,0,0,0,0,113,14,8,3,0,0,0,8,8,0,0,17,17
2011,Mono County,March,194,0,0,0,0,0,0,194,113,0,0,0,0,0,0,113,0,0,0,0,0,0,0,0,0,0,0,0
2011,Mono County,April,194,0,0,0,0,0,0,194,113,0,0,0,0,0,0,113,0,0,0,0,0,0,0,0,0,0,0,0
2011,Mono County,May,194,0,0,0,0,0,0,194,113,0,0,0,0,0,0,113,0,0,0,0,0,0,0,0,0,0,0,0
2011,Mono County,June,194,0,0,0,11,0,0,183,113,0,0,0,13,0,0,100,0,11,0,13,0,0,24,24,0,0,0,0
2011,Mono County,July,183,0,0,0,7,0,0,176,100,0,0,0,10,0,0,90,0,7,0,10,0,0,17,17,0,0,0,0
2011,Mono County,August,176,0,0,0,2,0,0,174,90,0,0,0,12,0,0,78,0,2,0,12,0,0,14,14,0,0,0,0
2011,Mono County,September,174,0,0,0,13,0,0,161,78,0,0,0,9,0,0,69,0,13,0,9,0,0,22,22,0,0,0,0
2011,Mono County,October,161,0,0,0,7,0,9,145,69,12,0,4,0,0,0,85,0,16,16,0,9,0,7,16,4,0,12,16
2011,Mono County,November,145,10,0,0,0,0,0,155,85,3,0,0,0,0,0,88,10,0,3,0,0,0,0,0,0,0,13,13
2011,Mono County,December,155,0,0,0,0,0,0,155,88,0,0,0,0,0,0,88,0,0,0,0,0,0,0,0,0,0,0,0
2011,Monterey County,January,3858,27,17,0,29,14,0,3859,1318,11,7,0,4,2,0,1330,44,43,18,6,0,16,33,49,0,24,38,62
2011,Monterey County,February,3859,51,48,0,38,24,0,3896,1330,5,12,0,10,8,0,1329,99,62,17,18,0,32,48,80,0,60,56,116
2011,Monterey County,March,3896,57,29,0,16,43,0,3923,1329,14,6,0,7,4,0,1338,86,59,20,11,0,47,23,70,0,35,71,106
2011,Monterey County,April,3923,114,4,0,147,11,405,3478,1338,27,0,351,38,0,0,1678,118,563,378,38,405,11,185,601,351,4,141,496
2011,Monterey County,May,3478,95,4,0,84,8,17,3468,1678,31,0,27,43,1,0,1692,99,109,58,44,17,9,127,153,27,4,126,157
2011,Monterey County,June,3468,85,37,0,103,15,35,3437,1692,15,7,13,40,1,0,1686,122,153,35,41,35,16,143,194,13,44,100,157
2011,Monterey County,July,3437,53,49,0,109,17,9,3404,1686,21,10,40,49,3,0,1705,102,135,71,52,9,20,158,187,40,59,74,173
2011,Monterey County,August,3404,32,44,42,82,8,0,3432,1705,29,15,39,35,1,0,1752,118,90,83,36,0,9,117,126,81,59,61,201
2011,Monterey County,September,3432,51,43,79,75,5,0,3525,1752,27,11,46,51,1,0,1784,173,80,84,52,0,6,126,132,125,54,78,257
2011,Monterey County,October,3525,50,42,41,73,9,0,3576,1784,61,14,24,35,1,0,1847,133,82,99,36,0,10,108,118,65,56,111,232
2011,Monterey County,November,3576,49,26,29,84,4,0,3592,1847,63,13,47,90,0,0,1880,104,88,123,90,0,4,174,178,76,39,112,227
2011,Monterey County,December,3592,39,26,58,105,1,0,3609,1880,49,11,40,100,0,0,1880,123,106,100,100,0,1,205,206,98,37,88,223
2011,Napa County,January,1021,19,12,0,22,20,0,1010,1175,36,3,0,20,17,0,1177,31,42,39,37,0,37,42,79,0,15,55,70
2011,Napa County,February,1010,25,10,0,21,14,0,1010,1177,38,18,0,27,5,0,1201,35,35,56,32,0,19,48,67,0,28,63,91
2011,Napa County,March,1010,31,13,0,22,10,0,1022,1201,51,3,0,33,21,0,1201,44,32,54,54,0,31,55,86,0,16,82,98
2011,Napa County,April,1022,37,6,0,28,12,0,1025,1201,69,18,0,21,6,0,1261,43,40,87,27,0,18,49,67,0,24,106,130
2011,Napa County,May,1025,46,12,0,11,15,0,1057,1261,46,9,0,18,11,0,1287,58,26,55,29,0,26,29,55,0,21,92,113
2011,Napa County,June,1057,22,7,0,27,30,0,1029,1287,46,0,0,34,17,0,1282,29,57,46,51,0,47,61,108,0,7,68,75
2011,Napa County,July,1029,25,0,0,31,10,2,1011,1282,44,6,0,19,14,3,1296,25,43,50,36,5,24,50,79,0,6,69,75
2011,Napa County,August,1011,33,17,0,25,11,0,1025,1296,37,1,0,26,10,0,1298,50,36,38,36,0,21,51,72,0,18,70,88
2011,Napa County,September,1025,24,11,0,25,10,0,1025,1298,44,15,0,26,8,0,1323,35,35,59,34,0,18,51,69,0,26,68,94
2011,Napa County,October,1025,22,0,0,22,10,8,1007,1323,56,11,0,22,5,0,1363,22,40,67,27,8,15,44,67,0,11,78,89
2011,Napa County,November,1007,18,1,0,34,12,0,980,1363,62,0,0,32,23,0,1370,19,46,62,55,0,35,66,101,0,1,80,81
2011,Napa County,December,980,20,16,0,47,10,0,959,1370,52,5,0,40,6,0,1381,36,57,57,46,0,16,87,103,0,21,72,93
2011,Nevada County,January,465,10,1,0,11,0,0,465,125,7,1,0,4,0,2,127,11,11,8,6,2,0,15,17,0,2,17,19
2011,Nevada County,February,465,18,0,0,15,0,0,468,127,7,0,0,3,0,2,129,18,15,7,5,2,0,18,20,0,0,25,25
2011,Nevada County,March,468,8,1,0,11,0,0,466,129,0,0,0,5,0,2,122,9,11,0,7,2,0,16,18,0,1,8,9
2011,Nevada County,April,466,6,1,0,15,0,2,456,122,5,0,0,4,0,2,121,7,17,5,6,4,0,19,23,0,1,11,12
2011,Nevada County,May,456,13,3,14,20,0,3,463,121,6,0,0,10,0,1,116,30,23,6,11,4,0,30,34,14,3,19,36
2011,Nevada County,June,463,10,3,0,10,0,10,456,116,8,0,0,3,0,3,118,13,20,8,6,13,0,13,26,0,3,18,21
2011,Nevada County,July,456,12,0,0,16,0,0,452,118,6,0,0,2,0,2,120,12,16,6,4,2,0,18,20,0,0,18,18
2011,Nevada County,August,452,20,1,0,21,0,1,451,120,8,1,0,1,0,2,126,21,22,9,3,3,0,22,25,0,2,28,30
2011,Nevada County,September,451,11,0,0,12,0,10,440,126,11,0,0,4,0,4,129,11,22,11,8,14,0,16,30,0,0,22,22
2011,Nevada County,October,440,23,2,0,33,0,10,422,129,6,0,0,5,0,7,123,25,43,6,12,17,0,38,55,0,2,29,31
2011,Nevada County,November,422,21,0,0,4,0,22,417,123,4,0,0,3,0,8,116,21,26,4,11,30,0,7,37,0,0,25,25
2011,Nevada County,December,417,25,1,0,8,0,8,427,116,11,0,0,1,0,6,120,26,16,11,7,14,0,9,23,0,1,36,37
2011,Orange County,January,9504,523,278,0,395,332,109,9469,2879,29,4,0,14,4,1,2893,801,836,33,19,110,336,409,855,0,282,552,834
2011,Orange County,February,9469,555,298,0,428,417,170,9307,2893,38,2,0,35,2,1,2895,853,1015,40,38,171,419,463,1053,0,300,593,893
2011,Orange County,March,9307,690,386,0,620,458,83,9222,2895,51,5,0,27,12,0,2912,1076,1161,56,39,83,470,647,1200,0,391,741,1132
2011,Orange County,April,9222,691,340,0,556,372,127,9198,2912,62,6,0,12,16,0,2952,1031,1055,68,28,127,388,568,1083,0,346,753,1099
2011,Orange County,May,9198,568,283,0,421,375,71,9182,2952,45,9,0,15,7,0,2984,851,867,54,22,71,382,436,889,0,292,613,905
2011,Orange County,June,9182,641,374,0,482,348,104,9263,2984,47,4,0,34,8,0,2993,1015,934,51,42,104,356,516,976,0,378,688,1066
2011,Orange County,July,9263,646,308,0,406,404,69,9338,2993,29,3,0,21,7,1,2996,954,879,32,29,70,411,427,908,0,311,675,986
2011,Orange County,August,9338,790,322,0,434,413,168,9435,2996,36,6,0,19,9,7,3003,1112,1015,42,35,175,422,453,1050,0,328,826,1154
2011,Orange County,September,9435,287,348,0,530,481,121,8938,3003,23,9,0,33,10,1,2991,635,1132,32,44,122,491,563,1176,0,357,310,667
2011,Orange County,October,8938,522,319,0,527,435,43,8774,2991,49,8,0,41,7,0,3000,841,1005,57,48,43,442,568,1053,0,327,571,898
2011,Orange County,November,8774,439,293,0,369,415,105,8617,3000,47,8,0,19,16,0,3020,732,889,55,35,105,431,388,924,0,301,486,787
2011,Orange County,December,8617,707,265,14,450,432,97,8624,3020,33,8,0,15,6,1,3039,986,979,41,22,98,438,465,1001,14,273,740,1027
2011,Placer County,January,2985,70,5,0,45,3,16,2996,761,31,0,0,21,0,10,761,75,64,31,31,26,3,66,95,0,5,101,106
2011,Placer County,February,2996,67,1,10,42,4,46,2982,761,21,0,0,22,2,2,756,78,92,21,26,48,6,64,118,10,1,88,99
2011,Placer County,March,2982,113,2,0,92,2,87,2916,756,46,1,0,30,0,55,718,115,181,47,85,142,2,122,266,0,3,159,162
2011,Placer County,April,2916,64,6,0,60,1,43,2882,718,26,0,0,10,2,10,722,70,104,26,22,53,3,70,126,0,6,90,96
2011,Placer County,May,2882,94,1,0,55,9,47,2866,722,33,0,0,23,1,13,718,95,111,33,37,60,10,78,148,0,1,127,128
2011,Placer County,June,2866,76,5,0,55,21,73,2798,718,40,1,0,27,7,1,724,81,149,41,35,74,28,82,184,0,6,116,122
2011,Placer County,July,2798,71,4,0,53,10,66,2744,724,34,3,0,19,4,12,726,75,129,37,35,78,14,72,164,0,7,105,112
2011,Placer County,August,2744,82,5,0,64,6,63,2698,726,42,1,0,27,2,5,735,87,133,43,34,68,8,91,167,0,6,124,130
2011,Placer County,September,2698,63,1,0,76,16,59,2611,735,38,0,0,16,4,4,749,64,151,38,24,63,20,92,175,0,1,101,102
2011,Placer County,October,2611,59,0,0,40,10,39,2581,749,27,1,0,14,5,4,754,59,89,28,23,43,15,54,112,0,1,86,87
2011,Placer County,November,2581,67,2,0,63,8,8,2571,754,27,2,0,10,2,7,764,69,79,29,19,15,10,73,98,0,4,94,98
2011,Placer County,December,2571,56,1,0,63,1,8,2556,764,32,0,0,9,1,0,786,57,72,32,10,8,2,72,82,0,1,88,89
2011,Plumas County,January,252,8,13,0,3,15,0,255,182,2,12,0,5,12,0,179,21,18,14,17,0,27,8,35,0,25,10,35
2011,Plumas County,February,255,7,12,0,9,14,0,251,179,5,9,0,7,7,0,179,19,23,14,14,0,21,16,37,0,21,12,33
2011,Plumas County,March,251,8,10,0,8,14,0,247,179,5,14,0,13,10,0,175,18,22,19,23,0,24,21,45,0,24,13,37
2011,Plumas County,April,247,6,12,0,5,16,0,244,175,6,11,0,4,12,0,176,18,21,17,16,0,28,9,37,0,23,12,35
2011,Plumas County,May,244,7,13,0,7,12,0,245,176,6,10,0,10,9,0,173,20,19,16,19,0,21,17,38,0,23,13,36
2011,Plumas County,June,245,4,9,0,8,10,17,223,173,7,10,0,5,8,1,176,13,35,17,14,18,18,13,49,0,19,11,30
2011,Plumas County,July,223,6,0,2,4,9,0,218,176,3,3,0,3,5,0,174,8,13,6,8,0,14,7,21,2,3,9,14
2011,Plumas County,August,218,5,18,2,10,9,5,219,174,6,6,0,7,7,1,171,25,24,12,15,6,16,17,39,2,24,11,37
2011,Plumas County,September,219,11,10,0,12,11,9,208,171,4,8,0,7,6,1,169,21,32,12,14,10,17,19,46,0,18,15,33
2011,Plumas County,October,208,2,12,0,5,9,1,207,169,6,11,0,6,11,0,169,14,15,17,17,1,20,11,32,0,23,8,31
2011,Plumas County,November,207,1,12,0,3,8,0,209,169,3,9,0,9,9,0,163,13,11,12,18,0,17,12,29,0,21,4,25
2011,Plumas County,December,209,7,8,0,6,12,2,204,163,3,9,0,4,10,2,159,15,20,12,16,4,22,10,36,0,17,10,27
2011,Riverside County,January,15122,473,241,73,398,377,0,15134,1215,62,86,0,58,72,45,1188,787,775,148,175,45,449,456,950,73,327,535,935
2011,Riverside County,February,15134,341,190,45,360,302,0,15048,1188,55,83,0,37,56,36,1197,576,662,138,129,36,358,397,791,45,273,396,714
2011,Riverside County,March,15048,450,290,84,621,362,0,14889,1197,53,110,0,87,54,59,1160,824,983,163,200,59,416,708,1183,84,400,503,987
2011,Riverside County,April,14889,382,217,43,643,347,0,14541,1160,54,79,0,73,49,27,1144,642,990,133,149,27,396,716,1139,43,296,436,775
2011,Riverside County,May,14541,425,220,53,508,339,0,14392,1144,57,79,0,57,57,31,1135,698,847,136,145,31,396,565,992,53,299,482,834
2011,Riverside County,June,14392,448,241,52,564,431,0,14138,1135,56,107,0,48,50,47,1153,741,995,163,145,47,481,612,1140,52,348,504,904
2011,Riverside County,July,14138,499,243,56,417,366,0,14153,1153,79,85,0,60,67,40,1150,798,783,164,167,40,433,477,950,56,328,578,962
2011,Riverside County,August,14153,548,248,51,496,377,0,14127,1150,54,89,0,69,63,56,1105,847,873,143,188,56,440,565,1061,51,337,602,990
2011,Riverside County,September,14127,437,166,68,453,285,0,14060,1105,59,54,0,56,30,35,1097,671,738,113,121,35,315,509,859,68,220,496,784
2011,Riverside County,October,14060,595,201,30,440,312,0,14134,1097,58,83,0,37,46,23,1132,826,752,141,106,23,358,477,858,30,284,653,967
2011,Riverside County,November,14134,628,191,14,428,276,0,14263,1132,57,75,0,50,43,9,1162,833,704,132,102,9,319,478,806,14,266,685,965
2011,Riverside County,December,14263,692,178,41,400,320,0,14454,1162,69,80,0,40,71,16,1184,911,720,149,127,16,391,440,847,41,258,761,1060
2011,Sacramento County,January,20647,530,336,2,145,378,321,20671,0,0,0,0,0,0,0,0,868,844,0,0,321,378,145,844,2,336,530,868
2011,Sacramento County,February,20671,453,270,0,95,290,442,20567,0,0,0,0,0,0,0,0,723,827,0,0,442,290,95,827,0,270,453,723
2011,Sacramento County,March,20567,586,309,1,138,279,586,20460,0,0,0,0,0,0,0,0,896,1003,0,0,586,279,138,1003,1,309,586,896
2011,Sacramento County,April,20460,476,274,0,117,256,214,20623,0,0,0,0,0,0,0,0,750,587,0,0,214,256,117,587,0,274,476,750
2011,Sacramento County,May,20623,455,250,0,138,294,2588,18308,0,0,0,0,0,0,0,0,705,3020,0,0,2588,294,138,3020,0,250,455,705
2011,Sacramento County,June,18308,516,293,2018,120,358,71,20586,0,0,0,0,0,0,0,0,2827,549,0,0,71,358,120,549,2018,293,516,2827
2011,Sacramento County,July,20586,449,291,0,122,308,273,20623,0,0,0,0,0,0,0,0,740,703,0,0,273,308,122,703,0,291,449,740
2011,Sacramento County,August,20623,563,330,0,134,416,80,20886,0,0,0,0,0,0,0,0,893,630,0,0,80,416,134,630,0,330,563,893
2011,Sacramento County,September,20886,496,290,4,107,303,642,20624,0,0,0,0,0,0,0,0,790,1052,0,0,642,303,107,1052,4,290,496,790
2011,Sacramento County,October,20624,557,287,2,103,276,531,20560,0,0,0,0,0,0,0,0,846,910,0,0,531,276,103,910,2,287,557,846
2011,Sacramento County,November,20560,442,298,1,57,276,56,20912,0,0,0,0,0,0,0,0,741,389,0,0,56,276,57,389,1,298,442,741
2011,Sacramento County,December,20912,498,324,0,60,302,57,21315,0,0,0,0,0,0,0,0,822,419,0,0,57,302,60,419,0,324,498,822
2011,San Benito County,January,154,12,6,9,4,0,9,168,362,7,5,0,16,3,3,352,27,13,12,22,12,3,20,35,9,11,19,39
2011,San Benito County,February,168,9,7,11,9,0,10,176,352,7,3,0,14,2,6,340,27,19,10,22,16,2,23,41,11,10,16,37
2011,San Benito County,March,176,3,12,10,11,0,23,167,340,8,4,0,13,2,3,334,25,34,12,18,26,2,24,52,10,16,11,37
2011,San Benito County,April,167,4,9,7,12,1,16,158,334,6,3,0,8,0,7,328,20,29,9,15,23,1,20,44,7,12,10,29
2011,San Benito County,May,158,11,7,20,11,1,19,165,328,7,4,0,13,3,5,318,38,31,11,21,24,4,24,52,20,11,18,49
2011,San Benito County,June,165,10,7,16,12,1,16,169,318,9,14,0,14,4,8,315,33,29,23,26,24,5,26,55,16,21,19,56
2011,San Benito County,July,386,12,0,0,12,3,0,383,253,3,0,0,5,4,2,245,12,15,3,11,2,7,17,26,0,0,15,15
2011,San Benito County,August,383,14,0,0,8,1,30,358,245,3,1,0,4,2,8,235,14,39,4,14,38,3,12,53,0,1,17,18
2011,San Benito County,September,358,4,0,0,4,0,0,358,235,6,0,0,4,0,2,235,4,4,6,6,2,0,8,10,0,0,10,10
2011,San Benito County,October,358,10,0,4,4,0,29,339,235,3,0,2,2,0,20,218,14,33,5,22,49,0,6,55,6,0,13,19
2011,San Benito County,November,339,13,0,2,5,1,1,347,218,6,0,0,5,2,0,217,15,7,6,7,1,3,10,14,2,0,19,21
2011,San Benito County,December,347,20,0,2,6,1,0,362,217,5,0,0,2,0,0,220,22,7,5,2,0,1,8,9,2,0,25,27
2011,San Bernardino County,January,22064,523,136,2,445,519,0,21761,554,0,2,0,94,13,0,449,661,964,2,107,0,532,539,1071,2,138,523,663
2011,San Bernardino County,February,22004,455,112,4,363,377,0,21835,528,2,0,0,77,5,0,448,571,740,2,82,0,382,440,822,4,112,457,573
2011,San Bernardino County,March,21811,594,153,12,401,474,0,21695,501,2,2,0,80,3,0,422,759,875,4,83,0,477,481,958,12,155,596,763
2011,San Bernardino County,April,21814,496,158,3,354,431,0,21686,463,0,1,0,83,6,0,375,657,785,1,89,0,437,437,874,3,159,496,658
2011,San Bernardino County,May,21683,468,174,4,394,462,0,21473,436,0,0,0,73,9,0,354,646,856,0,82,0,471,467,938,4,174,468,646
2011,San Bernardino County,June,21524,492,152,4,456,418,0,21298,411,5,1,1,84,6,0,328,648,874,7,90,0,424,540,964,5,153,497,655
2011,San Bernardino County,July,21407,494,122,0,428,387,0,21208,383,1,1,1,61,1,0,324,616,815,3,62,0,388,489,877,1,123,495,619
2011,San Bernardino County,August,21318,667,179,4,443,434,0,21291,366,1,1,1,71,13,0,285,850,877,3,84,0,447,514,961,5,180,668,853
2011,San Bernardino County,September,21423,551,168,7,319,421,0,21409,359,1,0,0,89,11,0,260,726,740,1,100,0,432,408,840,7,168,552,727
2011,San Bernardino County,October,21383,571,156,2,512,317,0,21283,337,1,3,1,87,8,0,247,729,829,5,95,0,325,599,924,3,159,572,734
2011,San Bernardino County,November,21426,438,94,2,452,218,0,21290,322,0,0,0,55,7,0,260,534,670,0,62,0,225,507,732,2,94,438,534
2011,San Bernardino County,December,21347,452,95,3,395,256,0,21246,303,3,0,1,57,5,0,245,550,651,4,62,0,261,452,713,4,95,455,554
2011,San Diego County,January,15536,361,100,0,444,214,1,15338,711,5,3,0,14,6,1,698,461,659,8,21,2,220,458,680,0,103,366,469
2011,San Diego County,February,15375,292,102,0,297,170,1,15301,696,14,5,0,20,5,0,690,394,468,19,25,1,175,317,493,0,107,306,413
2011,San Diego County,March,15335,509,98,0,401,289,6,15246,685,19,3,0,16,13,0,678,607,696,22,29,6,302,417,725,0,101,528,629
2011,San Diego County,April,15246,367,136,0,372,209,4,15164,678,10,0,0,14,6,0,668,503,585,10,20,4,215,386,605,0,136,377,513
2011,San Diego County,May,15151,327,97,0,383,314,2,14876,668,11,1,0,25,14,0,641,424,699,12,39,2,328,408,738,0,98,338,436
2011,San Diego County,June,14922,298,124,0,378,263,2,14701,647,10,2,0,22,7,0,630,422,643,12,29,2,270,400,672,0,126,308,434
2011,San Diego County,July,14728,289,116,0,381,180,3,14569,629,17,1,0,12,3,0,632,405,564,18,15,3,183,393,579,0,117,306,423
2011,San Diego County,August,14550,327,106,0,504,281,6,14192,630,16,2,0,16,11,1,620,433,791,18,28,7,292,520,819,0,108,343,451
2011,San Diego County,September,14256,261,68,0,501,271,4,13809,622,13,1,0,17,5,0,614,329,776,14,22,4,276,518,798,0,69,274,343
2011,San Diego County,October,13900,440,102,0,378,332,3,13729,614,10,3,0,14,12,0,601,542,713,13,26,3,344,392,739,0,105,450,555
2011,San Diego County,November,13729,297,82,0,223,241,1,13643,601,15,1,0,6,10,0,601,379,465,16,16,1,251,229,481,0,83,312,395
2011,San Diego County,December,13671,315,92,0,226,267,3,13582,600,16,1,0,7,9,0,601,407,496,17,16,3,276,233,512,0,93,331,424
2011,San Francisco County,January,5116,123,29,0,77,36,60,5095,1144,39,15,0,16,3,27,1152,152,173,54,46,87,39,93,219,0,44,162,206
2011,San Francisco County,February,5095,83,24,0,72,31,65,5034,1152,42,5,0,4,6,26,1163,107,168,47,36,91,37,76,204,0,29,125,154
2011,San Francisco County,March,5034,178,21,0,96,24,73,5040,1163,59,9,0,11,2,20,1198,199,193,68,33,93,26,107,226,0,30,237,267
2011,San Francisco County,April,5040,110,14,0,78,30,35,5021,1198,37,0,0,14,0,11,1210,124,143,37,25,46,30,92,168,0,14,147,161
2011,San Francisco County,May,5021,140,7,0,67,15,42,5044,1210,37,1,0,7,3,2,1236,147,124,38,12,44,18,74,136,0,8,177,185
2011,San Francisco County,June,5044,113,15,0,92,31,71,4978,1236,47,1,0,21,2,15,1246,128,194,48,38,86,33,113,232,0,16,160,176
2011,San Francisco County,July,4978,131,22,0,76,20,60,4975,1246,38,4,0,11,4,16,1257,153,156,42,31,76,24,87,187,0,26,169,195
2011,San Francisco County,August,4975,107,11,0,80,22,36,4955,1257,37,2,0,11,9,9,1267,118,138,39,29,45,31,91,167,0,13,144,157
2011,San Francisco County,September,4955,115,15,0,73,20,40,4952,1267,32,1,0,7,3,14,1276,130,133,33,24,54,23,80,157,0,16,147,163
2011,San Francisco County,October,4952,96,11,0,80,20,51,4908,1276,31,1,0,14,1,11,1282,107,151,32,26,62,21,94,177,0,12,127,139
2011,San Francisco County,November,4908,131,12,0,70,11,71,4899,1282,22,3,0,8,1,38,1260,143,152,25,47,109,12,78,199,0,15,153,168
2011,San Francisco County,December,4899,76,21,0,65,8,47,4876,1260,57,5,0,13,5,8,1296,97,120,62,26,55,13,78,146,0,26,133,159
2011,San Joaquin County,January,7074,127,108,0,168,71,0,7070,6445,224,101,0,140,66,0,6564,235,239,325,206,0,137,308,445,0,209,351,560
2011,San Joaquin County,February,7070,120,157,0,147,167,0,7033,6564,197,162,0,154,45,0,6724,277,314,359,199,0,212,301,513,0,319,317,636
2011,San Joaquin County,March,7033,89,211,10,179,190,9,6965,6724,70,104,22,165,180,11,6564,310,378,196,356,20,370,344,734,32,315,159,506
2011,San Joaquin County,April,6965,76,116,11,154,232,18,6764,6564,59,117,35,135,138,10,6492,203,404,211,283,28,370,289,687,46,233,135,414
2011,San Joaquin County,May,6764,75,133,6,198,151,7,6622,6492,47,157,19,166,130,4,6415,214,356,223,300,11,281,364,656,25,290,122,437
2011,San Joaquin County,June,6622,97,117,3,186,263,6,6384,6415,54,187,42,129,248,3,6318,217,455,283,380,9,511,315,835,45,304,151,500
2011,San Joaquin County,July,6384,60,120,41,114,177,0,6314,6318,41,104,2,143,170,6,6146,221,291,147,319,6,347,257,610,43,224,101,368
2011,San Joaquin County,August,6314,71,141,3,102,292,10,6125,6146,72,156,38,107,247,2,6056,215,404,266,356,12,539,209,760,41,297,143,481
2011,San Joaquin County,September,6125,59,145,0,76,177,21,6055,6056,50,164,0,98,191,0,5981,204,274,214,289,21,368,174,563,0,309,109,418
2011,San Joaquin County,October,6055,108,169,24,81,126,4,6145,5981,138,123,2,88,153,7,5996,301,211,263,248,11,279,169,459,26,292,246,564
2011,San Joaquin County,November,6145,67,146,11,45,180,4,6140,5996,48,127,4,40,168,3,5964,224,229,179,211,7,348,85,440,15,273,115,403
2011,San Joaquin County,December,6140,65,109,42,114,93,11,6138,5964,47,101,6,96,90,8,5924,216,218,154,194,19,183,210,412,48,210,112,370
2011,San Luis Obispo County,January,1254,65,24,0,28,45,19,1251,698,40,19,0,37,28,9,683,89,92,59,74,28,73,65,166,0,43,105,148
2011,San Luis Obispo County,February,1251,44,31,0,43,40,14,1229,683,27,16,0,27,22,6,671,75,97,43,55,20,62,70,152,0,47,71,118
2011,San Luis Obispo County,March,1229,63,28,0,37,43,15,1225,671,34,16,0,55,31,8,627,91,95,50,94,23,74,92,189,0,44,97,141
2011,San Luis Obispo County,April,1225,57,24,0,22,52,7,1225,627,30,17,0,22,31,6,615,81,81,47,59,13,83,44,140,0,41,87,128
2011,San Luis Obispo County,May,1225,66,38,0,29,55,11,1234,615,33,20,0,23,23,6,616,104,95,53,52,17,78,52,147,0,58,99,157
2011,San Luis Obispo County,June,1234,73,34,0,17,51,9,1264,616,41,17,0,28,23,9,614,107,77,58,60,18,74,45,137,0,51,114,165
2011,San Luis Obispo County,July,1264,64,30,0,20,52,19,1267,614,38,21,0,24,26,10,613,94,91,59,60,29,78,44,151,0,51,102,153
2011,San Luis Obispo County,August,1267,87,38,0,29,45,10,1308,613,47,22,0,24,33,7,618,125,84,69,64,17,78,53,148,0,60,134,194
2011,San Luis Obispo County,September,1308,60,36,12,21,52,12,1331,618,42,11,0,22,18,8,623,108,85,53,48,20,70,43,133,12,47,102,161
2011,San Luis Obispo County,October,1331,52,26,23,39,49,11,1333,623,37,10,0,22,18,5,625,101,99,47,45,16,67,61,144,23,36,89,148
2011,San Luis Obispo County,November,1333,61,40,29,30,46,10,1377,625,38,14,0,17,12,4,644,130,86,52,33,14,58,47,119,29,54,99,182
2011,San Luis Obispo County,December,1377,45,34,22,25,48,15,1390,644,36,13,0,23,25,9,636,101,88,49,57,24,73,48,145,22,47,81,150
2011,San Mateo County,January,4996,108,47,0,96,40,1,5014,1607,61,8,0,51,25,0,1600,155,137,69,76,1,65,147,213,0,55,169,224
2011,San Mateo County,February,5014,81,30,0,65,41,2,5017,1600,62,11,0,50,25,1,1597,111,108,73,76,3,66,115,184,0,41,143,184
2011,San Mateo County,March,5017,111,33,0,108,44,5,5004,1597,59,9,0,69,22,0,1574,144,157,68,91,5,66,177,248,0,42,170,212
2011,San Mateo County,April,5004,106,49,0,66,56,6,5031,1574,64,9,0,48,18,0,1581,155,128,73,66,6,74,114,194,0,58,170,228
2011,San Mateo County,May,5031,88,44,0,121,58,12,4972,1581,52,9,0,44,29,3,1566,132,191,61,76,15,87,165,267,0,53,140,193
2011,San Mateo County,June,4972,106,57,0,116,59,13,4947,1566,66,10,0,50,29,1,1562,163,188,76,80,14,88,166,268,0,67,172,239
2011,San Mateo County,July,4947,101,28,0,86,49,18,4923,1562,68,6,0,40,16,0,1580,129,153,74,56,18,65,126,209,0,34,169,203
2011,San Mateo County,August,4923,101,36,0,109,53,19,4879,1580,56,5,0,47,18,2,1574,137,181,61,67,21,71,156,248,0,41,157,198
2011,San Mateo County,September,4879,93,46,0,101,42,24,4851,1574,72,8,0,36,33,0,1585,139,167,80,69,24,75,137,236,0,54,165,219
2011,San Mateo County,October,4851,108,55,0,103,38,26,4847,1585,60,7,0,28,31,1,1592,163,167,67,60,27,69,131,227,0,62,168,230
2011,San Mateo County,November,4847,99,43,0,89,42,23,4835,1592,54,4,0,38,25,0,1587,142,154,58,63,23,67,127,217,0,47,153,200
2011,San Mateo County,December,4835,101,33,0,79,34,42,4814,1587,48,3,0,53,21,4,1560,134,155,51,78,46,55,132,233,0,36,149,185
2011,Santa Barbara County,January,2754,98,46,0,55,53,8,2782,1712,131,53,0,117,63,3,1713,144,116,184,183,11,116,172,299,0,99,229,328
2011,Santa Barbara County,February,2761,88,24,0,52,72,9,2740,1699,123,40,0,119,59,6,1678,112,133,163,184,15,131,171,317,0,64,211,275
2011,Santa Barbara County,March,2729,80,29,0,72,90,15,2661,1706,135,31,0,128,77,9,1658,109,177,166,214,24,167,200,391,0,60,215,275
2011,Santa Barbara County,April,2679,81,37,0,66,71,12,2648,1667,118,30,0,131,52,2,1630,118,149,148,185,14,123,197,334,0,67,199,266
2011,Santa Barbara County,May,2647,96,44,0,56,76,12,2643,1637,121,43,0,145,58,3,1595,140,144,164,206,15,134,201,350,0,87,217,304
2011,Santa Barbara County,June,2619,93,37,0,64,82,22,2581,1580,142,40,0,108,52,8,1594,130,168,182,168,30,134,172,336,0,77,235,312
2011,Santa Barbara County,July,2571,64,41,0,47,74,35,2520,1558,108,42,0,113,63,8,1524,105,156,150,184,43,137,160,340,0,83,172,255
2011,Santa Barbara County,August,2509,97,47,0,77,82,36,2458,1549,146,43,0,133,47,14,1544,144,195,189,194,50,129,210,389,0,90,243,333
2011,Santa Barbara County,September,2452,72,43,0,53,50,26,2438,1526,107,27,0,123,47,7,1483,115,129,134,177,33,97,176,306,0,70,179,249
2011,Santa Barbara County,October,2450,110,64,0,39,77,14,2494,1498,96,32,0,76,42,3,1505,174,130,128,121,17,119,115,251,0,96,206,302
2011,Santa Barbara County,November,2441,123,56,0,54,50,12,2504,1464,103,27,0,112,37,3,1442,179,116,130,152,15,87,166,268,0,83,226,309
2011,Santa Barbara County,December,2487,101,60,0,58,79,10,2501,1491,118,33,0,115,54,8,1465,161,147,151,177,18,133,173,324,0,93,219,312
2011,Santa Clara County,January,9112,449,204,223,216,201,463,9108,2924,207,178,167,184,151,297,2844,876,880,552,632,760,352,400,1512,390,382,656,1428
2011,Santa Clara County,February,9108,551,239,183,276,217,627,8961,2844,217,145,126,170,126,298,2738,973,1120,488,594,925,343,446,1714,309,384,768,1461
2011,Santa Clara County,March,8961,478,255,320,284,277,549,8904,2738,258,153,253,187,157,345,2713,1053,1110,664,689,894,434,471,1799,573,408,736,1717
2011,Santa Clara County,April,8904,419,188,247,196,214,477,8871,2713,198,137,232,208,125,259,2688,854,887,567,592,736,339,404,1479,479,325,617,1421
2011,Santa Clara County,May,8871,475,202,245,206,217,447,8923,2688,222,168,211,127,138,330,2694,922,870,601,595,777,355,333,1465,456,370,697,1523
2011,Santa Clara County,June,8923,472,278,241,298,285,501,8830,2694,271,182,180,148,161,330,2688,991,1084,633,639,831,446,446,1723,421,460,743,1624
2011,Santa Clara County,July,8830,952,463,97,208,219,1107,8808,2688,434,290,54,113,99,536,2718,1512,1534,778,748,1643,318,321,2282,151,753,1386,2290
2011,Santa Clara County,August,8808,693,335,252,217,263,727,8881,2718,313,203,284,165,164,370,2819,1280,1207,800,699,1097,427,382,1906,536,538,1006,2080
2011,Santa Clara County,September,8881,593,257,240,220,220,647,8884,2819,308,174,296,230,163,413,2791,1090,1087,778,806,1060,383,450,1893,536,431,901,1868
2011,Santa Clara County,October,8884,588,186,370,165,205,613,9045,2791,213,122,198,93,156,274,2801,1144,983,533,523,887,361,258,1506,568,308,801,1677
2011,Santa Clara County,November,9045,605,168,443,476,158,662,8965,2801,228,125,137,184,114,231,2762,1216,1296,490,529,893,272,660,1825,580,293,833,1706
2011,Santa Clara County,December,8965,754,274,182,201,242,791,8941,2762,259,157,40,108,152,418,2540,1210,1234,456,678,1209,394,309,1912,222,431,1013,1666
2011,Santa Cruz County,January,3433,43,36,0,52,7,0,3453,2146,35,10,0,23,8,0,2160,79,59,45,31,0,15,75,90,0,46,78,124
2011,Santa Cruz County,February,3453,32,36,0,28,8,0,3485,2160,26,10,0,20,8,0,2168,68,36,36,28,0,16,48,64,0,46,58,104
2011,Santa Cruz County,March,3485,29,32,0,50,21,0,3475,2168,22,11,0,33,9,0,2159,61,71,33,42,0,30,83,113,0,43,51,94
2011,Santa Cruz County,April,3475,47,30,0,38,14,0,3500,2159,21,9,0,39,7,0,2143,77,52,30,46,0,21,77,98,0,39,68,107
2011,Santa Cruz County,May,3500,36,31,0,52,3,0,3512,2143,18,10,0,27,3,0,2141,67,55,28,30,0,6,79,85,0,41,54,95
2011,Santa Cruz County,June,3512,37,28,0,42,7,0,3528,2141,18,12,0,34,5,0,2132,65,49,30,39,0,12,76,88,0,40,55,95
2011,Santa Cruz County,July,3528,44,30,0,36,5,0,3561,2132,8,15,0,24,7,0,2124,74,41,23,31,0,12,60,72,0,45,52,97
2011,Santa Cruz County,August,3561,35,28,0,33,25,0,3566,2124,15,12,0,20,4,0,2127,63,58,27,24,0,29,53,82,0,40,50,90
2011,Santa Cruz County,September,3566,38,26,0,36,12,0,3582,2127,20,13,0,15,6,0,2139,64,48,33,21,0,18,51,69,0,39,58,97
2011,Santa Cruz County,October,3582,51,28,0,55,8,0,3598,2139,23,15,0,24,0,0,2153,79,63,38,24,0,8,79,87,0,43,74,117
2011,Santa Cruz County,November,3598,41,23,0,39,2,0,3621,2153,12,14,0,12,3,0,2164,64,41,26,15,0,5,51,56,0,37,53,90
2011,Santa Cruz County,December,3621,37,24,0,36,6,0,3640,2164,16,15,0,19,4,0,2172,61,42,31,23,0,10,55,65,0,39,53,92
2011,Shasta County,January,1862,44,14,0,37,16,14,1853,345,23,0,0,11,10,1,346,58,67,23,22,15,26,48,89,0,14,67,81
2011,Shasta County,February,1853,33,17,3,23,19,13,1851,346,17,0,0,8,0,0,355,53,55,17,8,13,19,31,63,3,17,50,70
2011,Shasta County,March,1851,57,10,0,43,12,12,1851,355,18,0,0,206,2,0,165,67,67,18,208,12,14,249,275,0,10,75,85
2011,Shasta County,April,1851,44,15,0,43,16,9,1842,165,11,0,0,17,1,0,158,59,68,11,18,9,17,60,86,0,15,55,70
2011,Shasta County,May,1842,44,10,1,120,11,12,1754,158,14,0,0,32,0,1,139,55,143,14,33,13,11,152,176,1,10,58,69
2011,Shasta County,June,1754,55,6,2,57,11,12,1737,139,15,0,0,11,0,1,142,63,80,15,12,13,11,68,92,2,6,70,78
2011,Shasta County,July,1737,40,7,4,43,7,14,1724,142,9,0,0,12,1,0,138,51,64,9,13,14,8,55,77,4,7,49,60
2011,Shasta County,August,1724,53,8,3,66,16,7,1699,138,18,0,0,17,0,2,137,64,89,18,19,9,16,83,108,3,8,71,82
2011,Shasta County,September,1699,25,11,1,77,11,7,1641,137,6,0,0,11,1,2,129,37,95,6,14,9,12,88,109,1,11,31,43
2011,Shasta County,October,1641,38,18,1,39,19,5,1635,129,9,0,0,9,0,1,128,57,63,9,10,6,19,48,73,1,18,47,66
2011,Shasta County,November,1635,50,6,0,57,6,5,1623,128,9,0,0,1,1,1,134,56,68,9,3,6,7,58,71,0,6,59,65
2011,Shasta County,December,1623,47,16,0,38,16,1,1631,134,13,0,0,9,0,0,138,63,55,13,9,1,16,47,64,0,16,60,76
2011,Sierra County,January,18,1,0,14,0,0,1,32,9,0,0,0,0,0,1,8,15,1,0,1,2,0,0,2,14,0,1,15
2011,Sierra County,February,32,0,0,0,0,0,0,32,8,0,0,0,0,1,0,7,0,0,0,1,0,1,0,1,0,0,0,0
2011,Sierra County,March,32,2,0,0,1,0,0,33,7,1,0,0,0,0,0,8,2,1,1,0,0,0,1,1,0,0,3,3
2011,Sierra County,April,33,0,0,0,0,0,0,33,8,0,0,0,1,1,0,6,0,0,0,2,0,1,1,2,0,0,0,0
2011,Sierra County,May,33,1,0,0,0,2,0,32,6,1,0,0,0,0,0,7,1,2,1,0,0,2,0,2,0,0,2,2
2011,Sierra County,June,32,0,0,0,1,1,0,30,7,0,0,0,0,0,0,7,0,2,0,0,0,1,1,2,0,0,0,0
2011,Sierra County,July,30,0,0,0,0,0,0,30,7,0,0,0,0,0,0,7,0,0,0,0,0,0,0,0,0,0,0,0
2011,Sierra County,August,30,1,0,0,0,1,0,30,7,0,0,0,1,0,0,6,1,1,0,1,0,1,1,2,0,0,1,1
2011,Sierra County,September,30,1,0,0,0,0,0,31,6,0,0,0,0,0,0,6,1,0,0,0,0,0,0,0,0,0,1,1
2011,Sierra County,October,31,1,0,1,2,0,0,31,6,0,0,0,1,0,0,5,2,2,0,1,0,0,3,3,1,0,1,2
2011,Sierra County,November,29,3,0,0,0,0,1,31,7,0,0,0,0,0,0,7,3,1,0,0,1,0,0,1,0,0,3,3
2011,Sierra County,December,31,0,0,0,2,0,0,29,7,1,0,0,0,0,0,8,0,2,1,0,0,0,2,2,0,0,1,1
2011,Siskiyou County,January,623,13,4,8,8,13,89,538,0,0,0,0,0,0,0,0,25,110,0,0,89,13,8,110,8,4,13,25
2011,Siskiyou County,February,538,16,8,10,7,10,14,541,0,0,0,0,0,0,0,0,34,31,0,0,14,10,7,31,10,8,16,34
2011,Siskiyou County,March,541,9,3,2,11,14,0,530,0,0,0,0,0,0,0,0,14,25,0,0,0,14,11,25,2,3,9,14
2011,Siskiyou County,April,530,11,2,0,7,14,5,517,0,0,0,0,0,0,0,0,13,26,0,0,5,14,7,26,0,2,11,13
2011,Siskiyou County,May,517,26,3,215,14,24,155,568,0,0,0,0,0,0,0,0,244,193,0,0,155,24,14,193,215,3,26,244
2011,Siskiyou County,June,568,20,5,4,6,11,17,563,0,0,0,0,0,0,0,0,29,34,0,0,17,11,6,34,4,5,20,29
2011,Siskiyou County,July,563,7,10,98,8,10,98,562,0,0,0,0,0,0,0,0,115,116,0,0,98,10,8,116,98,10,7,115
2011,Siskiyou County,August,562,14,9,0,12,6,6,561,0,0,0,0,0,0,0,0,23,24,0,0,6,6,12,24,0,9,14,23
2011,Siskiyou County,September,561,10,5,44,12,7,49,552,0,0,0,0,0,0,0,0,59,68,0,0,49,7,12,68,44,5,10,59
2011,Siskiyou County,October,552,12,7,3,11,10,0,553,0,0,0,0,0,0,0,0,22,21,0,0,0,10,11,21,3,7,12,22
2011,Siskiyou County,November,553,6,6,4,2,8,106,453,0,0,0,0,0,0,0,0,16,116,0,0,106,8,2,116,4,6,6,16
2011,Siskiyou County,December,453,11,8,1,4,4,5,460,0,0,0,0,0,0,0,0,20,13,0,0,5,4,4,13,1,8,11,20
2011,Solano County,January,3040,64,0,0,15,6,15,3068,949,15,0,0,8,0,3,953,64,36,15,11,18,6,23,47,0,0,79,79
2011,Solano County,February,3065,65,0,0,11,9,16,3094,945,13,0,0,4,4,2,948,65,36,13,10,18,13,15,46,0,0,78,78
2011,Solano County,March,3043,77,0,0,24,23,19,3054,945,16,0,0,9,1,2,949,77,66,16,12,21,24,33,78,0,0,93,93
2011,Solano County,April,2985,59,0,0,40,13,12,2979,938,20,0,0,8,0,2,948,59,65,20,10,14,13,48,75,0,0,79,79
2011,Solano County,May,2920,75,0,0,45,19,22,2909,922,15,0,0,21,0,2,914,75,86,15,23,24,19,66,109,0,0,90,90
2011,Solano County,June,2910,60,0,0,38,7,27,2898,913,17,0,0,14,1,3,912,60,72,17,18,30,8,52,90,0,0,77,77
2011,Solano County,July,2869,55,0,0,43,10,20,2851,902,17,0,0,12,0,3,904,55,73,17,15,23,10,55,88,0,0,72,72
2011,Solano County,August,2824,54,0,0,36,13,15,2814,898,14,0,0,12,0,3,897,54,64,14,15,18,13,48,79,0,0,68,68
2011,Solano County,September,2768,40,0,0,35,11,13,2749,890,16,0,0,14,5,5,882,40,59,16,24,18,16,49,83,0,0,56,56
2011,Solano County,October,2707,56,0,0,41,13,4,2705,876,14,0,0,16,3,5,866,56,58,14,24,9,16,57,82,0,0,70,70
2011,Solano County,November,2692,39,0,0,30,0,12,2689,862,12,0,0,10,2,5,857,39,42,12,17,17,2,40,59,0,0,51,51
2011,Solano County,December,2670,40,1,0,40,9,7,2655,849,19,0,0,8,2,2,856,41,56,19,12,9,11,48,68,0,1,59,60
2011,Sonoma County,January,2412,72,70,1,80,79,6,2390,681,17,17,1,19,33,7,657,143,165,35,59,13,112,99,224,2,87,89,178
2011,Sonoma County,February,2403,67,74,0,82,82,2,2378,668,26,25,0,21,26,11,661,141,166,51,58,13,108,103,224,0,99,93,192
2011,Sonoma County,March,2389,71,87,4,74,76,16,2385,667,35,22,3,27,23,20,657,162,166,60,70,36,99,101,236,7,109,106,222
2011,Sonoma County,April,2389,72,85,2,71,69,19,2389,659,26,32,0,25,22,16,654,159,159,58,63,35,91,96,222,2,117,98,217
2011,Sonoma County,May,2396,65,64,2,59,63,8,2397,654,31,26,1,22,26,6,658,131,130,58,54,14,89,81,184,3,90,96,189
2011,Sonoma County,June,2393,82,55,1,80,63,5,2383,666,36,21,2,19,24,9,673,138,148,59,52,14,87,99,200,3,76,118,197
2011,Sonoma County,July,2384,75,59,2,78,70,5,2367,674,21,24,1,23,34,10,653,136,153,46,67,15,104,101,220,3,83,96,182
2011,Sonoma County,August,2374,70,63,3,75,77,7,2351,660,24,28,0,23,24,6,659,136,159,52,53,13,101,98,212,3,91,94,188
2011,Sonoma County,September,2357,71,76,4,74,52,4,2378,663,23,29,0,24,22,16,653,151,130,52,62,20,74,98,192,4,105,94,203
2011,Sonoma County,October,2385,61,53,3,72,63,4,2363,655,25,108,0,105,21,7,655,117,139,133,133,11,84,177,272,3,161,86,250
2011,Sonoma County,November,2365,67,51,0,65,53,8,2357,660,23,156,2,156,20,16,649,118,126,181,192,24,73,221,318,2,207,90,299
2011,Sonoma County,December,2370,47,46,2,70,67,1,2327,651,26,16,0,17,19,21,636,95,138,42,57,22,86,87,195,2,62,73,137
2011,Stanislaus County,January,3383,64,101,19,34,125,70,3338,308,0,0,0,2,0,0,306,184,229,0,2,70,125,36,231,19,101,64,184
2011,Stanislaus County,February,3338,65,100,9,112,80,34,3286,306,0,0,0,0,1,0,305,174,226,0,1,34,81,112,227,9,100,65,174
2011,Stanislaus County,March,3286,62,102,3,55,105,35,3258,305,0,0,0,0,1,0,304,167,195,0,1,35,106,55,196,3,102,62,167
2011,Stanislaus County,April,3258,82,104,10,125,110,47,3172,304,0,0,0,0,0,0,304,196,282,0,0,47,110,125,282,10,104,82,196
2011,Stanislaus County,May,3172,63,143,32,69,89,53,3199,304,0,0,0,0,0,0,304,238,211,0,0,53,89,69,211,32,143,63,238
2011,Stanislaus County,June,3199,87,100,15,142,125,25,3109,304,0,0,0,0,0,0,304,202,292,0,0,25,125,142,292,15,100,87,202
2011,Stanislaus County,July,3109,95,136,13,24,117,24,3188,304,0,0,0,0,0,0,304,244,165,0,0,24,117,24,165,13,136,95,244
2011,Stanislaus County,August,3188,56,124,12,29,123,17,3211,304,0,0,0,1,0,0,303,192,169,0,1,17,123,30,170,12,124,56,192
2011,Stanislaus County,September,3211,122,73,7,13,74,13,3313,303,0,0,0,0,0,0,303,202,100,0,0,13,74,13,100,7,73,122,202
2011,Stanislaus County,October,3313,167,128,10,147,107,13,3351,303,2,18,0,1,3,0,319,305,267,20,4,13,110,148,271,10,146,169,325
2011,Stanislaus County,November,3351,115,73,5,27,105,13,3399,319,1,0,0,2,2,0,316,193,145,1,4,13,107,29,149,5,73,116,194
2011,Stanislaus County,December,3399,123,100,29,124,100,27,3400,316,1,0,2,0,0,0,319,252,251,3,0,27,100,124,251,31,100,124,255
2011,Sutter County,January,870,21,8,0,1,18,8,872,41,3,1,0,0,4,1,40,29,27,4,5,9,22,1,32,0,9,24,33
2011,Sutter County,February,872,17,9,2,3,22,17,858,40,1,0,0,4,4,3,30,28,42,1,11,20,26,7,53,2,9,18,29
2011,Sutter County,March,858,19,11,3,4,31,17,839,30,2,1,0,1,3,1,28,33,52,3,5,18,34,5,57,3,12,21,36
2011,Sutter County,April,839,17,7,0,3,10,19,831,28,2,3,0,0,3,0,30,24,32,5,3,19,13,3,35,0,10,19,29
2011,Sutter County,May,831,27,6,3,1,19,12,835,30,3,0,0,1,8,0,24,36,32,3,9,12,27,2,41,3,6,30,39
2011,Sutter County,June,835,24,6,5,5,10,18,837,24,1,3,1,1,3,1,24,35,33,5,5,19,13,6,38,6,9,25,40
2011,Sutter County,July,837,11,3,0,8,7,10,826,24,2,0,0,1,1,0,24,14,25,2,2,10,8,9,27,0,3,13,16
2011,Sutter County,August,826,14,7,4,1,15,10,825,24,1,0,0,1,4,2,18,25,26,1,7,12,19,2,33,4,7,15,26
2011,Sutter County,September,825,12,7,2,4,5,17,820,18,2,1,0,1,1,1,18,21,26,3,3,18,6,5,29,2,8,14,24
2011,Sutter County,October,820,25,1,3,5,12,15,817,18,1,1,1,2,1,0,18,29,32,3,3,15,13,7,35,4,2,26,32
2011,Sutter County,November,817,17,2,4,3,7,27,803,18,3,0,0,2,0,0,19,23,37,3,2,27,7,5,39,4,2,20,26
2011,Sutter County,December,803,15,4,5,4,10,12,801,19,1,0,1,2,2,3,14,24,26,2,7,15,12,6,33,6,4,16,26
2011,Tehama County,January,322,18,5,4,7,6,7,329,43,0,0,1,1,0,1,42,27,20,1,2,8,6,8,22,5,5,18,28
2011,Tehama County,February,329,14,3,10,7,7,5,337,42,2,0,0,0,0,0,44,27,19,2,0,5,7,7,19,10,3,16,29
2011,Tehama County,March,337,10,3,17,7,8,16,336,44,1,0,9,1,2,7,44,30,31,10,10,23,10,8,41,26,3,11,40
2011,Tehama County,April,336,14,0,9,2,2,31,324,44,1,0,2,1,0,2,44,23,35,3,3,33,2,3,38,11,0,15,26
2011,Tehama County,May,324,24,0,10,1,5,7,345,44,1,0,0,1,2,4,38,34,13,1,7,11,7,2,20,10,0,25,35
2011,Tehama County,June,345,20,0,1,4,11,5,346,38,4,0,0,1,0,4,37,21,20,4,5,9,11,5,25,1,0,24,25
2011,Tehama County,July,346,18,4,2,3,4,6,357,37,4,0,0,1,0,0,40,24,13,4,1,6,4,4,14,2,4,22,28
2011,Tehama County,August,357,10,3,77,3,6,61,377,40,2,0,14,0,2,14,40,90,70,16,16,75,8,3,86,91,3,12,106
2011,Tehama County,September,377,37,2,3,9,10,13,387,40,3,0,1,1,0,0,43,42,32,4,1,13,10,10,33,4,2,40,46
2011,Tehama County,October,387,17,1,0,3,7,5,390,43,1,0,0,0,2,1,41,18,15,1,3,6,9,3,18,0,1,18,19
2011,Tehama County,November,390,19,2,2,11,2,12,388,41,5,0,0,1,0,0,45,23,25,5,1,12,2,12,26,2,2,24,28
2011,Tehama County,December,388,22,3,11,8,6,1,409,45,2,1,0,3,3,14,28,36,15,3,20,15,9,11,35,11,4,24,39
2011,Trinity County,January,321,7,0,0,4,0,4,320,13,0,0,0,1,0,0,12,7,8,0,1,4,0,5,9,0,0,7,7
2011,Trinity County,February,320,4,0,1,5,0,1,319,12,3,0,0,0,0,0,15,5,6,3,0,1,0,5,6,1,0,7,8
2011,Trinity County,March,319,7,0,0,3,0,3,320,15,4,0,0,1,0,0,18,7,6,4,1,3,0,4,7,0,0,11,11
2011,Trinity County,April,320,5,0,1,2,0,2,322,18,0,0,0,0,0,0,18,6,4,0,0,2,0,2,4,1,0,5,6
2011,Trinity County,May,322,3,0,1,2,0,2,322,18,1,0,0,0,0,0,19,4,4,1,0,2,0,2,4,1,0,4,5
2011,Trinity County,June,322,1,0,0,6,0,0,317,19,1,0,0,0,0,0,20,1,6,1,0,0,0,6,6,0,0,2,2
2011,Trinity County,July,317,7,0,2,0,0,3,323,20,2,0,0,3,0,0,19,9,3,2,3,3,0,3,6,2,0,9,11
2011,Trinity County,August,323,13,0,4,2,0,6,332,19,0,0,0,0,0,0,19,17,8,0,0,6,0,2,8,4,0,13,17
2011,Trinity County,September,332,3,0,1,0,0,5,331,19,0,0,0,2,0,1,16,4,5,0,3,6,0,2,8,1,0,3,4
2011,Trinity County,October,331,4,0,1,5,0,0,331,16,0,0,0,1,0,0,15,5,5,0,1,0,0,6,6,1,0,4,5
2011,Trinity County,November,331,4,0,3,3,0,1,334,15,0,0,0,0,0,0,15,7,4,0,0,1,0,3,4,3,0,4,7
2011,Trinity County,December,334,5,0,1,2,0,1,337,15,1,0,0,1,0,0,15,6,3,1,1,1,0,3,4,1,0,6,7
2011,Tulare County,January,5247,106,43,12,127,43,9,5229,383,31,17,0,13,11,0,407,161,179,48,24,9,54,140,203,12,60,137,209
2011,Tulare County,February,5229,114,13,3,142,34,8,5175,407,3,0,1,14,29,0,368,130,184,4,43,8,63,156,227,4,13,117,134
2011,Tulare County,March,5175,128,11,8,143,72,13,5094,368,21,4,2,19,14,2,360,147,228,27,35,15,86,162,263,10,15,149,174
2011,Tulare County,April,5094,153,15,9,148,38,10,5075,360,33,0,0,25,12,0,356,177,196,33,37,10,50,173,233,9,15,186,210
2011,Tulare County,May,5075,104,19,1,146,41,7,5005,356,43,3,1,29,27,0,347,124,194,47,56,7,68,175,250,2,22,147,171
2011,Tulare County,June,5005,94,18,7,156,26,11,4931,347,30,4,0,22,25,0,334,119,193,34,47,11,51,178,240,7,22,124,153
2011,Tulare County,July,4931,130,27,4,122,38,8,4924,334,31,0,3,17,19,1,331,161,168,34,37,9,57,139,205,7,27,161,195
2011,Tulare County,August,4924,396,17,10,128,33,19,5167,331,50,3,2,25,42,1,318,423,180,55,68,20,75,153,248,12,20,446,478
2011,Tulare County,September,5167,98,14,11,168,62,20,5040,318,29,4,3,13,24,1,316,123,250,36,38,21,86,181,288,14,18,127,159
2011,Tulare County,October,5040,116,9,15,167,69,9,4935,316,22,4,1,29,17,0,297,140,245,27,46,9,86,196,291,16,13,138,167
2011,Tulare County,November,4935,78,14,4,112,46,11,4862,297,22,4,0,15,24,1,283,96,169,26,40,12,70,127,209,4,18,100,122
2011,Tulare County,December,4862,94,27,8,113,29,22,4827,283,24,3,0,8,0,1,301,129,164,27,9,23,29,121,173,8,30,118,156
2011,Tuolumne County,January,1047,49,16,0,41,13,21,1037,1198,23,21,0,67,11,0,1164,65,75,44,78,21,24,108,153,0,37,72,109
2011,Tuolumne County,February,1037,18,17,0,14,13,10,1035,1164,46,12,0,29,12,4,1177,35,37,58,45,14,25,43,82,0,29,64,93
2011,Tuolumne County,March,1035,26,20,0,2,27,7,1045,1177,14,12,0,21,12,0,1170,46,36,26,33,7,39,23,69,0,32,40,72
2011,Tuolumne County,April,1045,32,15,0,58,19,17,998,1170,30,8,0,59,16,0,1133,47,94,38,75,17,35,117,169,0,23,62,85
2011,Tuolumne County,May,998,37,14,0,20,18,10,1001,1133,26,24,0,34,20,1,1128,51,48,50,55,11,38,54,103,0,38,63,101
2011,Tuolumne County,June,1001,29,15,0,17,19,11,998,1128,33,9,0,26,15,0,1129,44,47,42,41,11,34,43,88,0,24,62,86
2011,Tuolumne County,July,998,39,12,0,48,17,23,961,1129,37,12,0,54,9,0,1115,51,88,49,63,23,26,102,151,0,24,76,100
2011,Tuolumne County,August,961,65,26,0,33,38,8,973,1115,55,11,0,37,10,0,1134,91,79,66,47,8,48,70,126,0,37,120,157
2011,Tuolumne County,September,973,61,24,0,51,43,17,947,1134,61,23,0,53,26,2,1137,85,111,84,81,19,69,104,192,0,47,122,169
2011,Tuolumne County,October,947,22,16,0,32,20,14,919,1137,27,17,0,49,22,2,1108,38,66,44,73,16,42,81,139,0,33,49,82
2011,Tuolumne County,November,919,20,10,0,39,18,7,885,1108,20,18,0,91,14,0,1041,30,64,38,105,7,32,130,169,0,28,40,68
2011,Tuolumne County,December,885,30,19,0,15,28,0,891,1041,27,14,0,8,16,0,1058,49,43,41,24,0,44,23,67,0,33,57,90
2011,Ventura County,January,4021,90,13,0,36,269,0,3819,12615,317,35,0,29,395,0,12543,103,305,352,424,0,664,65,729,0,48,407,455
2011,Ventura County,February,3779,79,13,0,37,51,0,3783,12386,315,25,0,37,473,0,12216,92,88,340,510,0,524,74,598,0,38,394,432
2011,Ventura County,March,3721,112,122,0,23,0,0,3932,12137,340,36,0,22,287,0,12204,234,23,376,309,0,287,45,332,0,158,452,610
2011,Ventura County,April,3895,100,17,0,42,38,0,3932,12045,310,116,0,47,0,0,12424,117,80,426,47,0,38,89,127,0,133,410,543
2011,Ventura County,May,3897,133,16,0,27,58,0,3961,12284,219,36,0,38,385,0,12116,149,85,255,423,0,443,65,508,0,52,352,404
2011,Ventura County,June,3925,117,16,0,52,85,0,3921,12057,255,33,0,39,511,0,11795,133,137,288,550,0,596,91,687,0,49,372,421
2011,Ventura County,July,3853,125,18,0,47,0,0,3949,11567,277,31,0,29,315,0,11531,143,47,308,344,0,315,76,391,0,49,402,451
2011,Ventura County,August,3865,132,136,0,50,0,0,4083,11370,306,35,0,36,421,0,11254,268,50,341,457,0,421,86,507,0,171,438,609
2011,Ventura County,September,4027,112,15,0,29,75,0,4050,11188,309,29,0,38,343,0,11145,127,104,338,381,0,418,67,485,0,44,421,465
2011,Ventura County,October,3985,95,15,0,26,31,0,4038,11021,295,34,0,28,330,0,10992,110,57,329,358,0,361,54,415,0,49,390,439
2011,Ventura County,November,3782,99,163,0,33,0,0,4011,11201,266,29,0,34,144,0,11318,262,33,295,178,0,144,67,211,0,192,365,557
2011,Ventura County,December,3989,94,17,0,23,60,0,4017,11259,278,42,0,30,215,0,11334,111,83,320,245,0,275,53,328,0,59,372,431
2011,Yolo County,January,3040,49,29,0,45,28,0,3045,38,0,0,0,0,0,0,38,78,73,0,0,0,28,45,73,0,29,49,78
2011,Yolo County,February,3045,42,25,0,34,39,0,3039,38,0,0,0,0,0,0,38,67,73,0,0,0,39,34,73,0,25,42,67
2011,Yolo County,March,3039,40,32,0,37,33,0,3041,38,0,0,0,1,0,0,37,72,70,0,1,0,33,38,71,0,32,40,72
2011,Yolo County,April,3041,49,27,0,46,17,0,3054,37,0,0,0,0,0,0,37,76,63,0,0,0,17,46,63,0,27,49,76
2011,Yolo County,May,3054,41,28,0,41,21,0,3061,37,0,0,0,0,0,0,37,69,62,0,0,0,21,41,62,0,28,41,69
2011,Yolo County,June,3061,10,11,0,51,28,0,3003,37,0,0,0,0,0,0,37,21,79,0,0,0,28,51,79,0,11,10,21
2011,Yolo County,July,3003,26,11,0,38,36,0,2966,37,0,0,0,0,0,0,37,37,74,0,0,0,36,38,74,0,11,26,37
2011,Yolo County,August,2966,33,26,0,42,36,0,2947,37,1,0,0,0,0,0,38,59,78,1,0,0,36,42,78,0,26,34,60
2011,Yolo County,September,2947,48,22,0,50,26,0,2941,38,0,0,0,0,0,0,38,70,76,0,0,0,26,50,76,0,22,48,70
2011,Yolo County,October,2941,40,34,0,48,33,0,2934,38,0,0,0,0,0,0,38,74,81,0,0,0,33,48,81,0,34,40,74
2011,Yolo County,November,2934,28,16,0,46,27,0,2905,38,0,0,0,0,0,0,38,44,73,0,0,0,27,46,73,0,16,28,44
2011,Yolo County,December,2905,29,13,0,49,33,0,2865,38,0,0,0,0,0,0,38,42,82,0,0,0,33,49,82,0,13,29,42
2011,Yuba County,January,531,18,5,5,12,3,7,537,192,0,3,3,3,0,5,190,28,22,6,8,12,3,15,30,8,8,18,34
2011,Yuba County,February,537,21,8,9,14,5,4,552,190,1,1,4,12,2,4,178,38,23,6,18,8,7,26,41,13,9,22,44
2011,Yuba County,March,552,14,3,4,15,6,5,547,178,1,5,0,1,7,12,164,21,26,6,20,17,13,16,46,4,8,15,27
2011,Yuba County,April,547,20,3,14,9,4,5,566,164,6,7,3,6,7,3,164,37,18,16,16,8,11,15,34,17,10,26,53
2011,Yuba County,May,566,7,10,7,13,4,3,570,164,23,2,0,4,2,3,180,24,20,25,9,6,6,17,29,7,12,30,49
2011,Yuba County,June,570,21,10,4,6,3,9,587,180,10,5,2,8,5,8,176,35,18,17,21,17,8,14,39,6,15,31,52
2011,Yuba County,July,587,15,5,10,3,5,13,596,176,5,0,4,0,3,1,181,30,21,9,4,14,8,3,25,14,5,20,39
2011,Yuba County,August,596,25,11,11,13,10,12,608,181,6,4,4,0,8,6,181,47,35,14,14,18,18,13,49,15,15,31,61
2011,Yuba County,September,608,11,8,3,15,5,10,600,181,2,2,2,4,1,3,179,22,30,6,8,13,6,19,38,5,10,13,28
2011,Yuba County,October,600,14,10,14,12,1,9,616,179,5,2,1,8,1,3,175,38,22,8,12,12,2,20,34,15,12,19,46
2011,Yuba County,November,616,24,5,11,8,4,9,635,175,3,1,5,3,6,7,168,40,21,9,16,16,10,11,37,16,6,27,49
2011,Yuba County,December,635,14,2,10,10,1,10,640,168,3,4,0,6,3,3,163,26,21,7,12,13,4,16,33,10,6,17,33
2012,Alameda County,January,13556,560,120,0,208,91,210,13727,464,9,1,0,13,0,3,458,680,509,10,16,213,91,221,525,0,121,569,690
2012,Alameda County,February,13727,268,78,0,170,75,174,13654,458,2,1,6,7,0,1,459,346,419,9,8,175,75,177,427,6,79,270,355
2012,Alameda County,March,13654,284,129,0,197,87,96,13687,459,10,3,0,10,0,4,458,413,380,13,14,100,87,207,394,0,132,294,426
2012,Alameda County,April,13687,258,142,0,209,78,112,13688,458,4,1,12,18,2,0,455,400,399,17,20,112,80,227,419,12,143,262,417
2012,Alameda County,May,13688,329,141,0,173,98,130,13757,455,14,4,0,13,1,4,455,470,401,18,18,134,99,186,419,0,145,343,488
2012,Alameda County,June,13757,258,126,0,194,80,176,13691,455,7,1,0,5,1,5,452,384,450,8,11,181,81,199,461,0,127,265,392
2012,Alameda County,July,13691,239,144,0,202,86,195,13591,452,6,3,0,9,0,3,449,383,483,9,12,198,86,211,495,0,147,245,392
2012,Alameda County,August,13591,304,143,0,208,88,217,13525,449,3,2,0,10,3,2,439,447,513,5,15,219,91,218,528,0,145,307,452
2012,Alameda County,September,13525,198,100,0,195,93,110,13425,439,3,1,0,8,0,2,433,298,398,4,10,112,93,203,408,0,101,201,302
2012,Alameda County,October,13425,299,125,0,223,122,236,13268,433,5,3,2,7,1,2,433,424,581,10,10,238,123,230,591,2,128,304,434
2012,Alameda County,November,13268,196,104,0,177,87,65,13239,433,5,3,6,10,1,1,435,300,329,14,12,66,88,187,341,6,107,201,314
2012,Alameda County,December,13239,224,86,0,175,124,107,13143,435,8,0,0,5,2,2,434,310,406,8,9,109,126,180,415,0,86,232,318
2012,Alpine County,January,14,0,0,2,0,0,0,16,17,0,0,0,2,0,1,14,2,0,0,3,1,0,2,3,2,0,0,2
2012,Alpine County,February,16,2,2,0,0,0,0,20,14,5,0,0,0,0,1,18,4,0,5,1,1,0,0,1,0,2,7,9
2012,Alpine County,March,20,0,0,0,0,1,0,19,18,0,0,0,0,3,0,15,0,1,0,3,0,4,0,4,0,0,0,0
2012,Alpine County,April,19,2,2,1,0,2,0,22,15,6,1,0,0,0,1,21,5,2,7,1,1,2,0,3,1,3,8,12
2012,Alpine County,May,22,1,1,0,0,0,0,24,21,1,2,0,2,2,0,20,2,0,3,4,0,2,2,4,0,3,2,5
2012,Alpine County,June,24,1,0,0,0,0,0,25,20,0,0,0,0,1,1,18,1,0,0,2,1,1,0,2,0,0,1,1
2012,Alpine County,July,25,0,0,0,0,2,0,23,18,0,0,0,1,1,0,16,0,2,0,2,0,3,1,4,0,0,0,0
2012,Alpine County,August,23,0,1,0,0,0,0,24,16,0,0,0,0,0,0,16,1,0,0,0,0,0,0,0,0,1,0,1
2012,Alpine County,September,24,1,1,0,0,0,0,26,16,0,1,0,0,1,0,16,2,0,1,1,0,1,0,1,0,2,1,3
2012,Alpine County,October,26,0,0,0,0,1,0,25,16,0,1,0,2,1,0,14,0,1,1,3,0,2,2,4,0,1,0,1
2012,Alpine County,November,25,0,0,0,0,0,0,25,14,0,1,0,0,1,0,14,0,0,1,1,0,1,0,1,0,1,0,1
2012,Alpine County,December,25,1,2,0,1,2,1,24,14,0,1,0,1,1,1,12,3,4,1,3,2,3,2,7,0,3,1,4
2012,Amador County,January,391,9,7,0,22,10,0,375,1031,36,3,0,24,4,0,1042,16,32,39,28,0,14,46,60,0,10,45,55
2012,Amador County,February,375,14,10,0,14,9,0,376,1042,38,5,0,16,2,0,1067,24,23,43,18,0,11,30,41,0,15,52,67
2012,Amador County,March,376,13,6,0,10,12,0,373,1067,42,1,0,26,7,0,1077,19,22,43,33,0,19,36,55,0,7,55,62
2012,Amador County,April,373,15,4,0,14,15,0,363,1077,24,0,0,29,4,0,1068,19,29,24,33,0,19,43,62,0,4,39,43
2012,Amador County,May,363,15,4,0,8,10,0,364,1068,23,0,0,25,3,0,1063,19,18,23,28,0,13,33,46,0,4,38,42
2012,Amador County,June,364,9,11,0,15,15,0,354,1063,22,1,0,31,0,0,1055,20,30,23,31,0,15,46,61,0,12,31,43
2012,Amador County,July,354,7,11,0,15,8,0,349,1055,23,1,0,24,2,0,1053,18,23,24,26,0,10,39,49,0,12,30,42
2012,Amador County,August,349,8,9,0,13,12,0,341,1053,30,2,0,31,0,0,1054,17,25,32,31,0,12,44,56,0,11,38,49
2012,Amador County,September,341,11,8,0,17,8,0,335,1054,15,0,0,27,0,0,1042,19,25,15,27,0,8,44,52,0,8,26,34
2012,Amador County,October,335,11,12,0,12,7,0,339,1042,27,0,0,30,2,0,1037,23,19,27,32,0,9,42,51,0,12,38,50
2012,Amador County,November,339,6,8,0,13,7,0,333,1037,18,0,0,22,0,0,1033,14,20,18,22,0,7,35,42,0,8,24,32
2012,Amador County,December,333,4,3,0,15,7,0,318,1033,42,0,0,28,0,0,1047,7,22,42,28,0,7,43,50,0,3,46,49
2012,Butte County,January,1299,57,22,0,40,42,9,1287,268,26,7,0,10,13,2,276,79,91,33,25,11,55,50,116,0,29,83,112
2012,Butte County,February,1287,52,26,0,28,40,10,1287,276,26,7,0,13,10,4,282,78,78,33,27,14,50,41,105,0,33,78,111
2012,Butte County,March,1284,41,16,0,38,46,12,1245,275,17,14,0,9,13,3,281,57,96,31,25,15,59,47,121,0,30,58,88
2012,Butte County,April,1262,59,28,0,38,35,8,1268,282,15,7,0,23,8,1,272,87,81,22,32,9,43,61,113,0,35,74,109
2012,Butte County,May,1253,58,26,0,45,57,9,1226,271,16,9,0,13,16,1,266,84,111,25,30,10,73,58,141,0,35,74,109
2012,Butte County,June,1243,48,27,0,29,40,20,1229,263,14,4,0,11,18,2,250,75,89,18,31,22,58,40,120,0,31,62,93
2012,Butte County,July,1208,40,23,0,17,48,6,1200,253,10,7,0,8,17,2,243,63,71,17,27,8,65,25,98,0,30,50,80
2012,Butte County,August,1190,51,39,0,15,49,15,1201,252,20,10,0,13,13,4,252,90,79,30,30,19,62,28,109,0,49,71,120
2012,Butte County,September,1181,38,31,0,17,42,7,1184,251,13,14,0,7,23,1,247,69,66,27,31,8,65,24,97,0,45,51,96
2012,Butte County,October,1190,54,32,0,16,50,10,1200,249,13,13,0,13,18,4,240,86,76,26,35,14,68,29,111,0,45,67,112
2012,Butte County,November,1195,35,25,0,20,36,13,1186,246,8,3,0,10,11,1,235,60,69,11,22,14,47,30,91,0,28,43,71
2012,Butte County,December,1180,52,16,0,9,49,9,1181,232,17,4,0,8,6,2,237,68,67,21,16,11,55,17,83,0,20,69,89
2012,Calaveras County,January,314,12,1,3,6,3,2,319,123,2,0,1,4,4,0,118,16,11,3,8,2,7,10,19,4,1,14,19
2012,Calaveras County,February,319,8,2,3,10,1,2,319,118,3,1,1,4,1,1,117,13,13,5,6,3,2,14,19,4,3,11,18
2012,Calaveras County,March,319,10,5,3,9,3,3,322,117,5,0,0,2,1,1,118,18,15,5,4,4,4,11,19,3,5,15,23
2012,Calaveras County,April,322,5,1,2,6,4,6,314,118,5,0,1,1,1,4,118,8,16,6,6,10,5,7,22,3,1,10,14
2012,Calaveras County,May,314,5,3,2,4,9,2,309,118,3,1,0,3,1,1,117,10,15,4,5,3,10,7,20,2,4,8,14
2012,Calaveras County,June,309,9,3,3,13,5,5,301,117,7,0,1,2,2,2,119,15,23,8,6,7,7,15,29,4,3,16,23
2012,Calaveras County,July,301,14,4,3,6,2,3,311,119,9,1,0,2,1,2,124,21,11,10,5,5,3,8,16,3,5,23,31
2012,Calaveras County,August,311,4,3,0,4,7,12,295,124,8,1,0,4,2,3,124,7,23,9,9,15,9,8,32,0,4,12,16
2012,Calaveras County,September,295,4,5,0,8,4,3,289,124,5,1,0,4,2,2,122,9,15,6,8,5,6,12,23,0,6,9,15
2012,Calaveras County,October,289,14,2,2,7,2,2,296,122,2,1,2,6,2,0,119,18,11,5,8,2,4,13,19,4,3,16,23
2012,Calaveras County,November,296,21,2,4,6,1,0,316,119,6,1,3,4,1,1,123,27,7,10,6,1,2,10,13,7,3,27,37
2012,Calaveras County,December,316,8,2,0,4,4,2,316,123,5,2,0,6,4,1,119,10,10,7,11,3,8,10,21,0,4,13,17
2012,Colusa County,January,99,4,3,1,6,9,1,91,72,1,0,0,3,2,0,68,8,16,1,5,1,11,9,21,1,3,5,9
2012,Colusa County,February,91,1,3,0,3,7,0,85,68,3,0,0,2,4,1,64,4,10,3,7,1,11,5,17,0,3,4,7
2012,Colusa County,March,85,0,4,1,5,1,4,80,64,4,0,0,2,0,1,65,5,10,4,3,5,1,7,13,1,4,4,9
2012,Colusa County,April,80,2,2,1,2,6,4,73,65,3,0,0,3,2,0,63,5,12,3,5,4,8,5,17,1,2,5,8
2012,Colusa County,May,73,3,0,0,3,6,0,67,63,2,0,0,1,3,0,61,3,9,2,4,0,9,4,13,0,0,5,5
2012,Colusa County,June,67,0,2,2,1,3,0,67,61,0,1,0,0,2,0,60,4,4,1,2,0,5,1,6,2,3,0,5
2012,Colusa County,July,67,4,3,4,4,4,0,70,60,1,0,0,3,5,0,53,11,8,1,8,0,9,7,16,4,3,5,12
2012,Colusa County,August,70,4,5,0,3,6,1,69,53,4,3,0,3,1,0,56,9,10,7,4,1,7,6,14,0,8,8,16
2012,Colusa County,September,69,7,3,0,3,5,0,71,56,4,0,0,0,2,0,58,10,8,4,2,0,7,3,10,0,3,11,14
2012,Colusa County,October,71,4,3,0,6,1,1,70,58,4,3,0,1,2,0,62,7,8,7,3,1,3,7,11,0,6,8,14
2012,Colusa County,November,70,8,1,1,3,5,2,70,62,2,1,1,4,4,0,58,10,10,4,8,2,9,7,18,2,2,10,14
2012,Colusa County,December,70,2,1,0,2,4,2,65,58,2,0,0,2,0,0,58,3,8,2,2,2,4,4,10,0,1,4,5
2012,Contra Costa County,January,3191,150,3,21,68,5,40,3252,0,0,0,0,0,0,0,0,174,113,0,0,40,5,68,113,21,3,150,174
2012,Contra Costa County,February,3252,154,13,15,132,6,47,3249,0,0,0,0,0,0,0,0,182,185,0,0,47,6,132,185,15,13,154,182
2012,Contra Costa County,March,3249,150,12,22,92,8,32,3301,0,0,0,0,0,0,0,0,184,132,0,0,32,8,92,132,22,12,150,184
2012,Contra Costa County,April,3301,148,4,21,90,11,35,3338,0,0,0,0,0,0,0,0,173,136,0,0,35,11,90,136,21,4,148,173
2012,Contra Costa County,May,3338,144,9,15,58,5,27,3416,0,0,0,0,0,0,0,0,168,90,0,0,27,5,58,90,15,9,144,168
2012,Contra Costa County,June,3416,133,7,12,104,6,33,3425,0,0,0,0,0,0,0,0,152,143,0,0,33,6,104,143,12,7,133,152
2012,Contra Costa County,July,3425,117,9,13,68,8,44,3444,0,0,0,0,0,0,0,0,139,120,0,0,44,8,68,120,13,9,117,139
2012,Contra Costa County,August,3444,138,4,18,98,2,28,3476,0,0,0,0,0,0,0,0,160,128,0,0,28,2,98,128,18,4,138,160
2012,Contra Costa County,September,3476,144,4,17,112,4,44,3481,0,0,0,0,0,0,0,0,165,160,0,0,44,4,112,160,17,4,144,165
2012,Contra Costa County,October,3481,177,10,21,90,6,43,3550,0,0,0,0,0,0,0,0,208,139,0,0,43,6,90,139,21,10,177,208
2012,Contra Costa County,November,3550,83,4,21,52,5,24,3577,0,0,0,0,0,0,0,0,108,81,0,0,24,5,52,81,21,4,83,108
2012,Contra Costa County,December,3577,139,8,21,65,4,42,3634,0,0,0,0,0,0,0,0,168,111,0,0,42,4,65,111,21,8,139,168
2012,Del Norte County,January,117,1,9,0,3,10,0,114,68,10,3,0,3,5,2,71,10,13,13,10,2,15,6,23,0,12,11,23
2012,Del Norte County,February,114,6,7,0,3,6,2,116,71,2,0,0,2,3,2,66,13,11,2,7,4,9,5,18,0,7,8,15
2012,Del Norte County,March,116,11,7,3,2,5,0,130,66,2,3,0,2,4,2,63,21,7,5,8,2,9,4,15,3,10,13,26
2012,Del Norte County,April,130,11,10,1,4,11,0,137,63,3,4,1,3,5,2,61,22,15,8,10,2,16,7,25,2,14,14,30
2012,Del Norte County,May,137,4,8,0,3,14,1,131,61,4,4,0,6,5,0,58,12,18,8,11,1,19,9,29,0,12,8,20
2012,Del Norte County,June,131,10,8,2,4,12,0,135,58,5,3,0,1,2,0,63,20,16,8,3,0,14,5,19,2,11,15,28
2012,Del Norte County,July,135,7,3,2,1,9,5,132,63,1,1,0,0,0,1,64,12,15,2,1,6,9,1,16,2,4,8,14
2012,Del Norte County,August,132,5,7,0,2,10,0,132,64,0,0,0,3,2,0,59,12,12,0,5,0,12,5,17,0,7,5,12
2012,Del Norte County,September,132,2,10,0,1,12,1,130,59,1,1,0,3,1,1,56,12,14,2,5,2,13,4,19,0,11,3,14
2012,Del Norte County,October,130,0,6,0,5,8,0,123,56,2,0,0,7,0,0,51,6,13,2,7,0,8,12,20,0,6,2,8
2012,Del Norte County,November,123,7,1,0,0,0,0,131,51,1,2,0,0,0,0,54,8,0,3,0,0,0,0,0,0,3,8,11
2012,Del Norte County,December,131,3,3,3,5,0,1,134,54,2,1,0,1,0,0,56,9,6,3,1,1,0,6,7,3,4,5,12
2012,El Dorado County,January,999,34,6,0,24,8,8,999,122,10,2,0,8,4,1,121,40,40,12,13,9,12,32,53,0,8,44,52
2012,El Dorado County,February,990,23,19,0,19,10,6,997,122,5,4,0,6,4,1,120,42,35,9,11,7,14,25,46,0,23,28,51
2012,El Dorado County,March,969,30,10,0,26,16,10,957,123,7,4,0,10,4,0,120,40,52,11,14,10,20,36,66,0,14,37,51
2012,El Dorado County,April,956,63,24,0,23,16,12,992,119,7,4,0,6,0,2,122,87,51,11,8,14,16,29,59,0,28,70,98
2012,El Dorado County,May,994,43,13,0,27,11,10,1002,122,7,0,0,1,5,0,123,56,48,7,6,10,16,28,54,0,13,50,63
2012,El Dorado County,June,1003,42,22,0,32,15,14,1006,125,6,7,0,3,2,0,133,64,61,13,5,14,17,35,66,0,29,48,77
2012,El Dorado County,July,975,26,22,0,21,19,11,972,125,7,4,0,2,3,3,128,48,51,11,8,14,22,23,59,0,26,33,59
2012,El Dorado County,August,992,37,13,0,21,14,10,997,128,10,4,0,6,0,2,134,50,45,14,8,12,14,27,53,0,17,47,64
2012,El Dorado County,September,995,30,19,0,12,13,11,1008,131,5,4,0,5,6,2,127,49,36,9,13,13,19,17,49,0,23,35,58
2012,El Dorado County,October,996,33,15,0,21,16,15,992,125,4,5,0,9,2,0,123,48,52,9,11,15,18,30,63,0,20,37,57
2012,El Dorado County,November,983,36,11,0,12,18,8,992,113,8,5,0,3,7,0,116,47,38,13,10,8,25,15,48,0,16,44,60
2012,El Dorado County,December,1000,32,14,0,21,7,4,1014,118,4,2,0,2,3,1,118,46,32,6,6,5,10,23,38,0,16,36,52
2012,Fresno County,January,4460,151,110,3,115,174,5,4430,1797,11,6,1,13,8,0,1794,264,294,18,21,5,182,128,315,4,116,162,282
2012,Fresno County,February,4430,202,137,14,108,183,12,4480,1794,55,41,3,40,42,0,1811,353,303,99,82,12,225,148,385,17,178,257,452
2012,Fresno County,March,4480,210,151,21,89,209,10,4554,1811,45,35,2,59,35,1,1798,382,308,82,95,11,244,148,403,23,186,255,464
2012,Fresno County,April,4554,242,119,1,90,190,9,4627,1798,40,59,3,96,68,0,1736,362,289,102,164,9,258,186,453,4,178,282,464
2012,Fresno County,May,4627,199,142,8,164,221,5,4586,1736,52,38,3,35,51,1,1742,349,390,93,87,6,272,199,477,11,180,251,442
2012,Fresno County,June,4586,157,149,6,128,199,8,4563,1742,45,44,2,49,73,0,1711,312,335,91,122,8,272,177,457,8,193,202,403
2012,Fresno County,July,4563,173,123,5,134,330,9,4391,1711,42,54,7,32,77,0,1705,301,473,103,109,9,407,166,582,12,177,215,404
2012,Fresno County,August,4391,220,128,11,97,202,3,4448,1705,69,50,1,67,67,0,1691,359,302,120,134,3,269,164,436,12,178,289,479
2012,Fresno County,September,4448,178,147,6,97,209,11,4462,1691,75,32,4,34,31,0,1737,331,317,111,65,11,240,131,382,10,179,253,442
2012,Fresno County,October,4462,209,160,4,146,303,3,4383,1737,71,45,2,44,75,0,1736,373,452,118,119,3,378,190,571,6,205,280,491
2012,Fresno County,November,4383,191,150,14,85,223,7,4423,1736,46,44,3,18,37,0,1774,355,315,93,55,7,260,103,370,17,194,237,448
2012,Fresno County,December,4423,251,122,12,90,163,7,4548,1774,63,50,3,15,69,2,1804,385,260,116,86,9,232,105,346,15,172,314,501
2012,Glenn County,January,371,8,3,0,6,3,1,372,182,6,0,0,5,0,0,183,11,10,6,5,1,3,11,15,0,3,14,17
2012,Glenn County,February,372,2,0,0,3,0,0,371,183,2,0,0,0,0,0,185,2,3,2,0,0,0,3,3,0,0,4,4
2012,Glenn County,March,371,13,2,0,6,0,1,379,185,6,1,0,2,0,0,190,15,7,7,2,1,0,8,9,0,3,19,22
2012,Glenn County,April,379,7,4,0,10,1,2,377,190,6,0,0,1,0,0,195,11,13,6,1,2,1,11,14,0,4,13,17
2012,Glenn County,May,377,15,4,0,5,1,4,386,195,2,0,0,2,0,1,194,19,10,2,3,5,1,7,13,0,4,17,21
2012,Glenn County,June,386,20,4,0,5,1,7,397,194,4,0,0,1,1,0,196,24,13,4,2,7,2,6,15,0,4,24,28
2012,Glenn County,July,397,10,1,0,2,0,1,405,196,6,1,0,1,1,0,201,11,3,7,2,1,1,3,5,0,2,16,18
2012,Glenn County,August,405,18,4,0,5,0,14,408,201,2,1,0,3,0,0,201,22,19,3,3,14,0,8,22,0,5,20,25
2012,Glenn County,September,408,18,8,0,5,3,3,423,201,2,0,0,0,0,1,202,26,11,2,1,4,3,5,12,0,8,20,28
2012,Glenn County,October,423,14,4,0,0,0,0,441,202,1,0,0,0,0,0,203,18,0,1,0,0,0,0,0,0,4,15,19
2012,Glenn County,November,441,11,2,0,8,1,4,441,203,12,0,0,4,1,0,210,13,13,12,5,4,2,12,18,0,2,23,25
2012,Glenn County,December,441,11,5,1,5,0,0,453,210,5,1,1,0,0,0,217,17,5,7,0,0,0,5,5,2,6,16,24
2012,Humboldt County,January,1527,49,0,17,9,3,6,1575,20,2,0,0,0,0,0,22,66,18,2,0,6,3,9,18,17,0,51,68
2012,Humboldt County,February,1575,36,0,5,15,7,4,1590,22,0,0,0,1,0,0,21,41,26,0,1,4,7,16,27,5,0,36,41
2012,Humboldt County,March,1590,65,0,3,29,9,9,1611,21,0,0,0,1,0,1,19,68,47,0,2,10,9,30,49,3,0,65,68
2012,Humboldt County,April,1611,48,0,5,16,12,7,1629,19,0,0,0,0,0,0,19,53,35,0,0,7,12,16,35,5,0,48,53
2012,Humboldt County,May,1629,78,0,11,21,10,3,1684,19,0,0,2,0,0,0,21,89,34,2,0,3,10,21,34,13,0,78,91
2012,Humboldt County,June,1684,31,0,4,59,18,8,1634,21,1,0,0,0,0,0,22,35,85,1,0,8,18,59,85,4,0,32,36
2012,Humboldt County,July,1634,49,0,6,10,17,11,1651,22,0,0,2,0,0,0,24,55,38,2,0,11,17,10,38,8,0,49,57
2012,Humboldt County,August,1651,46,0,3,32,2,7,1659,24,0,0,0,0,0,0,24,49,41,0,0,7,2,32,41,3,0,46,49
2012,Humboldt County,September,1659,18,0,1,63,1,1,1613,24,0,0,0,0,0,0,24,19,65,0,0,1,1,63,65,1,0,18,19
2012,Humboldt County,October,1613,38,0,1,24,3,1,1624,24,0,0,0,0,0,0,24,39,28,0,0,1,3,24,28,1,0,38,39
2012,Humboldt County,November,1624,24,0,0,30,4,1,1613,24,0,0,0,0,0,0,24,24,35,0,0,1,4,30,35,0,0,24,24
2012,Humboldt County,December,1613,30,0,5,54,8,13,1573,24,0,0,0,0,0,0,24,35,75,0,0,13,8,54,75,5,0,30,35
2012,Imperial County,January,1860,27,8,0,16,2,0,1877,37,0,0,0,0,0,0,37,35,18,0,0,0,2,16,18,0,8,27,35
2012,Imperial County,February,1877,40,16,0,12,4,0,1917,37,1,0,0,0,0,0,38,56,16,1,0,0,4,12,16,0,16,41,57
2012,Imperial County,March,1917,31,3,0,40,4,0,1907,38,0,0,0,0,0,0,38,34,44,0,0,0,4,40,44,0,3,31,34
2012,Imperial County,April,1907,30,15,0,14,3,0,1935,38,0,0,0,0,0,0,38,45,17,0,0,0,3,14,17,0,15,30,45
2012,Imperial County,May,1935,30,21,0,12,6,0,1968,38,0,0,0,0,0,0,38,51,18,0,0,0,6,12,18,0,21,30,51
2012,Imperial County,June,1968,45,16,0,13,5,0,2011,38,0,0,0,0,0,0,38,61,18,0,0,0,5,13,18,0,16,45,61
2012,Imperial County,July,2011,34,15,0,27,7,0,2026,38,2,0,0,0,0,0,40,49,34,2,0,0,7,27,34,0,15,36,51
2012,Imperial County,August,2026,53,19,0,38,13,0,2047,40,2,0,0,0,0,0,42,72,51,2,0,0,13,38,51,0,19,55,74
2012,Imperial County,September,2047,23,7,0,17,4,0,2056,42,0,0,0,0,0,0,42,30,21,0,0,0,4,17,21,0,7,23,30
2012,Imperial County,October,2056,45,11,0,32,4,0,2076,42,1,0,0,0,0,0,43,56,36,1,0,0,4,32,36,0,11,46,57
2012,Imperial County,November,2076,38,11,0,35,6,0,2084,43,0,0,0,0,0,0,43,49,41,0,0,0,6,35,41,0,11,38,49
2012,Imperial County,December,2084,33,16,0,62,5,0,2066,43,0,0,0,0,0,0,43,49,67,0,0,0,5,62,67,0,16,33,49
2012,Inyo County,January,155,0,5,0,1,4,0,155,354,7,10,0,10,9,3,349,5,5,17,22,3,13,11,27,0,15,7,22
2012,Inyo County,February,155,0,9,1,6,5,0,154,349,6,12,1,16,9,3,340,10,11,19,28,3,14,22,39,2,21,6,29
2012,Inyo County,March,154,4,5,0,3,1,0,159,340,9,15,0,7,6,2,349,9,4,24,15,2,7,10,19,0,20,13,33
2012,Inyo County,April,159,1,2,2,5,1,4,154,349,8,15,0,14,16,1,341,5,10,23,31,5,17,19,41,2,17,9,28
2012,Inyo County,May,154,5,1,0,2,6,0,152,341,6,13,1,11,9,3,338,6,8,20,23,3,15,13,31,1,14,11,26
2012,Inyo County,June,152,3,3,0,7,1,0,150,338,10,10,0,11,7,3,337,6,8,20,21,3,8,18,29,0,13,13,26
2012,Inyo County,July,150,2,3,0,7,1,3,144,337,16,13,0,16,4,2,344,5,11,29,22,5,5,23,33,0,16,18,34
2012,Inyo County,August,144,5,1,1,4,11,2,134,344,12,11,0,9,26,3,329,7,17,23,38,5,37,13,55,1,12,17,30
2012,Inyo County,September,134,3,2,0,3,10,0,126,329,6,15,0,9,17,3,321,5,13,21,29,3,27,12,42,0,17,9,26
2012,Inyo County,October,126,4,2,0,3,9,2,118,321,8,10,0,9,16,1,313,6,14,18,26,3,25,12,40,0,12,12,24
2012,Inyo County,November,118,2,8,0,2,5,2,119,313,6,6,0,6,9,0,310,10,9,12,15,2,14,8,24,0,14,8,22
2012,Inyo County,December,119,2,0,1,3,4,0,115,310,11,10,0,7,16,2,306,3,7,21,25,2,20,10,32,1,10,13,24
2012,Kern County,January,7719,345,10,18,410,25,32,7625,0,0,0,0,0,0,0,0,373,467,0,0,32,25,410,467,18,10,345,373
2012,Kern County,February,7625,165,25,22,209,24,10,7594,0,0,0,0,0,0,0,0,212,243,0,0,10,24,209,243,22,25,165,212
2012,Kern County,March,7594,396,18,27,447,32,12,7544,0,0,0,0,0,0,0,0,441,491,0,0,12,32,447,491,27,18,396,441
2012,Kern County,April,7544,243,19,15,382,36,18,7385,0,0,0,0,0,0,0,0,277,436,0,0,18,36,382,436,15,19,243,277
2012,Kern County,May,7385,327,22,15,250,42,30,7427,0,0,0,0,0,0,0,0,364,322,0,0,30,42,250,322,15,22,327,364
2012,Kern County,June,7427,278,15,16,181,15,18,7522,0,0,0,0,0,0,0,0,309,214,0,0,18,15,181,214,16,15,278,309
2012,Kern County,July,7522,204,11,15,265,20,35,7432,0,0,0,0,0,0,0,0,230,320,0,0,35,20,265,320,15,11,204,230
2012,Kern County,August,7432,191,14,15,133,44,6,7469,0,0,0,0,0,0,0,0,220,183,0,0,6,44,133,183,15,14,191,220
2012,Kern County,September,7469,197,6,12,157,23,16,7488,0,0,0,0,0,0,0,0,215,196,0,0,16,23,157,196,12,6,197,215
2012,Kern County,October,7488,149,12,16,167,20,18,7460,0,0,0,0,0,0,0,0,177,205,0,0,18,20,167,205,16,12,149,177
2012,Kern County,November,7460,220,16,19,170,18,19,7508,0,0,0,0,0,0,0,0,255,207,0,0,19,18,170,207,19,16,220,255
2012,Kern County,December,7508,231,15,17,155,24,15,7577,0,0,0,0,0,0,0,0,263,194,0,0,15,24,155,194,17,15,231,263
2012,Kings County,January,1800,32,3,8,11,23,19,1790,2647,30,7,0,30,1,0,2653,43,53,37,31,19,24,41,84,8,10,62,80
2012,Kings County,February,1790,31,8,193,7,5,143,1867,2653,25,3,70,2,1,775,1973,232,155,98,778,918,6,9,933,263,11,56,330
2012,Kings County,March,1867,53,5,1,35,5,3,1883,1973,126,10,0,21,1,0,2087,59,43,136,22,3,6,56,65,1,15,179,195
2012,Kings County,April,1883,57,14,0,30,8,3,1913,2087,59,1,0,16,1,0,2130,71,41,60,17,3,9,46,58,0,15,116,131
2012,Kings County,May,1913,61,4,2,11,3,2,1964,2130,72,2,0,34,3,0,2167,67,16,74,37,2,6,45,53,2,6,133,141
2012,Kings County,June,1964,86,13,22,24,20,6,2035,2167,50,14,0,32,8,30,2161,121,50,64,70,36,28,56,120,22,27,136,185
2012,Kings County,July,2035,30,8,14,24,12,20,2031,2161,56,18,0,31,8,3,2193,52,56,74,42,23,20,55,98,14,26,86,126
2012,Kings County,August,2031,68,9,10,34,6,7,2071,2193,58,13,6,18,3,4,2245,87,47,77,25,11,9,52,72,16,22,126,164
2012,Kings County,September,2071,54,6,25,23,10,25,2098,2245,55,6,12,27,3,0,2288,85,58,73,30,25,13,50,88,37,12,109,158
2012,Kings County,October,2098,33,1,0,21,4,5,2102,2288,58,9,5,22,0,0,2338,34,30,72,22,5,4,43,52,5,10,91,106
2012,Kings County,November,2102,60,3,7,11,8,69,2084,2338,44,9,0,18,6,1,2366,70,88,53,25,70,14,29,113,7,12,104,123
2012,Kings County,December,2084,64,2,12,15,3,30,2114,2366,72,6,2,27,2,2,2415,78,48,80,31,32,5,42,79,14,8,136,158
2012,Lake County,January,631,29,13,0,4,6,0,663,0,0,0,0,0,0,0,0,42,10,0,0,0,6,4,10,0,13,29,42
2012,Lake County,February,663,34,18,0,31,7,0,677,0,0,0,0,0,0,0,0,52,38,0,0,0,7,31,38,0,18,34,52
2012,Lake County,March,677,2,2,0,20,3,0,658,0,0,0,0,0,0,0,0,4,23,0,0,0,3,20,23,0,2,2,4
2012,Lake County,April,658,4,1,0,15,10,0,638,0,0,0,0,0,0,0,0,5,25,0,0,0,10,15,25,0,1,4,5
2012,Lake County,May,638,8,2,0,9,5,0,634,0,0,0,0,0,0,0,0,10,14,0,0,0,5,9,14,0,2,8,10
2012,Lake County,June,634,1,1,0,22,10,0,604,0,0,0,0,0,0,0,0,2,32,0,0,0,10,22,32,0,1,1,2
2012,Lake County,July,604,1,1,0,10,0,0,596,0,0,0,0,0,0,0,0,2,10,0,0,0,0,10,10,0,1,1,2
2012,Lake County,August,596,2,1,0,20,2,0,577,0,0,0,0,0,0,0,0,3,22,0,0,0,2,20,22,0,1,2,3
2012,Lake County,September,577,0,0,0,0,0,0,577,0,0,0,0,0,0,0,0,0,0,0,0,0,0,0,0,0,0,0,0
2012,Lake County,October,577,0,0,0,4,0,0,573,0,0,0,0,0,0,0,0,0,4,0,0,0,0,4,4,0,0,0,0
2012,Lake County,November,573,18,5,0,20,18,0,558,0,0,0,0,0,0,0,0,23,38,0,0,0,18,20,38,0,5,18,23
2012,Lake County,December,558,28,5,0,3,8,0,580,0,0,0,0,0,0,0,0,33,11,0,0,0,8,3,11,0,5,28,33
2012,Lassen County,January,153,6,0,0,2,1,1,155,86,4,0,0,3,0,0,87,6,4,4,3,1,1,5,7,0,0,10,10
2012,Lassen County,February,155,6,0,0,10,0,0,151,87,2,0,0,3,0,0,86,6,10,2,3,0,0,13,13,0,0,8,8
2012,Lassen County,March,151,10,0,0,6,0,0,155,86,1,0,0,1,0,0,86,10,6,1,1,0,0,7,7,0,0,11,11
2012,Lassen County,April,155,7,0,0,9,0,0,153,86,5,0,0,3,0,0,88,7,9,5,3,0,0,12,12,0,0,12,12
2012,Lassen County,May,153,10,0,0,8,0,0,155,88,3,0,0,1,2,2,86,10,8,3,5,2,2,9,13,0,0,13,13
2012,Lassen County,June,155,10,0,0,9,0,0,156,86,2,0,0,2,1,1,84,10,9,2,4,1,1,11,13,0,0,12,12
2012,Lassen County,July,156,10,0,0,4,1,1,160,84,3,0,0,2,1,1,83,10,6,3,4,2,2,6,10,0,0,13,13
2012,Lassen County,August,160,12,0,0,8,0,0,164,83,4,0,0,2,0,0,85,12,8,4,2,0,0,10,10,0,0,16,16
2012,Lassen County,September,164,4,0,0,4,0,0,164,85,4,0,0,5,0,0,84,4,4,4,5,0,0,9,9,0,0,8,8
2012,Lassen County,October,164,9,0,0,6,3,0,164,84,5,0,0,2,1,1,85,9,9,5,4,1,4,8,13,0,0,14,14
2012,Lassen County,November,164,9,0,0,5,1,1,166,85,5,0,0,2,0,0,88,9,7,5,2,1,1,7,9,0,0,14,14
2012,Lassen County,December,166,8,0,0,3,1,1,169,88,1,0,0,2,0,0,87,8,5,1,2,1,1,5,7,0,0,9,9
2012,Los Angeles County,January,53438,2104,376,0,832,624,37,54425,546,4,6,0,25,5,4,522,2480,1493,10,34,41,629,857,1527,0,382,2108,2490
2012,Los Angeles County,February,54096,2075,314,0,633,669,28,55155,492,5,2,0,15,5,2,477,2389,1330,7,22,30,674,648,1352,0,316,2080,2396
2012,Los Angeles County,March,54914,2097,349,0,930,852,46,55532,460,1,3,0,10,4,2,448,2446,1828,4,16,48,856,940,1844,0,352,2098,2450
2012,Los Angeles County,April,55360,1861,344,0,781,838,49,55897,437,0,3,0,18,7,2,413,2205,1668,3,27,51,845,799,1695,0,347,1861,2208
2012,Los Angeles County,May,55732,1903,384,0,771,692,29,56527,409,0,1,0,8,4,2,396,2287,1492,1,14,31,696,779,1506,0,385,1903,2288
2012,Los Angeles County,June,56195,1738,324,0,830,585,46,56796,386,2,3,0,19,4,4,364,2062,1461,5,27,50,589,849,1488,0,327,1740,2067
2012,Los Angeles County,July,56683,1648,368,0,756,603,42,57298,352,4,3,0,6,4,0,349,2016,1401,7,10,42,607,762,1411,0,371,1652,2023
2012,Los Angeles County,August,57283,1809,378,0,759,787,33,57891,337,0,0,0,9,3,2,323,2187,1579,0,14,35,790,768,1593,0,378,1809,2187
2012,Los Angeles County,September,57740,1509,327,0,731,603,39,58203,323,0,4,0,9,9,4,305,1836,1373,4,22,43,612,740,1395,0,331,1509,1840
2012,Los Angeles County,October,57845,1668,370,0,813,740,38,58292,314,6,2,0,7,1,1,313,2038,1591,8,9,39,741,820,1600,0,372,1674,2046
2012,Los Angeles County,November,57917,1271,304,0,699,626,58,58109,305,1,3,0,7,3,1,298,1575,1383,4,11,59,629,706,1394,0,307,1272,1579
2012,Los Angeles County,December,57685,1399,277,0,630,510,53,58168,302,5,1,0,5,2,0,301,1676,1193,6,7,53,512,635,1200,0,278,1404,1682
2012,Madera County,January,2990,45,32,0,18,32,5,3012,580,10,1,0,12,4,5,570,77,55,11,21,10,36,30,76,0,33,55,88
2012,Madera County,February,3012,31,28,0,19,25,4,3023,570,5,3,0,5,5,1,567,59,48,8,11,5,30,24,59,0,31,36,67
2012,Madera County,March,3023,37,33,0,16,33,4,3040,567,7,2,0,7,13,0,556,70,53,9,20,4,46,23,73,0,35,44,79
2012,Madera County,April,3040,34,22,0,12,30,2,3052,556,14,6,0,9,12,6,549,56,44,20,27,8,42,21,71,0,28,48,76
2012,Madera County,May,3052,60,40,0,24,38,1,3089,549,18,3,0,11,12,0,547,100,63,21,23,1,50,35,86,0,43,78,121
2012,Madera County,June,3089,30,24,0,21,41,9,3072,547,12,2,0,6,17,0,538,54,71,14,23,9,58,27,94,0,26,42,68
2012,Madera County,July,3072,41,38,0,7,52,6,3086,538,4,5,0,0,10,0,537,79,65,9,10,6,62,7,75,0,43,45,88
2012,Madera County,August,3086,45,37,0,49,47,9,3063,537,8,2,0,9,10,1,527,82,105,10,20,10,57,58,125,0,39,53,92
2012,Madera County,September,3063,41,35,0,13,33,1,3092,527,11,3,0,2,3,0,536,76,47,14,5,1,36,15,52,0,38,52,90
2012,Madera County,October,3092,20,11,0,9,32,1,3081,536,5,5,0,6,2,0,538,31,42,10,8,1,34,15,50,0,16,25,41
2012,Madera County,November,3081,52,42,0,5,55,0,3115,538,15,7,0,6,5,1,548,94,60,22,12,1,60,11,72,0,49,67,116
2012,Madera County,December,3115,41,28,0,11,42,4,3127,548,13,7,0,2,13,2,551,69,57,20,17,6,55,13,74,0,35,54,89
2012,Marin County,January,1259,26,7,0,19,11,0,1262,959,23,6,0,22,8,0,958,33,30,29,30,0,19,41,60,0,13,49,62
2012,Marin County,February,1262,32,8,0,30,14,0,1258,958,18,4,0,10,12,0,958,40,44,22,22,0,26,40,66,0,12,50,62
2012,Marin County,March,1258,34,8,0,12,17,0,1271,958,17,4,0,17,15,0,947,42,29,21,32,0,32,29,61,0,12,51,63
2012,Marin County,April,1271,39,10,0,13,12,0,1295,947,22,6,0,20,23,0,932,49,25,28,43,0,35,33,68,0,16,61,77
2012,Marin County,May,1295,29,27,0,12,16,0,1323,932,20,5,0,17,12,0,928,56,28,25,29,0,28,29,57,0,32,49,81
2012,Marin County,June,1323,37,9,0,33,21,0,1315,928,23,6,0,11,5,0,941,46,54,29,16,0,26,44,70,0,15,60,75
2012,Marin County,July,1315,26,6,0,38,8,0,1301,941,25,6,0,20,22,0,930,32,46,31,42,0,30,58,88,0,12,51,63
2012,Marin County,August,1301,37,9,0,26,13,0,1308,930,19,5,0,13,9,0,932,46,39,24,22,0,22,39,61,0,14,56,70
2012,Marin County,September,1308,28,7,0,37,12,0,1294,932,18,5,0,15,11,0,929,35,49,23,26,0,23,52,75,0,12,46,58
2012,Marin County,October,1294,22,6,0,22,4,0,1296,929,13,3,0,16,8,0,921,28,26,16,24,0,12,38,50,0,9,35,44
2012,Marin County,November,1296,31,8,0,19,16,0,1300,921,19,5,0,27,19,0,899,39,35,24,46,0,35,46,81,0,13,50,63
2012,Marin County,December,1300,22,6,0,8,16,0,1304,899,12,6,0,12,5,0,900,28,24,18,17,0,21,20,41,0,12,34,46
2012,Mariposa County,January,147,6,0,0,8,1,0,144,334,12,4,0,2,4,0,344,6,9,16,6,0,5,10,15,0,4,18,22
2012,Mariposa County,February,144,3,0,0,5,3,0,139,344,6,4,0,9,8,0,337,3,8,10,17,0,11,14,25,0,4,9,13
2012,Mariposa County,March,139,2,4,0,8,4,0,133,337,7,3,0,6,6,0,335,6,12,10,12,0,10,14,24,0,7,9,16
2012,Mariposa County,April,133,0,4,0,6,4,0,127,335,7,13,0,6,13,0,336,4,10,20,19,0,17,12,29,0,17,7,24
2012,Mariposa County,May,127,1,3,0,10,3,0,118,336,6,4,0,8,4,0,334,4,13,10,12,0,7,18,25,0,7,7,14
2012,Mariposa County,June,118,3,1,0,4,1,0,117,334,3,6,0,17,6,0,320,4,5,9,23,0,7,21,28,0,7,6,13
2012,Mariposa County,July,117,10,5,0,7,5,0,120,320,7,8,0,19,8,0,308,15,12,15,27,0,13,26,39,0,13,17,30
2012,Mariposa County,August,120,0,2,0,1,2,7,112,308,7,1,0,4,1,9,302,2,10,8,14,16,3,5,24,0,3,7,10
2012,Mariposa County,September,125,0,0,0,3,0,0,122,254,12,0,0,12,0,0,254,0,3,12,12,0,0,15,15,0,0,12,12
2012,Mariposa County,October,122,4,0,0,1,1,0,124,254,9,1,0,7,1,0,256,4,2,10,8,0,2,8,10,0,1,13,14
2012,Mariposa County,November,124,3,0,0,3,0,0,124,256,5,0,0,10,1,0,250,3,3,5,11,0,1,13,14,0,0,8,8
2012,Mariposa County,December,124,2,1,0,4,1,0,122,250,6,8,0,10,8,0,246,3,5,14,18,0,9,14,23,0,9,8,17
2012,Mendocino County,January,2283,10,6,0,7,6,0,2286,149,0,0,0,0,0,0,149,16,13,0,0,0,6,7,13,0,6,10,16
2012,Mendocino County,February,2286,8,10,0,8,4,0,2292,149,5,1,0,0,0,0,155,18,12,6,0,0,4,8,12,0,11,13,24
2012,Mendocino County,March,2292,19,19,0,15,6,0,2309,155,2,4,0,1,5,0,155,38,21,6,6,0,11,16,27,0,23,21,44
2012,Mendocino County,April,2309,8,20,0,17,6,0,2314,155,0,3,0,0,2,0,156,28,23,3,2,0,8,17,25,0,23,8,31
2012,Mendocino County,May,2314,9,18,0,9,5,0,2327,156,0,3,0,0,2,0,157,27,14,3,2,0,7,9,16,0,21,9,30
2012,Mendocino County,June,2327,9,4,0,3,4,0,2333,157,1,1,0,2,1,0,156,13,7,2,3,0,5,5,10,0,5,10,15
2012,Mendocino County,July,2333,18,7,0,18,18,0,2322,156,4,2,0,1,3,0,158,25,36,6,4,0,21,19,40,0,9,22,31
2012,Mendocino County,August,2322,18,22,0,16,12,0,2334,158,1,5,0,2,1,0,161,40,28,6,3,0,13,18,31,0,27,19,46
2012,Mendocino County,September,2334,15,11,0,13,9,0,2338,161,3,2,0,3,1,0,162,26,22,5,4,0,10,16,26,0,13,18,31
2012,Mendocino County,October,2338,9,22,0,14,8,0,2347,162,3,5,0,0,1,0,169,31,22,8,1,0,9,14,23,0,27,12,39
2012,Mendocino County,November,2347,12,11,0,11,9,0,2350,169,4,2,0,1,2,0,172,23,20,6,3,0,11,12,23,0,13,16,29
2012,Mendocino County,December,2350,20,21,0,25,10,0,2356,172,3,6,0,3,2,0,176,41,35,9,5,0,12,28,40,0,27,23,50
2012,Merced County,January,3006,87,91,4,67,125,3,2993,0,0,0,0,0,0,0,0,182,195,0,0,3,125,67,195,4,91,87,182
2012,Merced County,February,2993,87,94,1,44,111,6,3014,0,0,0,0,0,0,0,0,182,161,0,0,6,111,44,161,1,94,87,182
2012,Merced County,March,3014,82,96,5,62,109,5,3021,0,0,0,0,0,0,0,0,183,176,0,0,5,109,62,176,5,96,82,183
2012,Merced County,April,3021,74,67,1,61,109,2,2991,0,0,0,0,0,0,0,0,142,172,0,0,2,109,61,172,1,67,74,142
2012,Merced County,May,2991,84,81,3,60,129,5,2965,0,0,0,0,0,0,0,0,168,194,0,0,5,129,60,194,3,81,84,168
2012,Merced County,June,2965,102,79,2,55,118,4,2971,0,0,0,0,0,0,0,0,183,177,0,0,4,118,55,177,2,79,102,183
2012,Merced County,July,2971,88,86,2,71,125,2,2949,0,0,0,0,0,0,0,0,176,198,0,0,2,125,71,198,2,86,88,176
2012,Merced County,August,2949,82,113,2,49,176,1,2920,0,0,0,0,0,0,0,0,197,226,0,0,1,176,49,226,2,113,82,197
2012,Merced County,September,2920,87,103,0,61,127,0,2922,0,0,0,0,0,0,0,0,190,188,0,0,0,127,61,188,0,103,87,190
2012,Merced County,October,2922,113,108,2,88,144,5,2908,0,0,0,0,0,0,0,0,223,237,0,0,5,144,88,237,2,108,113,223
2012,Merced County,November,2908,111,133,2,55,147,3,2949,0,0,0,0,0,0,0,0,246,205,0,0,3,147,55,205,2,133,111,246
2012,Merced County,December,2949,63,81,4,66,128,3,2900,0,0,0,0,0,0,0,0,148,197,0,0,3,128,66,197,4,81,63,148
2012,Modoc County,January,116,1,0,0,4,1,0,112,155,1,0,0,2,0,0,154,1,5,1,2,0,1,6,7,0,0,2,2
2012,Modoc County,February,112,0,0,0,2,2,0,108,154,1,0,0,3,0,0,152,0,4,1,3,0,2,5,7,0,0,1,1
2012,Modoc County,March,108,2,0,0,4,0,0,106,152,0,0,0,2,0,0,150,2,4,0,2,0,0,6,6,0,0,2,2
2012,Modoc County,April,106,1,0,0,6,0,0,101,150,1,0,0,2,0,0,149,1,6,1,2,0,0,8,8,0,0,2,2
2012,Modoc County,May,101,5,0,0,2,1,0,103,149,0,0,0,2,0,0,147,5,3,0,2,0,1,4,5,0,0,5,5
2012,Modoc County,June,103,2,0,0,6,0,0,99,147,1,0,0,3,0,0,145,2,6,1,3,0,0,9,9,0,0,3,3
2012,Modoc County,July,99,4,0,0,6,0,0,97,145,0,0,0,4,0,0,141,4,6,0,4,0,0,10,10,0,0,4,4
2012,Modoc County,August,97,1,0,0,6,0,0,92,141,0,0,0,1,0,0,140,1,6,0,1,0,0,7,7,0,0,1,1
2012,Modoc County,September,92,0,0,0,3,0,0,89,140,0,0,0,2,0,0,138,0,3,0,2,0,0,5,5,0,0,0,0
2012,Modoc County,October,89,5,0,0,1,3,0,90,138,0,0,0,6,0,0,132,5,4,0,6,0,3,7,10,0,0,5,5
2012,Modoc County,November,90,2,0,0,9,0,0,83,132,2,0,0,4,0,0,130,2,9,2,4,0,0,13,13,0,0,4,4
2012,Modoc County,December,83,4,0,0,8,1,0,78,130,1,0,0,6,0,0,125,4,9,1,6,0,1,14,15,0,0,5,5
2012,Mono County,January,155,11,0,0,0,0,0,166,88,0,0,0,8,0,0,80,11,0,0,8,0,0,8,8,0,0,11,11
2012,Mono County,February,166,0,0,0,0,0,0,166,80,0,0,0,0,0,0,80,0,0,0,0,0,0,0,0,0,0,0,0
2012,Mono County,March,166,0,0,0,0,0,0,166,80,0,0,0,0,0,0,80,0,0,0,0,0,0,0,0,0,0,0,0
2012,Mono County,April,166,0,0,0,0,0,0,166,80,0,0,0,0,0,0,80,0,0,0,0,0,0,0,0,0,0,0,0
2012,Mono County,May,166,0,0,0,0,0,0,166,80,0,0,0,0,0,0,80,0,0,0,0,0,0,0,0,0,0,0,0
2012,Mono County,June,166,0,0,0,3,0,0,163,80,0,0,0,4,0,0,76,0,3,0,4,0,0,7,7,0,0,0,0
2012,Mono County,July,163,3,0,0,1,0,0,165,76,3,0,0,0,0,0,79,3,1,3,0,0,0,1,1,0,0,6,6
2012,Mono County,August,165,0,0,0,0,0,0,165,79,0,0,0,0,0,0,79,0,0,0,0,0,0,0,0,0,0,0,0
2012,Mono County,September,165,0,0,0,0,0,0,165,79,0,0,0,0,0,0,79,0,0,0,0,0,0,0,0,0,0,0,0
2012,Mono County,October,165,12,0,0,0,0,0,177,79,7,0,0,0,0,0,86,12,0,7,0,0,0,0,0,0,0,19,19
2012,Mono County,November,177,0,0,0,0,0,0,177,86,0,0,0,0,0,0,86,0,0,0,0,0,0,0,0,0,0,0,0
2012,Mono County,December,177,0,0,0,0,0,0,177,86,0,0,0,0,0,0,86,0,0,0,0,0,0,0,0,0,0,0,0
2012,Monterey County,January,3609,87,37,9,91,1,0,3650,1880,28,9,39,75,1,0,1880,133,92,76,76,0,2,166,168,48,46,115,209
2012,Monterey County,February,3650,67,36,18,76,4,0,3691,1880,23,7,36,65,1,0,1880,121,80,66,66,0,5,141,146,54,43,90,187
2012,Monterey County,March,3691,68,24,29,79,6,0,3727,1880,23,7,0,86,3,62,1759,121,85,30,151,62,9,165,236,29,31,91,151
2012,Monterey County,April,3727,77,17,6,121,4,0,3702,1759,18,3,50,80,3,0,1747,100,125,71,83,0,7,201,208,56,20,95,171
2012,Monterey County,May,3702,69,34,15,121,8,0,3691,1747,15,7,66,99,3,0,1733,118,129,88,102,0,11,220,231,81,41,84,206
2012,Monterey County,June,3691,93,51,15,135,5,0,3710,1733,15,0,66,86,3,0,1725,159,140,81,89,0,8,221,229,81,51,108,240
2012,Monterey County,July,3710,70,29,17,119,4,0,3703,1725,12,11,93,105,3,0,1733,116,123,116,108,0,7,224,231,110,40,82,232
2012,Monterey County,August,3703,85,41,39,126,5,0,3737,1733,15,8,84,104,3,0,1733,165,131,107,107,0,8,230,238,123,49,100,272
2012,Monterey County,September,3737,50,22,61,74,6,0,3790,1733,10,2,0,70,3,43,1629,133,80,12,116,43,9,144,196,61,24,60,145
2012,Monterey County,October,3790,82,23,13,139,6,0,3763,1629,9,10,68,99,3,0,1614,118,145,87,102,0,9,238,247,81,33,91,205
2012,Monterey County,November,3763,51,25,0,90,0,15,3734,1614,15,7,29,77,3,0,1585,76,105,51,80,15,3,167,185,29,32,66,127
2012,Monterey County,December,3734,62,31,21,112,3,0,3733,1585,6,8,46,57,3,0,1585,114,115,60,60,0,6,169,175,67,39,68,174
2012,Napa County,January,959,30,32,0,18,5,0,998,1381,48,9,0,41,7,0,1390,62,23,57,48,0,12,59,71,0,41,78,119
2012,Napa County,February,998,33,23,0,28,18,21,987,1390,54,17,20,54,11,0,1416,56,67,91,65,21,29,82,132,20,40,87,147
2012,Napa County,March,987,25,21,0,9,10,0,1014,1416,38,15,0,43,13,29,1384,46,19,53,85,29,23,52,104,0,36,63,99
2012,Napa County,April,1014,27,13,15,39,28,0,1002,1384,48,12,0,54,13,14,1363,55,67,60,81,14,41,93,148,15,25,75,115
2012,Napa County,May,1002,30,19,0,41,12,6,992,1363,55,14,0,56,12,12,1352,49,59,69,80,18,24,97,139,0,33,85,118
2012,Napa County,June,992,26,18,17,38,14,0,1001,1352,43,12,52,71,12,0,1376,61,52,107,83,0,26,109,135,69,30,69,168
2012,Napa County,July,1001,36,13,0,40,17,106,887,1376,48,10,0,39,13,7,1375,49,163,58,59,113,30,79,222,0,23,84,107
2012,Napa County,August,887,31,17,0,17,14,11,893,1375,49,20,0,32,10,16,1386,48,42,69,58,27,24,49,100,0,37,80,117
2012,Napa County,September,893,19,14,0,12,14,7,893,1386,49,22,0,18,18,18,1403,33,33,71,54,25,32,30,87,0,36,68,104
2012,Napa County,October,893,39,23,0,28,22,24,881,1403,44,20,0,23,25,42,1377,62,74,64,90,66,47,51,164,0,43,83,126
2012,Napa County,November,881,19,16,0,7,9,16,884,1377,35,15,0,17,16,15,1379,35,32,50,48,31,25,24,80,0,31,54,85
2012,Napa County,December,884,25,21,0,9,13,17,891,1379,37,18,0,9,12,40,1373,46,39,55,61,57,25,18,100,0,39,62,101
2012,Nevada County,January,427,17,0,0,9,0,8,427,120,7,0,0,3,0,2,122,17,17,7,5,10,0,12,22,0,0,24,24
2012,Nevada County,February,427,22,1,0,7,0,3,440,122,5,0,0,4,0,0,123,23,10,5,4,3,0,11,14,0,1,27,28
2012,Nevada County,March,440,25,0,0,5,0,13,447,123,13,0,0,1,0,8,127,25,18,13,9,21,0,6,27,0,0,38,38
2012,Nevada County,April,447,13,0,0,4,0,19,437,127,8,0,0,1,0,4,130,13,23,8,5,23,0,5,28,0,0,21,21
2012,Nevada County,May,437,15,1,0,6,0,5,442,130,12,0,0,0,0,3,139,16,11,12,3,8,0,6,14,0,1,27,28
2012,Nevada County,June,442,25,1,8,8,0,21,447,139,7,1,2,0,0,7,142,34,29,10,7,28,0,8,36,10,2,32,44
2012,Nevada County,July,447,23,0,0,4,0,16,450,142,10,0,0,1,0,7,144,23,20,10,8,23,0,5,28,0,0,33,33
2012,Nevada County,August,450,24,1,0,8,0,17,450,144,8,0,0,1,0,7,144,25,25,8,8,24,0,9,33,0,1,32,33
2012,Nevada County,September,450,15,0,0,3,0,12,450,144,6,0,0,0,0,11,139,15,15,6,11,23,0,3,26,0,0,21,21
2012,Nevada County,October,450,21,1,7,1,0,6,472,139,6,1,0,1,0,6,139,29,7,7,7,12,0,2,14,7,2,27,36
2012,Nevada County,November,472,14,0,0,7,0,6,473,139,5,1,0,0,0,1,144,14,13,6,1,7,0,7,14,0,1,19,20
2012,Nevada County,December,473,19,1,0,4,0,15,474,144,7,0,0,1,0,15,135,20,19,7,16,30,0,5,35,0,1,26,27
2012,Orange County,January,8624,409,290,0,475,379,90,8379,3039,39,12,0,26,10,0,3054,699,944,51,36,90,389,501,980,0,302,448,750
2012,Orange County,February,8379,449,332,0,465,369,110,8216,3054,48,13,0,19,13,1,3082,781,944,61,33,111,382,484,977,0,345,497,842
2012,Orange County,March,8216,620,272,0,401,306,84,8317,3082,62,2,0,16,6,0,3124,892,791,64,22,84,312,417,813,0,274,682,956
2012,Orange County,April,8317,726,281,1,449,349,64,8463,3124,21,10,0,32,9,0,3114,1008,862,31,41,64,358,481,903,1,291,747,1039
2012,Orange County,May,8463,748,347,0,424,422,100,8612,3114,52,7,0,29,5,0,3139,1095,946,59,34,100,427,453,980,0,354,800,1154
2012,Orange County,June,8612,613,347,0,483,376,88,8625,3139,31,11,0,46,20,2,3113,960,947,42,68,90,396,529,1015,0,358,644,1002
2012,Orange County,July,8625,755,312,0,424,370,62,8836,3113,37,6,0,11,13,0,3132,1067,856,43,24,62,383,435,880,0,318,792,1110
2012,Orange County,August,8836,658,353,0,471,488,77,8811,3132,31,11,0,27,7,1,3139,1011,1036,42,35,78,495,498,1071,0,364,689,1053
2012,Orange County,September,8811,623,280,0,430,362,65,8857,3139,21,5,0,10,3,3,3149,903,857,26,16,68,365,440,873,0,285,644,929
2012,Orange County,October,8857,638,435,0,495,539,86,8810,3149,25,35,0,29,30,2,3148,1073,1120,60,61,88,569,524,1181,0,470,663,1133
2012,Orange County,November,8810,551,325,0,439,356,31,8860,3148,28,1,0,8,14,0,3155,876,826,29,22,31,370,447,848,0,326,579,905
2012,Orange County,December,8860,630,260,0,332,406,6,9006,3155,34,5,0,25,7,1,3161,890,744,39,33,7,413,357,777,0,265,664,929
2012,Placer County,January,2537,53,7,0,65,6,5,2521,786,32,6,0,23,2,5,794,60,76,38,30,10,8,88,106,0,13,85,98
2012,Placer County,February,2521,73,1,0,53,9,22,2511,794,21,0,0,21,0,2,792,74,84,21,23,24,9,74,107,0,1,94,95
2012,Placer County,March,2511,105,2,0,47,3,38,2530,792,22,0,0,26,1,10,777,107,88,22,37,48,4,73,125,0,2,127,129
2012,Placer County,April,2564,71,1,0,41,6,31,2558,747,27,0,0,4,1,3,766,72,78,27,8,34,7,45,86,0,1,98,99
2012,Placer County,May,2558,80,4,0,36,4,11,2591,766,17,0,0,7,1,2,773,84,51,17,10,13,5,43,61,0,4,97,101
2012,Placer County,June,2540,76,0,0,57,6,7,2546,749,17,0,0,8,2,1,755,76,70,17,11,8,8,65,81,0,0,93,93
2012,Placer County,July,2484,51,0,0,50,22,11,2452,768,32,0,0,6,1,0,793,51,83,32,7,11,23,56,90,0,0,83,83
2012,Placer County,August,2473,70,1,0,34,20,22,2468,772,22,0,0,6,2,7,779,71,76,22,15,29,22,40,91,0,1,92,93
2012,Placer County,September,2452,63,0,0,35,22,12,2446,772,26,0,0,7,6,2,783,63,69,26,15,14,28,42,84,0,0,89,89
2012,Placer County,October,2430,46,0,0,51,25,9,2391,785,24,0,0,7,2,3,797,46,85,24,12,12,27,58,97,0,0,70,70
2012,Placer County,November,2407,48,0,0,35,19,4,2397,782,13,0,0,9,4,1,781,48,58,13,14,5,23,44,72,0,0,61,61
2012,Placer County,December,2397,57,0,0,42,26,14,2372,781,12,0,0,10,4,9,770,57,82,12,23,23,30,52,105,0,0,69,69
2012,Plumas County,January,204,6,2,1,8,10,4,191,159,6,8,0,4,6,0,163,9,22,14,10,4,16,12,32,1,10,12,23
2012,Plumas County,February,191,6,12,1,5,8,4,193,163,3,7,1,11,4,0,159,19,17,11,15,4,12,16,32,2,19,9,30
2012,Plumas County,March,193,3,12,0,9,10,1,188,159,1,3,0,17,5,0,141,15,20,4,22,1,15,26,42,0,15,4,19
2012,Plumas County,April,188,3,2,1,9,5,0,180,141,4,7,0,5,5,0,142,6,14,11,10,0,10,14,24,1,9,7,17
2012,Plumas County,May,180,4,13,0,9,10,1,177,142,5,1,0,4,2,0,142,17,20,6,6,1,12,13,26,0,14,9,23
2012,Plumas County,June,177,7,22,0,5,20,0,181,142,5,8,0,1,6,0,148,29,25,13,7,0,26,6,32,0,30,12,42
2012,Plumas County,July,181,2,17,0,6,16,2,176,148,5,16,0,1,11,0,157,19,24,21,12,2,27,7,36,0,33,7,40
2012,Plumas County,August,176,6,15,0,6,13,0,178,157,3,0,0,3,7,0,150,21,19,3,10,0,20,9,29,0,15,9,24
2012,Plumas County,September,178,7,5,1,1,6,0,184,150,1,3,0,1,6,0,147,13,7,4,7,0,12,2,14,1,8,8,17
2012,Plumas County,October,184,2,7,0,2,6,2,183,147,8,6,0,5,3,0,153,9,10,14,8,2,9,7,18,0,13,10,23
2012,Plumas County,November,183,7,6,2,4,8,2,184,153,2,0,0,3,8,0,144,15,14,2,11,2,16,7,25,2,6,9,17
2012,Plumas County,December,184,4,9,1,1,13,0,184,144,2,12,0,1,7,0,150,14,14,14,8,0,20,2,22,1,21,6,28
2012,Riverside County,January,13793,493,173,22,439,260,0,13782,1173,59,64,0,39,38,28,1191,688,699,123,105,28,298,478,804,22,237,552,811
2012,Riverside County,February,13782,394,181,25,386,308,0,13688,1191,46,59,0,50,61,23,1162,600,694,105,134,23,369,436,828,25,240,440,705
2012,Riverside County,March,13688,499,215,19,607,349,0,13465,1162,72,80,0,54,79,31,1150,733,956,152,164,31,428,661,1120,19,295,571,885
2012,Riverside County,April,13465,428,187,25,438,275,0,13392,1150,69,79,0,41,60,38,1159,640,713,148,139,38,335,479,852,25,266,497,788
2012,Riverside County,May,13392,424,212,54,373,355,0,13354,1159,80,101,0,73,69,39,1159,690,728,181,181,39,424,446,909,54,313,504,871
2012,Riverside County,June,13354,377,191,69,495,322,0,13174,1159,90,116,0,72,55,65,1173,637,817,206,192,65,377,567,1009,69,307,467,843
2012,Riverside County,July,13174,445,183,51,432,403,0,13018,1173,73,114,0,31,46,56,1227,679,835,187,133,56,449,463,968,51,297,518,866
2012,Riverside County,August,13018,434,216,84,340,482,0,12930,1227,84,119,0,37,104,79,1210,734,822,203,220,79,586,377,1042,84,335,518,937
2012,Riverside County,September,12930,328,209,87,431,388,0,12735,1210,70,118,0,26,46,78,1248,624,819,188,150,78,434,457,969,87,327,398,812
2012,Riverside County,October,12735,416,210,109,440,439,0,12591,1248,63,121,0,23,75,119,1215,735,879,184,217,119,514,463,1096,109,331,479,919
2012,Riverside County,November,12591,389,197,64,447,385,0,12409,1215,38,86,0,58,83,57,1141,650,832,124,198,57,468,505,1030,64,283,427,774
2012,Riverside County,December,12409,314,194,78,281,384,0,12330,1141,40,109,0,16,52,79,1143,586,665,149,147,79,436,297,812,78,303,354,735
2012,Sacramento County,January,20912,517,314,0,85,241,44,21373,0,0,0,0,0,0,0,0,831,370,0,0,44,241,85,370,0,314,517,831
2012,Sacramento County,February,21373,480,283,1,73,300,30,21734,0,0,0,0,0,0,0,0,764,403,0,0,30,300,73,403,1,283,480,764
2012,Sacramento County,March,21734,506,283,0,75,258,62,22128,0,0,0,0,0,0,0,0,789,395,0,0,62,258,75,395,0,283,506,789
2012,Sacramento County,April,22128,498,280,0,97,269,47,22493,0,0,0,0,0,0,0,0,778,413,0,0,47,269,97,413,0,280,498,778
2012,Sacramento County,May,22493,635,272,2,94,258,75,22975,0,0,0,0,0,0,0,0,909,427,0,0,75,258,94,427,2,272,635,909
2012,Sacramento County,June,22975,586,269,1,79,261,72,23419,0,0,0,0,0,0,0,0,856,412,0,0,72,261,79,412,1,269,586,856
2012,Sacramento County,July,23419,501,287,1,66,271,45,23826,0,0,0,0,0,0,0,0,789,382,0,0,45,271,66,382,1,287,501,789
2012,Sacramento County,August,23826,569,332,1,91,311,55,24271,0,0,0,0,0,0,0,0,902,457,0,0,55,311,91,457,1,332,569,902
2012,Sacramento County,September,24271,469,275,0,75,286,34,24620,0,0,0,0,0,0,0,0,744,395,0,0,34,286,75,395,0,275,469,744
2012,Sacramento County,October,24620,570,264,0,62,285,39,25068,0,0,0,0,0,0,0,0,834,386,0,0,39,285,62,386,0,264,570,834
2012,Sacramento County,November,25068,487,271,9,59,245,44,25487,0,0,0,0,0,0,0,0,767,348,0,0,44,245,59,348,9,271,487,767
2012,Sacramento County,December,25487,525,246,14,69,262,46,25895,0,0,0,0,0,0,0,0,785,377,0,0,46,262,69,377,14,246,525,785
2012,San Benito County,January,362,18,0,5,5,1,0,379,220,3,0,1,3,0,0,221,23,6,4,3,0,1,8,9,6,0,21,27
2012,San Benito County,February,379,15,0,12,9,0,1,396,221,5,0,2,11,0,1,216,27,10,7,12,2,0,20,22,14,0,20,34
2012,San Benito County,March,396,16,1,10,7,5,6,405,216,10,0,2,14,0,0,214,27,18,12,14,6,5,21,32,12,1,26,39
2012,San Benito County,April,405,18,0,9,10,0,8,414,214,4,0,2,14,1,3,202,27,18,6,18,11,1,24,36,11,0,22,33
2012,San Benito County,May,414,15,1,12,13,1,59,369,202,8,0,4,13,0,18,183,28,73,12,31,77,1,26,104,16,1,23,40
2012,San Benito County,June,369,9,0,14,10,1,13,368,183,3,1,2,6,1,7,175,23,24,6,14,20,2,16,38,16,1,12,29
2012,San Benito County,July,368,15,0,14,7,1,7,382,175,5,0,4,5,2,5,172,29,15,9,12,12,3,12,27,18,0,20,38
2012,San Benito County,August,382,19,0,6,13,3,20,371,172,10,1,1,9,0,11,164,25,36,12,20,31,3,22,56,7,1,29,37
2012,San Benito County,September,371,11,1,10,10,0,7,376,164,6,2,2,6,0,7,161,22,17,10,13,14,0,16,30,12,3,17,32
2012,San Benito County,October,376,19,1,11,11,3,13,380,161,8,1,5,5,1,8,161,31,27,14,14,21,4,16,41,16,2,27,45
2012,San Benito County,November,380,19,0,12,15,1,17,378,161,13,0,5,3,2,12,162,31,33,18,17,29,3,18,50,17,0,32,49
2012,San Benito County,December,378,21,3,8,11,3,11,385,162,4,0,1,10,0,4,153,32,25,5,14,15,3,21,39,9,3,25,37
2012,San Bernardino County,January,21298,504,113,4,617,281,0,21021,291,3,0,0,80,4,0,210,621,898,3,84,0,285,697,982,4,113,507,624
2012,San Bernardino County,February,21321,410,101,3,551,203,0,21081,284,2,0,0,79,5,0,202,514,754,2,84,0,208,630,838,3,101,412,516
2012,San Bernardino County,March,21141,569,119,2,656,277,0,20898,278,3,1,0,72,4,0,206,690,933,4,76,0,281,728,1009,2,120,572,694
2012,San Bernardino County,April,21158,456,107,2,641,249,1,20832,260,3,0,0,63,5,0,195,565,891,3,68,1,254,704,959,2,107,459,568
2012,San Bernardino County,May,21096,555,156,4,691,304,0,20816,249,2,1,0,68,2,0,182,715,995,3,70,0,306,759,1065,4,157,557,718
2012,San Bernardino County,June,20985,550,191,0,628,306,0,20792,226,0,1,0,87,8,0,132,741,934,1,95,0,314,715,1029,0,192,550,742
2012,San Bernardino County,July,20916,577,194,3,549,285,0,20856,224,0,0,0,95,8,0,121,774,834,0,103,0,293,644,937,3,194,577,774
2012,San Bernardino County,August,20843,627,237,3,746,385,0,20579,216,0,0,0,75,5,0,136,867,1131,0,80,0,390,821,1211,3,237,627,867
2012,San Bernardino County,September,20730,543,182,1,563,370,0,20523,215,2,0,0,69,5,0,143,726,933,2,74,0,375,632,1007,1,182,545,728
2012,San Bernardino County,October,20719,596,295,5,788,490,0,20337,213,1,1,0,100,10,0,105,896,1278,2,110,0,500,888,1388,5,296,597,898
2012,San Bernardino County,November,20774,519,311,3,1011,401,0,20195,209,0,0,0,96,2,0,111,833,1412,0,98,0,403,1107,1510,3,311,519,833
2012,San Bernardino County,December,20759,458,258,1,622,368,0,20486,199,3,1,1,55,3,0,146,717,990,5,58,0,371,677,1048,2,259,461,722
2012,San Diego County,January,13620,302,106,0,262,174,0,13592,602,12,1,0,15,4,0,596,408,436,13,19,0,178,277,455,0,107,314,421
2012,San Diego County,February,13653,253,99,0,236,168,2,13599,603,14,1,0,7,8,1,602,352,406,15,16,3,176,243,422,0,100,267,367
2012,San Diego County,March,13650,339,93,0,302,195,3,13582,606,28,1,0,7,5,0,623,432,500,29,12,3,200,309,512,0,94,367,461
2012,San Diego County,April,13654,271,94,0,284,221,2,13512,627,20,0,0,6,3,0,638,365,507,20,9,2,224,290,516,0,94,291,385
2012,San Diego County,May,13506,412,122,0,307,239,5,13489,639,30,1,0,12,6,0,652,534,551,31,18,5,245,319,569,0,123,442,565
2012,San Diego County,June,13489,326,96,0,279,204,4,13424,652,23,1,0,12,8,1,655,422,487,24,21,5,212,291,508,0,97,349,446
2012,San Diego County,July,13340,388,116,0,272,231,4,13337,643,28,5,0,14,13,1,648,504,507,33,28,5,244,286,535,0,121,416,537
2012,San Diego County,August,13337,371,95,0,290,241,7,13265,643,28,5,0,14,13,1,648,466,538,33,28,8,254,304,566,0,100,399,499
2012,San Diego County,September,13213,368,108,0,270,248,4,13167,655,27,2,0,15,5,1,663,476,522,29,21,5,253,285,543,0,110,395,505
2012,San Diego County,October,13103,405,124,0,272,326,9,13025,655,28,4,0,13,13,0,661,529,607,32,26,9,339,285,633,0,128,433,561
2012,San Diego County,November,13025,280,111,0,242,179,2,12993,661,20,2,0,10,7,0,666,391,423,22,17,2,186,252,440,0,113,300,413
2012,San Diego County,December,12984,271,98,0,240,214,3,12896,663,18,2,0,12,7,0,664,369,457,20,19,3,221,252,476,0,100,289,389
2012,San Francisco County,January,4876,99,28,0,101,15,86,4801,1296,32,3,0,11,2,15,1303,127,202,35,28,101,17,112,230,0,31,131,162
2012,San Francisco County,February,4801,80,16,0,48,15,54,4780,1303,24,3,0,12,1,16,1301,96,117,27,29,70,16,60,146,0,19,104,123
2012,San Francisco County,March,4780,107,17,0,47,19,49,4789,1301,43,10,0,16,1,25,1312,124,115,53,42,74,20,63,157,0,27,150,177
2012,San Francisco County,April,4789,78,25,0,64,31,57,4740,1312,43,8,0,8,4,31,1320,103,152,51,43,88,35,72,195,0,33,121,154
2012,San Francisco County,May,4740,91,31,0,93,32,63,4674,1320,46,10,0,15,7,28,1326,122,188,56,50,91,39,108,238,0,41,137,178
2012,San Francisco County,June,4674,92,27,0,52,31,58,4652,1326,48,8,0,13,5,18,1346,119,141,56,36,76,36,65,177,0,35,140,175
2012,San Francisco County,July,4652,72,21,0,108,23,69,4545,1346,43,12,0,10,8,34,1349,93,200,55,52,103,31,118,252,0,33,115,148
2012,San Francisco County,August,4545,80,33,0,78,38,56,4486,1349,33,9,0,10,1,20,1360,113,172,42,31,76,39,88,203,0,42,113,155
2012,San Francisco County,September,4486,60,23,0,69,21,50,4429,1360,41,12,0,18,5,20,1370,83,140,53,43,70,26,87,183,0,35,101,136
2012,San Francisco County,October,4429,75,25,0,102,24,69,4334,1370,69,9,0,16,2,20,1410,100,195,78,38,89,26,118,233,0,34,144,178
2012,San Francisco County,November,4334,59,20,0,102,26,51,4234,1410,40,8,0,15,6,21,1416,79,179,48,42,72,32,117,221,0,28,99,127
2012,San Francisco County,December,4234,65,50,0,55,31,55,4208,1416,44,15,0,9,5,23,1438,115,141,59,37,78,36,64,178,0,65,109,174
2012,San Joaquin County,January,6138,67,142,15,109,117,18,6118,5924,58,129,3,82,105,7,5920,224,244,190,194,25,222,191,438,18,271,125,414
2012,San Joaquin County,February,6118,67,142,15,109,68,14,6151,5920,58,129,3,82,61,9,5958,224,191,190,152,23,129,191,343,18,271,125,414
2012,San Joaquin County,March,6151,79,117,33,95,97,27,6161,5958,68,121,2,102,98,20,5929,229,219,191,220,47,195,197,439,35,238,147,420
2012,San Joaquin County,April,6161,90,109,19,67,97,24,6191,5929,50,119,1,71,89,7,5932,218,188,170,167,31,186,138,355,20,228,140,388
2012,San Joaquin County,May,6191,75,154,35,88,132,44,6191,5932,71,151,4,189,115,23,5831,264,264,226,327,67,247,277,591,39,305,146,490
2012,San Joaquin County,June,6191,59,174,24,97,141,9,6201,5831,81,154,1,229,145,5,5688,257,247,236,379,14,286,326,626,25,328,140,493
2012,San Joaquin County,July,6201,72,136,23,86,162,29,6155,5688,64,161,0,115,170,5,5623,231,277,225,290,34,332,201,567,23,297,136,456
2012,San Joaquin County,August,6155,79,143,26,101,102,22,6178,5623,65,128,2,95,118,17,5588,248,225,195,230,39,220,196,455,28,271,144,443
2012,San Joaquin County,September,6178,81,125,23,128,99,11,6169,5588,81,129,1,114,107,13,5565,229,238,211,234,24,206,242,472,24,254,162,440
2012,San Joaquin County,October,6169,68,121,29,70,143,10,6164,5565,83,157,1,54,132,10,5610,218,223,241,196,20,275,124,419,30,278,151,459
2012,San Joaquin County,November,6164,64,124,32,74,106,32,6172,5610,60,131,2,60,79,30,5634,220,212,193,169,62,185,134,381,34,255,124,413
2012,San Joaquin County,December,6172,89,117,12,33,107,8,6242,5634,42,79,0,50,123,7,5575,218,148,121,180,15,230,83,328,12,196,131,339
2012,San Luis Obispo County,January,1254,48,30,40,14,47,28,1283,698,27,17,0,23,27,4,688,118,89,44,54,32,74,37,143,40,47,75,162
2012,San Luis Obispo County,February,1283,56,34,17,22,54,17,1297,688,35,15,0,18,14,4,702,107,93,50,36,21,68,40,129,17,49,91,157
2012,San Luis Obispo County,March,1297,65,47,16,24,54,37,1310,702,47,12,1,26,18,2,716,128,115,60,46,39,72,50,161,17,59,112,188
2012,San Luis Obispo County,April,1310,63,29,23,27,54,19,1325,716,22,10,3,18,20,4,709,115,100,35,42,23,74,45,142,26,39,85,150
2012,San Luis Obispo County,May,1325,66,51,12,27,58,20,1349,709,34,19,0,24,21,3,714,129,105,53,48,23,79,51,153,12,70,100,182
2012,San Luis Obispo County,June,1349,61,36,16,26,84,10,1342,714,41,14,1,21,21,1,727,113,120,56,43,11,105,47,163,17,50,102,169
2012,San Luis Obispo County,July,1342,68,49,12,23,60,20,1368,727,39,12,1,23,22,6,728,129,103,52,51,26,82,46,154,13,61,107,181
2012,San Luis Obispo County,August,1368,68,46,13,17,50,12,1416,728,33,14,2,25,22,5,725,127,79,49,52,17,72,42,131,15,60,101,176
2012,San Luis Obispo County,September,1416,76,21,17,14,52,14,1450,725,40,7,1,22,15,6,730,114,80,48,43,20,67,36,123,18,28,116,162
2012,San Luis Obispo County,October,1450,63,34,9,36,62,17,1441,730,40,10,0,27,17,5,731,106,115,50,49,22,79,63,164,9,44,103,156
2012,San Luis Obispo County,November,1441,68,40,11,33,80,15,1432,731,38,15,0,36,22,4,722,119,128,53,62,19,102,69,190,11,55,106,172
2012,San Luis Obispo County,December,1432,67,38,12,36,68,18,1427,722,33,16,0,19,20,6,726,117,122,49,45,24,88,55,167,12,54,100,166
2012,San Mateo County,January,4814,88,44,0,108,47,54,4737,1560,39,6,0,45,22,9,1529,132,209,45,76,63,69,153,285,0,50,127,177
2012,San Mateo County,February,4737,95,29,0,104,51,52,4654,1529,66,5,0,52,19,2,1527,124,207,71,73,54,70,156,280,0,34,161,195
2012,San Mateo County,March,4654,94,50,0,133,52,15,4598,1527,60,9,0,27,21,4,1544,144,200,69,52,19,73,160,252,0,59,154,213
2012,San Mateo County,April,4598,113,49,0,126,44,30,4560,1544,55,11,0,44,27,2,1537,162,200,66,73,32,71,170,273,0,60,168,228
2012,San Mateo County,May,4560,122,40,0,99,39,35,4549,1537,81,7,0,41,17,8,1559,162,173,88,66,43,56,140,239,0,47,203,250
2012,San Mateo County,June,4549,84,50,0,86,45,25,4527,1559,51,4,0,27,18,8,1561,134,156,55,53,33,63,113,209,0,54,135,189
2012,San Mateo County,July,4527,85,44,0,62,39,26,4529,1561,64,3,0,52,19,5,1552,129,127,67,76,31,58,114,203,0,47,149,196
2012,San Mateo County,August,4529,113,42,0,80,56,19,4529,1552,58,13,0,23,22,1,1577,155,155,71,46,20,78,103,201,0,55,171,226
2012,San Mateo County,September,4529,102,41,0,104,55,42,4471,1577,64,7,0,47,18,8,1575,143,201,71,73,50,73,151,274,0,48,166,214
2012,San Mateo County,October,4471,132,44,0,108,50,24,4465,1575,58,7,0,36,26,4,1574,176,182,65,66,28,76,144,248,0,51,190,241
2012,San Mateo County,November,4465,88,27,0,77,60,37,4406,1574,65,5,0,40,16,6,1582,115,174,70,62,43,76,117,236,0,32,153,185
2012,San Mateo County,December,4406,94,41,0,76,41,38,4386,1582,26,6,0,48,28,3,1535,135,155,32,79,41,69,124,234,0,47,120,167
2012,Santa Barbara County,January,2474,137,55,0,44,62,16,2544,1473,125,37,0,66,51,7,1511,192,122,162,124,23,113,110,246,0,92,262,354
2012,Santa Barbara County,February,2516,87,47,0,37,66,22,2525,1472,130,40,0,114,66,4,1458,134,125,170,184,26,132,151,309,0,87,217,304
2012,Santa Barbara County,March,2510,108,39,0,60,79,14,2504,1473,106,40,0,122,59,4,1434,147,153,146,185,18,138,182,338,0,79,214,293
2012,Santa Barbara County,April,2478,80,51,0,45,62,11,2491,1454,133,43,0,105,70,4,1451,131,118,176,179,15,132,150,297,0,94,213,307
2012,Santa Barbara County,May,2469,115,70,0,57,64,12,2521,1438,148,43,0,151,63,3,1412,185,133,191,217,15,127,208,350,0,113,263,376
2012,Santa Barbara County,June,2518,84,33,0,26,60,9,2540,1434,110,37,0,54,60,2,1465,117,95,147,116,11,120,80,211,0,70,194,264
2012,Santa Barbara County,July,2508,104,49,0,49,88,14,2510,1439,141,38,0,107,61,4,1446,153,151,179,172,18,149,156,323,0,87,245,332
2012,Santa Barbara County,August,2517,115,50,0,73,73,12,2524,1451,128,40,0,100,68,11,1440,165,158,168,179,23,141,173,337,0,90,243,333
2012,Santa Barbara County,September,2491,88,64,0,42,97,12,2492,1460,127,59,0,86,65,5,1490,152,151,186,156,17,162,128,307,0,123,215,338
2012,Santa Barbara County,October,2481,83,50,0,39,76,3,2496,1458,140,38,0,86,57,3,1490,133,118,178,146,6,133,125,264,0,88,223,311
2012,Santa Barbara County,November,2489,95,49,0,53,57,7,2516,1477,114,46,0,62,48,3,1524,144,117,160,113,10,105,115,230,0,95,209,304
2012,Santa Barbara County,December,2481,86,50,0,60,64,7,2486,1524,122,51,0,96,58,3,1540,136,131,173,157,10,122,156,288,0,101,208,309
2012,Santa Clara County,January,8941,561,194,378,268,165,835,8806,2540,235,108,111,133,97,245,2519,1133,1268,454,475,1080,262,401,1743,489,302,796,1587
2012,Santa Clara County,February,8806,486,178,351,243,206,665,8707,2519,237,111,175,124,108,308,2502,1015,1114,523,540,973,314,367,1654,526,289,723,1538
2012,Santa Clara County,March,8707,582,188,570,337,236,589,8885,2502,250,116,192,164,128,303,2465,1340,1162,558,595,892,364,501,1757,762,304,832,1898
2012,Santa Clara County,April,8885,641,213,421,290,216,834,8820,2465,239,139,185,150,113,342,2423,1275,1340,563,605,1176,329,440,1945,606,352,880,1838
2012,Santa Clara County,May,8820,614,258,304,439,225,626,8706,2423,231,115,204,137,79,314,2443,1176,1290,550,530,940,304,576,1820,508,373,845,1726
2012,Santa Clara County,June,8706,592,173,302,219,213,682,8659,2443,220,107,146,115,113,284,2404,1067,1114,473,512,966,326,334,1626,448,280,812,1540
2012,Santa Clara County,July,8659,594,244,311,276,223,673,8636,2404,231,117,164,117,94,319,2386,1149,1172,512,530,992,317,393,1702,475,361,825,1661
2012,Santa Clara County,August,8636,627,271,267,261,246,700,8594,2386,249,156,174,118,127,337,2383,1165,1207,579,582,1037,373,379,1789,441,427,876,1744
2012,Santa Clara County,September,8594,727,275,751,224,212,670,9241,2383,247,132,351,126,86,296,2605,1753,1106,730,508,966,298,350,1614,1102,407,974,2483
2012,Santa Clara County,October,9241,872,306,295,226,247,1207,9034,2605,330,145,223,135,153,576,2439,1473,1680,698,864,1783,400,361,2544,518,451,1202,2171
2012,Santa Clara County,November,9034,658,232,199,282,224,806,8811,2439,261,111,173,148,91,436,2309,1089,1312,545,675,1242,315,430,1987,372,343,919,1634
2012,Santa Clara County,December,8811,583,213,293,308,215,728,8649,2309,220,116,165,88,113,291,2318,1089,1251,501,492,1019,328,396,1743,458,329,803,1590
2012,Santa Cruz County,January,3640,45,23,0,40,10,0,3658,2172,22,16,0,22,0,0,2188,68,50,38,22,0,10,62,72,0,39,67,106
2012,Santa Cruz County,February,3658,60,24,0,35,3,0,3704,2188,28,18,0,14,8,0,2212,84,38,46,22,0,11,49,60,0,42,88,130
2012,Santa Cruz County,March,3704,45,26,0,32,14,0,3729,2212,25,20,0,23,5,0,2229,71,46,45,28,0,19,55,74,0,46,70,116
2012,Santa Cruz County,April,3729,70,25,0,22,4,0,3798,2229,31,18,0,15,2,0,2261,95,26,49,17,0,6,37,43,0,43,101,144
2012,Santa Cruz County,May,3798,66,26,0,36,10,0,3844,2261,40,20,0,23,5,0,2293,92,46,60,28,0,15,59,74,0,46,106,152
2012,Santa Cruz County,June,3844,55,24,0,43,11,0,3869,2293,30,18,0,18,7,0,2316,79,54,48,25,0,18,61,79,0,42,85,127
2012,Santa Cruz County,July,3869,45,34,30,30,40,2693,1215,2316,28,17,0,20,16,1178,1147,109,2763,45,1214,3871,56,50,3977,30,51,73,154
2012,Santa Cruz County,August,1215,51,39,16,22,42,0,1257,1147,25,14,0,16,28,33,1109,106,64,39,77,33,70,38,141,16,53,76,145
2012,Santa Cruz County,September,1257,58,17,12,24,27,0,1293,1109,35,16,0,14,20,46,1080,87,51,51,80,46,47,38,131,12,33,93,138
2012,Santa Cruz County,October,1293,59,23,50,29,38,0,1358,1080,33,17,0,9,23,42,1056,132,67,50,74,42,61,38,141,50,40,92,182
2012,Santa Cruz County,November,1358,57,24,28,26,37,0,1404,1056,33,15,0,17,31,44,1012,109,63,48,92,44,68,43,155,28,39,90,157
2012,Santa Cruz County,December,1404,53,21,10,20,31,0,1437,1012,24,14,0,12,24,48,966,84,51,38,84,48,55,32,135,10,35,77,122
2012,Shasta County,January,1631,38,3,0,51,5,3,1613,138,9,0,0,7,0,0,140,41,59,9,7,3,5,58,66,0,3,47,50
2012,Shasta County,February,1613,38,11,0,40,11,2,1609,140,9,0,0,8,0,2,139,49,53,9,10,4,11,48,63,0,11,47,58
2012,Shasta County,March,1609,34,7,0,51,9,2,1588,139,11,0,0,11,3,1,135,41,62,11,15,3,12,62,77,0,7,45,52
2012,Shasta County,April,1588,34,9,1,36,11,6,1579,135,6,0,0,9,2,0,130,44,53,6,11,6,13,45,64,1,9,40,50
2012,Shasta County,May,1579,31,14,1,57,32,2,1534,130,6,0,0,4,1,0,131,46,91,6,5,2,33,61,96,1,14,37,52
2012,Shasta County,June,1534,32,8,4,71,8,0,1499,131,4,0,0,4,0,0,131,44,79,4,4,0,8,75,83,4,8,36,48
2012,Shasta County,July,1499,25,10,7,55,10,1,1475,131,6,0,0,12,0,1,124,42,66,6,13,2,10,67,79,7,10,31,48
2012,Shasta County,August,1475,24,18,0,54,18,2,1443,124,13,0,0,10,0,2,125,42,74,13,12,4,18,64,86,0,18,37,55
2012,Shasta County,September,1443,36,27,7,78,27,3,1405,125,9,0,0,4,0,3,127,70,108,9,7,6,27,82,115,7,27,45,79
2012,Shasta County,October,1405,38,29,5,71,29,2,1375,127,15,0,0,10,0,2,130,72,102,15,12,4,29,81,114,5,29,53,87
2012,Shasta County,November,1375,40,33,2,80,33,1,1336,130,12,0,0,7,0,1,134,75,114,12,8,2,33,87,122,2,33,52,87
2012,Shasta County,December,1336,28,12,3,51,12,0,1316,134,7,0,0,27,0,0,114,43,63,7,27,0,12,78,90,3,12,35,50
2012,Sierra County,January,29,0,0,0,2,0,0,27,8,0,0,0,0,0,1,7,0,2,0,1,1,0,2,3,0,0,0,0
2012,Sierra County,February,27,0,0,0,1,1,0,25,7,0,0,0,0,0,0,7,0,2,0,0,0,1,1,2,0,0,0,0
2012,Sierra County,March,25,0,0,0,1,0,0,24,7,0,0,0,0,0,0,7,0,1,0,0,0,0,1,1,0,0,0,0
2012,Sierra County,April,24,0,0,2,0,0,0,26,7,0,0,1,0,0,0,8,2,0,1,0,0,0,0,0,3,0,0,3
2012,Sierra County,May,26,0,0,0,0,1,0,25,8,0,1,0,0,0,0,9,0,1,1,0,0,1,0,1,0,1,0,1
2012,Sierra County,June,25,0,1,1,0,0,0,27,9,3,0,1,2,0,0,11,2,0,4,2,0,0,2,2,2,1,3,6
2012,Sierra County,July,27,1,0,0,0,0,2,26,11,1,0,0,0,0,0,12,1,2,1,0,2,0,0,2,0,0,2,2
2012,Sierra County,August,26,1,0,0,2,0,0,25,12,1,0,0,0,0,0,13,1,2,1,0,0,0,2,2,0,0,2,2
2012,Sierra County,September,25,1,0,1,0,0,0,27,13,0,0,0,0,0,1,12,2,0,0,1,1,0,0,1,1,0,1,2
2012,Sierra County,October,27,1,0,0,0,0,0,28,12,1,0,0,1,0,0,12,1,0,1,1,0,0,1,1,0,0,2,2
2012,Sierra County,November,28,0,0,0,1,0,0,27,12,1,0,0,0,2,0,11,0,1,1,2,0,2,1,3,0,0,1,1
2012,Sierra County,December,27,0,0,0,0,0,0,27,11,0,0,0,0,0,0,11,0,0,0,0,0,0,0,0,0,0,0,0
2012,Siskiyou County,January,460,14,6,2,8,11,5,458,0,0,0,0,0,0,0,0,22,24,0,0,5,11,8,24,2,6,14,22
2012,Siskiyou County,February,458,31,2,2,9,5,4,475,0,0,0,0,0,0,0,0,35,18,0,0,4,5,9,18,2,2,31,35
2012,Siskiyou County,March,475,21,5,1,7,8,1,486,0,0,0,0,0,0,0,0,27,16,0,0,1,8,7,16,1,5,21,27
2012,Siskiyou County,April,486,20,3,15,6,7,3,508,0,0,0,0,0,0,0,0,38,16,0,0,3,7,6,16,15,3,20,38
2012,Siskiyou County,May,508,18,1,3,7,12,2,509,0,0,0,0,0,0,0,0,22,21,0,0,2,12,7,21,3,1,18,22
2012,Siskiyou County,June,509,11,1,78,9,7,61,522,0,0,0,0,0,0,0,0,90,77,0,0,61,7,9,77,78,1,11,90
2012,Siskiyou County,July,522,10,2,1,6,4,1,524,0,0,0,0,0,0,0,0,13,11,0,0,1,4,6,11,1,2,10,13
2012,Siskiyou County,August,524,13,3,1,10,9,1,521,0,0,0,0,0,0,0,0,17,20,0,0,1,9,10,20,1,3,13,17
2012,Siskiyou County,September,521,10,4,0,8,5,1,521,0,0,0,0,0,0,0,0,14,14,0,0,1,5,8,14,0,4,10,14
2012,Siskiyou County,October,521,20,10,1,10,15,37,490,0,0,0,0,0,0,0,0,31,62,0,0,37,15,10,62,1,10,20,31
2012,Siskiyou County,November,490,16,9,2,9,9,1,498,0,0,0,0,0,0,0,0,27,19,0,0,1,9,9,19,2,9,16,27
2012,Siskiyou County,December,498,4,11,3,5,19,2,490,0,0,0,0,0,0,0,0,18,26,0,0,2,19,5,26,3,11,4,18
2012,Solano County,January,2645,54,0,0,34,9,17,2639,853,16,0,0,11,2,6,850,54,60,16,19,23,11,45,79,0,0,70,70
2012,Solano County,February,2656,62,0,0,43,11,20,2644,858,16,0,0,14,1,11,848,62,74,16,26,31,12,57,100,0,0,78,78
2012,Solano County,March,2642,56,0,0,40,8,10,2640,849,18,0,0,8,1,2,856,56,58,18,11,12,9,48,69,0,0,74,74
2012,Solano County,April,2611,66,0,0,37,11,15,2614,844,21,0,0,8,2,8,847,66,63,21,18,23,13,45,81,0,0,87,87
2012,Solano County,May,2616,57,0,0,46,8,7,2612,847,12,0,0,13,0,5,841,57,61,12,18,12,8,59,79,0,0,69,69
2012,Solano County,June,2564,56,0,0,31,12,11,2566,836,19,0,0,14,1,6,834,56,54,19,21,17,13,45,75,0,0,75,75
2012,Solano County,July,2553,56,0,0,48,19,9,2533,838,8,0,0,16,2,0,828,56,76,8,18,9,21,64,94,0,0,64,64
2012,Solano County,August,2493,53,0,0,30,16,7,2493,825,20,0,0,8,2,3,832,53,53,20,13,10,18,38,66,0,0,73,73
2012,Solano County,September,2479,34,0,0,35,12,10,2456,832,8,0,0,10,0,4,826,34,57,8,14,14,12,45,71,0,0,42,42
2012,Solano County,October,2459,71,0,0,341,20,6,2163,827,14,0,0,9,2,3,827,71,367,14,14,9,22,350,381,0,0,85,85
2012,Solano County,November,2452,49,0,0,40,0,6,2455,819,12,0,0,14,16,4,797,49,46,12,34,10,16,54,80,0,0,61,61
2012,Solano County,December,2428,35,0,0,44,14,7,2398,823,9,0,0,14,1,7,810,35,65,9,22,14,15,58,87,0,0,44,44
2012,Sonoma County,January,2332,81,60,0,70,70,6,2327,637,23,20,0,16,24,12,628,141,146,43,52,18,94,86,198,0,80,104,184
2012,Sonoma County,February,2328,70,74,2,80,60,6,2328,626,26,20,0,18,23,21,610,146,146,46,62,27,83,98,208,2,94,96,192
2012,Sonoma County,March,2339,85,70,1,74,69,3,2349,615,24,32,0,21,26,30,594,156,146,56,77,33,95,95,223,1,102,109,212
2012,Sonoma County,April,2350,85,62,4,96,75,7,2323,597,24,20,0,20,15,23,583,151,178,44,58,30,90,116,236,4,82,109,195
2012,Sonoma County,May,2319,75,61,1,84,76,5,2291,585,42,16,1,17,29,11,587,137,165,59,57,16,105,101,222,2,77,117,196
2012,Sonoma County,June,2292,80,61,3,82,76,3,2275,588,18,20,2,17,13,12,586,144,161,40,42,15,89,99,203,5,81,98,184
2012,Sonoma County,July,2286,42,105,6,108,79,6,2246,590,21,17,1,18,25,12,574,153,193,39,55,18,104,126,248,7,122,63,192
2012,Sonoma County,August,2243,86,75,7,88,73,5,2245,586,37,18,2,28,17,17,581,168,166,57,62,22,90,116,228,9,93,123,225
2012,Sonoma County,September,2255,70,78,2,96,66,3,2240,586,19,18,3,13,14,25,574,150,165,40,52,28,80,109,217,5,96,89,190
2012,Sonoma County,October,2259,57,61,0,97,75,1,2204,579,32,27,1,21,18,19,581,118,173,60,58,20,93,118,231,1,88,89,178
2012,Sonoma County,November,2211,76,58,0,77,65,5,2198,584,23,14,2,10,21,19,573,134,147,39,50,24,86,87,197,2,72,99,173
2012,Sonoma County,December,2198,57,73,1,102,63,5,2159,578,17,15,0,12,21,24,553,131,170,32,57,29,84,114,227,1,88,74,163
2012,Stanislaus County,January,3400,125,91,24,122,93,14,3411,319,5,1,0,0,0,0,325,240,229,6,0,14,93,122,229,24,92,130,246
2012,Stanislaus County,February,3411,180,85,91,130,160,12,3465,325,1,1,3,0,0,0,330,356,302,5,0,12,160,130,302,94,86,181,361
2012,Stanislaus County,March,3465,150,107,20,140,154,9,3439,330,3,1,1,0,1,0,334,277,303,5,1,9,155,140,304,21,108,153,282
2012,Stanislaus County,April,3439,203,91,10,128,109,16,3490,334,5,0,0,0,0,0,339,304,253,5,0,16,109,128,253,10,91,208,309
2012,Stanislaus County,May,3490,142,112,0,26,113,13,3592,339,0,3,0,1,0,0,341,254,152,3,1,13,113,27,153,0,115,142,257
2012,Stanislaus County,June,3592,80,101,20,19,133,19,3622,341,1,1,0,1,1,0,341,201,171,2,2,19,134,20,173,20,102,81,203
2012,Stanislaus County,July,3622,186,108,0,12,135,2,3767,341,0,4,0,0,5,0,340,294,149,4,5,2,140,12,154,0,112,186,298
2012,Stanislaus County,August,3767,148,129,16,16,191,38,3815,340,0,0,0,0,0,0,340,293,245,0,0,38,191,16,245,16,129,148,293
2012,Stanislaus County,September,3815,111,99,28,9,197,40,3807,340,0,0,0,0,0,0,340,238,246,0,0,40,197,9,246,28,99,111,238
2012,Stanislaus County,October,3807,128,189,10,24,206,19,3885,340,1,0,0,0,0,0,341,327,249,1,0,19,206,24,249,10,189,129,328
2012,Stanislaus County,November,3885,128,143,25,21,166,18,3976,341,1,0,0,0,0,0,342,296,205,1,0,18,166,21,205,25,143,129,297
2012,Stanislaus County,December,3976,147,136,6,22,96,7,4140,342,0,0,0,0,0,0,342,289,125,0,0,7,96,22,125,6,136,147,289
2012,Sutter County,January,801,12,10,3,1,9,15,801,14,4,0,0,0,1,0,17,25,25,4,1,15,10,1,26,3,10,16,29
2012,Sutter County,February,801,15,2,6,12,14,20,778,17,3,2,0,3,2,0,17,23,46,5,5,20,16,15,51,6,4,18,28
2012,Sutter County,March,778,17,4,1,4,12,17,767,17,3,0,0,2,2,0,16,22,33,3,4,17,14,6,37,1,4,20,25
2012,Sutter County,April,767,17,3,1,6,16,17,749,16,3,0,0,2,1,2,14,21,39,3,5,19,17,8,44,1,3,20,24
2012,Sutter County,May,749,16,10,6,4,23,11,743,14,1,1,0,0,5,1,10,32,38,2,6,12,28,4,44,6,11,17,34
2012,Sutter County,June,743,14,10,2,5,13,17,734,10,2,1,0,2,5,1,5,26,35,3,8,18,18,7,43,2,11,16,29
2012,Sutter County,July,734,18,8,0,3,8,11,738,5,2,0,0,0,0,0,7,26,22,2,0,11,8,3,22,0,8,20,28
2012,Sutter County,August,738,25,3,3,7,10,9,743,7,2,0,0,0,0,0,9,31,26,2,0,9,10,7,26,3,3,27,33
2012,Sutter County,September,743,27,3,1,3,9,10,752,9,0,1,1,1,4,1,5,31,22,2,6,11,13,4,28,2,4,27,33
2012,Sutter County,October,752,27,7,3,5,23,8,753,5,3,1,0,0,1,0,8,37,36,4,1,8,24,5,37,3,8,30,41
2012,Sutter County,November,753,22,4,3,1,14,16,751,8,5,1,0,0,1,0,13,29,31,6,1,16,15,1,32,3,5,27,35
2012,Sutter County,December,751,13,9,4,1,20,7,749,13,2,0,0,2,2,1,10,26,28,2,5,8,22,3,33,4,9,15,28
2012,Tehama County,January,409,9,2,1,7,5,7,402,28,0,0,0,1,1,2,24,12,19,0,4,9,6,8,23,1,2,9,12
2012,Tehama County,February,402,20,1,1,7,11,4,402,24,0,0,0,0,0,0,24,22,22,0,0,4,11,7,22,1,1,20,22
2012,Tehama County,March,402,5,0,4,5,5,21,380,24,0,0,12,0,0,0,36,9,31,12,0,21,5,5,31,16,0,5,21
2012,Tehama County,April,380,24,0,7,3,4,2,402,36,0,0,0,0,1,1,34,31,9,0,2,3,5,3,11,7,0,24,31
2012,Tehama County,May,402,21,1,1,2,5,6,412,34,0,0,0,0,0,1,33,23,13,0,1,7,5,2,14,1,1,21,23
2012,Tehama County,June,412,27,2,4,3,7,5,430,33,1,0,0,0,0,1,33,33,15,1,1,6,7,3,16,4,2,28,34
2012,Tehama County,July,430,14,0,1,7,4,7,427,33,0,0,0,0,0,0,33,15,18,0,0,7,4,7,18,1,0,14,15
2012,Tehama County,August,427,24,0,3,7,6,16,425,33,1,0,0,0,0,0,34,27,29,1,0,16,6,7,29,3,0,25,28
2012,Tehama County,September,425,25,2,4,11,7,2,436,34,0,0,0,0,1,0,33,31,20,0,1,2,8,11,21,4,2,25,31
2012,Tehama County,October,436,16,4,4,3,4,1,452,33,0,0,0,0,0,0,33,24,8,0,0,1,4,3,8,4,4,16,24
2012,Tehama County,November,452,15,1,2,2,1,3,464,33,1,0,0,0,0,0,34,18,6,1,0,3,1,2,6,2,1,16,19
2012,Tehama County,December,464,11,0,0,3,11,1,460,34,2,0,0,0,1,0,35,11,15,2,1,1,12,3,16,0,0,13,13
2012,Trinity County,January,337,6,0,1,3,0,1,340,15,1,0,0,0,0,0,16,7,4,1,0,1,0,3,4,1,0,7,8
2012,Trinity County,February,340,1,0,0,5,0,3,333,16,0,0,0,0,0,0,16,1,8,0,0,3,0,5,8,0,0,1,1
2012,Trinity County,March,333,10,0,3,3,0,3,340,16,2,0,0,2,0,1,15,13,6,2,3,4,0,5,9,3,0,12,15
2012,Trinity County,April,340,2,0,2,5,0,0,339,15,1,0,0,0,0,0,16,4,5,1,0,0,0,5,5,2,0,3,5
2012,Trinity County,May,339,2,0,0,6,0,0,335,16,1,0,0,0,0,0,17,2,6,1,0,0,0,6,6,0,0,3,3
2012,Trinity County,June,335,10,0,1,5,1,0,340,17,2,0,0,0,0,0,19,11,6,2,0,0,1,5,6,1,0,12,13
2012,Trinity County,July,340,9,0,0,3,2,1,343,19,2,0,0,0,0,1,20,9,6,2,1,2,2,3,7,0,0,11,11
2012,Trinity County,August,343,10,0,1,6,1,2,345,20,0,0,0,1,0,0,19,11,9,0,1,2,1,7,10,1,0,10,11
2012,Trinity County,September,345,7,0,0,3,0,4,345,19,0,0,0,2,0,0,17,7,7,0,2,4,0,5,9,0,0,7,7
2012,Trinity County,October,345,3,0,3,7,2,0,342,17,1,0,0,2,0,0,16,6,9,1,2,0,2,9,11,3,0,4,7
2012,Trinity County,November,342,2,0,1,2,0,2,341,16,0,0,0,0,0,0,16,3,4,0,0,2,0,2,4,1,0,2,3
2012,Trinity County,December,341,4,0,0,3,0,4,338,16,0,0,0,0,1,0,15,4,7,0,1,4,1,3,8,0,0,4,4
2012,Tulare County,January,4903,202,18,9,120,43,24,4945,309,30,5,0,10,0,0,334,229,187,35,10,24,43,130,197,9,23,232,264
2012,Tulare County,February,4945,117,21,6,123,103,23,4840,334,14,3,0,18,6,0,327,144,249,17,24,23,109,141,273,6,24,131,161
2012,Tulare County,March,4840,115,28,10,177,66,29,4721,327,21,8,0,34,23,1,298,153,272,29,58,30,89,211,330,10,36,136,182
2012,Tulare County,April,4721,103,33,12,124,68,30,4647,298,21,2,0,22,33,2,264,148,222,23,57,32,101,146,279,12,35,124,171
2012,Tulare County,May,4647,135,40,8,119,69,21,4621,264,13,10,1,12,20,1,255,183,209,24,33,22,89,131,242,9,50,148,207
2012,Tulare County,June,4621,125,38,0,108,89,26,4561,255,17,2,0,16,18,1,239,163,223,19,35,27,107,124,258,0,40,142,182
2012,Tulare County,July,4561,94,44,2,110,36,23,4532,239,27,5,1,21,15,0,236,140,169,33,36,23,51,131,205,3,49,121,173
2012,Tulare County,August,4532,133,41,5,126,33,22,4530,236,22,2,4,14,21,0,229,179,181,28,35,22,54,140,216,9,43,155,207
2012,Tulare County,September,4530,125,46,2,106,51,41,4505,229,21,2,0,30,26,3,193,173,198,23,59,44,77,136,257,2,48,146,196
2012,Tulare County,October,4505,150,72,7,93,76,20,4545,193,10,7,6,28,50,3,135,229,189,23,81,23,126,121,270,13,79,160,252
2012,Tulare County,November,4545,110,41,4,87,58,12,4543,135,7,5,0,30,26,0,91,155,157,12,56,12,84,117,213,4,46,117,167
2012,Tulare County,December,4543,120,55,7,75,85,16,4549,91,265,101,0,31,17,1,408,182,176,366,49,17,102,106,225,7,156,385,548
2012,Tuolumne County,January,891,61,21,0,50,32,13,878,1058,62,9,0,84,8,0,1037,82,95,71,92,13,40,134,187,0,30,123,153
2012,Tuolumne County,February,878,35,19,0,15,23,8,886,1037,30,6,0,26,8,0,1039,54,46,36,34,8,31,41,80,0,25,65,90
2012,Tuolumne County,March,886,47,18,0,41,8,12,890,1039,48,43,0,63,15,0,1052,65,61,91,78,12,23,104,139,0,61,95,156
2012,Tuolumne County,April,890,41,13,0,28,10,16,890,1052,27,13,0,45,16,3,1028,54,54,40,64,19,26,73,118,0,26,68,94
2012,Tuolumne County,May,890,52,31,0,25,31,15,902,1028,33,14,0,62,11,0,1002,83,71,47,73,15,42,87,144,0,45,85,130
2012,Tuolumne County,June,902,45,17,0,36,24,3,901,1002,31,13,0,43,20,0,983,62,63,44,63,3,44,79,126,0,30,76,106
2012,Tuolumne County,July,901,31,11,0,18,10,6,909,983,25,26,0,42,12,5,975,42,34,51,59,11,22,60,93,0,37,56,93
2012,Tuolumne County,August,909,37,20,0,43,27,14,882,975,48,22,0,41,25,2,977,57,84,70,68,16,52,84,152,0,42,85,127
2012,Tuolumne County,September,882,45,20,0,24,23,10,890,977,28,10,0,46,17,0,952,65,57,38,63,10,40,70,120,0,30,73,103
2012,Tuolumne County,October,890,54,18,0,32,29,9,892,952,39,2,0,34,5,1,953,72,70,41,40,10,34,66,110,0,20,93,113
2012,Tuolumne County,November,892,27,10,0,16,15,5,893,953,21,19,0,32,25,0,936,37,36,40,57,5,40,48,93,0,29,48,77
2012,Tuolumne County,December,893,35,26,0,32,19,4,899,936,19,21,0,32,20,1,923,61,55,40,53,5,39,64,108,0,47,54,101
2012,Ventura County,January,3985,123,24,0,36,99,0,3997,11261,309,40,0,25,433,0,11152,147,135,349,458,0,532,61,593,0,64,432,496
2012,Ventura County,February,3975,98,14,0,22,65,0,4000,11113,270,35,0,33,456,0,10929,112,87,305,489,0,521,55,576,0,49,368,417
2012,Ventura County,March,3942,103,11,0,44,113,0,3899,10838,277,39,0,44,429,0,10681,114,157,316,473,0,542,88,630,0,50,380,430
2012,Ventura County,April,3865,101,15,0,31,178,0,3772,10619,299,56,0,35,264,0,10675,116,209,355,299,0,442,66,508,0,71,400,471
2012,Ventura County,May,3758,123,18,0,38,97,0,3764,10652,304,43,0,33,520,0,10446,141,135,347,553,0,617,71,688,0,61,427,488
2012,Ventura County,June,3728,116,12,0,25,105,0,3726,10429,344,52,0,39,360,0,10426,128,130,396,399,0,465,64,529,0,64,460,524
2012,Ventura County,July,3694,103,14,0,34,143,0,3634,10348,271,45,0,38,582,0,10044,117,177,316,620,0,725,72,797,0,59,374,433
2012,Ventura County,August,3576,123,10,0,41,51,0,3617,9967,304,39,0,31,462,0,9817,133,92,343,493,0,513,72,585,0,49,427,476
2012,Ventura County,September,3540,115,13,0,42,65,0,3561,9666,254,44,0,39,326,0,9599,128,107,298,365,0,391,81,472,0,57,369,426
2012,Ventura County,October,3505,126,79,0,61,0,0,3649,9563,294,39,0,66,201,0,9629,205,61,333,267,0,201,127,328,0,118,420,538
2012,Ventura County,November,3590,80,29,0,72,0,0,3627,9563,258,37,0,40,194,0,9624,109,72,295,234,0,194,112,306,0,66,338,404
2012,Ventura County,December,3597,91,54,0,128,0,0,3614,9575,172,51,0,86,0,0,9712,145,128,223,86,0,0,214,214,0,105,263,368
2012,Yolo County,January,2865,46,33,0,2,38,0,2904,38,0,0,0,0,0,0,38,79,40,0,0,0,38,2,40,0,33,46,79
2012,Yolo County,February,2904,13,8,0,0,7,0,2918,38,0,0,0,0,0,0,38,21,7,0,0,0,7,0,7,0,8,13,21
2012,Yolo County,March,2918,27,2,0,35,8,0,2904,38,0,0,0,0,0,0,38,29,43,0,0,0,8,35,43,0,2,27,29
2012,Yolo County,April,2904,25,0,0,57,8,0,2864,38,0,0,0,0,0,0,38,25,65,0,0,0,8,57,65,0,0,25,25
2012,Yolo County,May,2864,34,0,0,44,9,0,2845,38,0,0,0,0,0,0,38,34,53,0,0,0,9,44,53,0,0,34,34
2012,Yolo County,June,2845,29,1,0,44,9,0,2822,38,0,0,0,0,0,0,38,30,53,0,0,0,9,44,53,0,1,29,30
2012,Yolo County,July,2822,31,1,0,61,12,0,2781,38,0,0,0,0,0,0,38,32,73,0,0,0,12,61,73,0,1,31,32
2012,Yolo County,August,2781,27,0,0,46,13,0,2749,38,0,0,0,0,0,0,38,27,59,0,0,0,13,46,59,0,0,27,27
2012,Yolo County,September,2749,20,2,0,44,15,0,2712,38,0,0,0,0,0,0,38,22,59,0,0,0,15,44,59,0,2,20,22
2012,Yolo County,October,2712,24,0,0,34,9,0,2693,38,0,0,0,0,0,0,38,24,43,0,0,0,9,34,43,0,0,24,24
2012,Yolo County,November,2693,22,0,0,39,16,0,2660,38,0,0,0,0,0,0,38,22,55,0,0,0,16,39,55,0,0,22,22
2012,Yolo County,December,2660,15,0,0,45,10,0,2620,38,0,0,0,0,0,0,38,15,55,0,0,0,10,45,55,0,0,15,15
2012,Yuba County,January,640,23,4,4,9,2,7,653,163,0,0,0,3,3,3,154,31,18,0,9,10,5,12,27,4,4,23,31
2012,Yuba County,February,653,22,5,9,13,16,8,652,154,2,3,2,2,4,4,151,36,37,7,10,12,20,15,47,11,8,24,43
2012,Yuba County,March,652,23,2,8,17,18,5,645,151,1,3,1,4,1,3,148,33,40,5,8,8,19,21,48,9,5,24,38
2012,Yuba County,April,645,22,7,10,14,12,10,648,148,2,2,1,0,0,4,149,39,36,5,4,14,12,14,40,11,9,24,44
2012,Yuba County,May,648,17,3,10,14,13,3,648,149,0,0,3,1,1,6,144,30,30,3,8,9,14,15,38,13,3,17,33
2012,Yuba County,June,648,28,3,9,8,14,12,654,144,2,4,2,1,2,5,144,40,34,8,8,17,16,9,42,11,7,30,48
2012,Yuba County,July,654,27,2,8,14,21,8,648,144,1,2,3,4,5,2,139,37,43,6,11,10,26,18,54,11,4,28,43
2012,Yuba County,August,648,23,3,2,17,14,8,637,139,3,1,7,3,1,2,144,28,39,11,6,10,15,20,45,9,4,26,39
2012,Yuba County,September,637,37,7,7,9,16,10,653,144,1,0,0,1,4,4,136,51,35,1,9,14,20,10,44,7,7,38,52
2012,Yuba County,October,653,25,6,8,10,13,7,662,136,0,1,1,5,4,6,123,39,30,2,15,13,17,15,45,9,7,25,41
2012,Yuba County,November,662,31,7,8,7,16,12,673,123,1,2,1,2,1,7,117,46,35,4,10,19,17,9,45,9,9,32,50
2012,Yuba County,December,673,20,4,5,10,5,16,671,117,1,1,0,1,0,9,109,29,31,2,10,25,5,11,41,5,5,21,31
2013,Alameda County,January,13143,215,92,17,191,89,82,13105,434,6,1,13,7,1,1,445,324,362,20,9,83,90,198,371,30,93,221,344
2013,Alpine County,January,24,2,0,0,0,0,2,24,12,2,2,0,0,1,0,15,2,2,4,1,2,1,0,3,0,2,4,6
2013,Amador County,January,318,12,10,0,19,12,0,309,1047,34,0,0,22,0,0,1059,22,31,34,22,0,12,41,53,0,10,46,56
2013,Butte County,January,1202,70,33,0,24,63,8,1210,240,12,7,0,6,12,2,239,103,95,19,20,10,75,30,115,0,40,82,122
2013,Calaveras County,January,316,8,0,1,7,3,2,313,119,6,3,0,1,0,0,127,9,12,9,1,2,3,8,13,1,3,14,18
2013,Colusa County,January,82,7,1,0,6,0,9,75,53,9,0,1,4,0,0,59,8,15,10,4,9,0,10,19,1,1,16,18
2013,Contra Costa County,January,3634,129,3,16,96,6,53,3627,0,0,0,0,0,0,0,0,148,155,0,0,53,6,96,155,16,3,129,148
2013,Del Norte County,January,134,4,0,0,3,0,0,135,56,3,0,0,1,0,0,58,4,3,3,1,0,0,4,4,0,0,7,7
2013,El Dorado County,January,1018,37,19,0,19,19,4,1032,120,9,3,0,2,5,0,125,56,42,12,7,4,24,21,49,0,22,46,68
2013,Fresno County,January,4548,229,176,30,125,226,7,4625,1804,62,38,1,16,53,1,1835,435,358,101,70,8,279,141,428,31,214,291,536
2013,Glenn County,January,453,4,2,0,3,0,3,453,217,4,0,0,1,1,0,219,6,6,4,2,3,1,4,8,0,2,8,10
2013,Humboldt County,January,1573,33,0,8,29,2,3,1580,24,0,0,0,0,0,0,24,41,34,0,0,3,2,29,34,8,0,33,41
2013,Imperial County,January,2066,50,16,0,36,3,0,2093,43,1,0,0,0,0,0,44,66,39,1,0,0,3,36,39,0,16,51,67
2013,Inyo County,January,115,2,1,0,4,6,1,107,306,5,8,1,7,28,2,283,3,11,14,37,3,34,11,48,1,9,7,17
2013,Kern County,January,7577,265,17,13,160,29,18,7665,0,0,0,0,0,0,0,0,295,207,0,0,18,29,160,207,13,17,265,295
2013,Kings County,January,1930,50,13,5,28,3,9,1958,1928,39,6,1,12,2,4,1956,68,40,46,18,13,5,40,58,6,19,89,114
2013,Lake County,January,580,30,5,0,20,7,0,588,0,0,0,0,0,0,0,0,35,27,0,0,0,7,20,27,0,5,30,35
2013,Lassen County,January,169,4,0,0,10,0,0,163,87,6,0,0,1,0,0,92,4,10,6,1,0,0,11,11,0,0,10,10
2013,Los Angeles County,January,57466,1452,350,0,785,689,66,57728,293,4,4,0,12,2,3,284,1802,1540,8,17,69,691,797,1557,0,354,1456,1810
2013,Madera County,January,3127,46,27,0,60,32,12,3096,551,7,3,0,19,7,1,534,73,104,10,27,13,39,79,131,0,30,53,83
2013,Marin County,January,1304,30,7,0,12,15,0,1314,900,26,7,0,15,15,0,903,37,27,33,30,0,30,27,57,0,14,56,70
2013,Mariposa County,January,116,4,1,0,2,3,0,116,240,9,8,0,14,11,0,232,5,5,17,25,0,14,16,30,0,9,13,22
2013,Mendocino County,January,753,18,14,0,19,16,0,750,116,0,1,0,3,5,0,109,32,35,1,8,0,21,22,43,0,15,18,33
2013,Merced County,January,2897,117,102,1,55,123,8,2931,0,0,0,0,0,0,0,0,220,186,0,0,8,123,55,186,1,102,117,220
2013,Modoc County,January,78,6,0,0,8,0,0,76,130,1,0,0,3,0,0,128,6,8,1,3,0,0,11,11,0,0,7,7
2013,Mono County,January,179,0,0,0,1,0,0,178,86,0,0,0,3,0,0,83,0,1,0,3,0,0,4,4,0,0,0,0
2013,Monterey County,January,3733,96,55,0,140,3,8,3733,1585,12,14,46,73,18,0,1566,151,151,72,91,8,21,213,242,46,69,108,223
2013,Napa County,January,891,30,15,0,10,17,20,889,1373,43,22,0,17,16,33,1372,45,47,65,66,53,33,27,113,0,37,73,110
2013,Nevada County,January,474,21,0,0,11,0,19,465,135,5,0,0,1,0,0,139,21,30,5,1,19,0,12,31,0,0,26,26
2013,Orange County,January,9006,989,454,0,619,491,56,9283,3161,32,10,0,40,23,0,3140,1443,1166,42,63,56,514,659,1229,0,464,1021,1485
2013,Placer County,January,2381,69,1,0,48,54,112,2237,782,21,0,0,12,3,34,754,70,214,21,49,146,57,60,263,0,1,90,91
2013,Plumas County,January,184,10,27,0,5,18,2,196,150,6,5,0,6,6,0,149,37,25,11,12,2,24,11,37,0,32,16,48
2013,Riverside County,January,12330,455,190,90,447,442,0,12176,1143,58,120,0,33,67,89,1132,735,889,178,189,89,509,480,1078,90,310,513,913
2013,Sacramento County,January,25895,578,268,25,109,324,50,26283,0,0,0,0,0,0,0,0,871,483,0,0,50,324,109,483,25,268,578,871
2013,San Benito County,January,385,15,10,4,12,2,12,388,153,6,2,6,6,1,8,152,29,26,14,15,20,3,18,41,10,12,21,43
2013,San Bernardino County,January,20668,557,309,0,739,451,0,20344,202,2,0,0,78,6,0,120,866,1190,2,84,0,457,817,1274,0,309,559,868
2013,San Diego County,January,12875,459,129,0,374,246,1,12842,656,31,4,0,7,17,0,667,588,621,35,24,1,263,381,645,0,133,490,623
2013,San Francisco County,January,4514,79,28,8,81,21,50,4477,1466,47,10,2,13,6,24,1482,115,152,59,43,74,27,94,195,10,38,126,174
2013,San Joaquin County,January,6242,78,101,38,74,87,23,6275,5575,50,111,4,91,86,32,5531,217,184,165,209,55,173,165,393,42,212,128,382
2013,San Luis Obispo County,January,1759,62,48,7,38,77,10,1751,769,49,17,0,18,36,8,773,117,125,66,62,18,113,56,187,7,65,111,183
2013,San Mateo County,January,4386,87,36,0,88,67,38,4316,1535,53,4,0,41,11,9,1531,123,193,57,61,47,78,129,254,0,40,140,180
2013,Santa Barbara County,January,2489,148,53,0,38,67,19,2566,1534,156,43,0,92,50,4,1587,201,124,199,146,23,117,130,270,0,96,304,400
2013,Santa Clara County,January,8649,595,204,381,250,208,800,8571,2318,260,122,261,125,104,408,2324,1180,1258,643,637,1208,312,375,1895,642,326,855,1823
2013,Santa Cruz County,January,1346,46,37,37,34,51,0,1381,911,12,10,0,11,22,31,869,120,85,22,64,31,73,45,149,37,47,58,142
2013,Shasta County,January,1316,22,16,0,51,16,0,1287,114,14,0,0,31,0,0,97,38,67,14,31,0,16,82,98,0,16,36,52
2013,Sierra County,January,27,0,0,0,0,0,0,27,11,1,0,1,1,0,0,12,0,0,2,1,0,0,1,1,1,0,1,2
2013,Siskiyou County,January,480,13,18,0,4,21,3,483,10,0,0,0,0,0,0,10,31,28,0,0,3,21,4,28,0,18,13,31
2013,Solano County,January,2392,65,0,0,48,15,8,2386,817,12,0,0,13,1,5,810,65,71,12,19,13,16,61,90,0,0,77,77
2013,Sonoma County,January,2163,73,80,3,97,66,6,2150,557,35,15,1,10,16,20,562,156,169,51,46,26,82,107,215,4,95,108,207
2013,Stanislaus County,January,4140,106,178,45,40,234,28,4167,342,0,0,0,0,0,0,342,329,302,0,0,28,234,40,302,45,178,106,329
2013,Sutter County,January,749,28,5,5,1,17,5,764,10,2,2,0,1,3,0,10,38,23,4,4,5,20,2,27,5,7,30,42
2013,Tehama County,January,460,7,2,2,9,4,7,451,35,0,0,0,1,2,0,32,11,20,0,3,7,6,10,23,2,2,7,11
2013,Trinity County,January,341,9,0,0,5,0,4,341,16,0,0,0,3,0,0,13,9,9,0,3,4,0,8,12,0,0,9,9
2013,Tulare County,January,4549,187,63,6,97,50,11,4647,408,24,14,1,31,17,6,393,256,158,39,54,17,67,128,212,7,77,211,295
2013,Tuolumne County,January,899,48,28,0,26,24,8,917,923,17,8,0,38,10,0,900,76,58,25,48,8,34,64,106,0,36,65,101
2013,Ventura County,January,3295,106,26,0,72,26,0,3329,9120,254,45,0,54,248,0,9117,132,98,299,302,0,274,126,400,0,71,360,431
2013,Yolo County,January,2620,24,9,0,1,20,0,2632,38,0,0,0,0,0,0,38,33,21,0,0,0,20,1,21,0,9,24,33
2013,Yuba County,January,671,16,11,13,10,13,8,680,109,4,3,2,0,2,2,114,40,31,9,4,10,15,10,35,15,14,20,49
2013,Alameda County,February,13105,191,94,0,164,95,82,13049,445,6,2,0,12,2,1,438,285,341,8,15,83,97,176,356,0,96,197,293
2013,Alpine County,February,24,0,0,0,0,0,0,24,15,1,0,0,0,2,0,14,0,0,1,2,0,2,0,2,0,0,1,1
2013,Amador County,February,309,9,6,47,5,9,0,357,1059,25,0,26,38,0,0,1072,62,14,51,38,0,9,43,52,73,6,34,113
2013,Butte County,February,1205,41,17,0,18,45,5,1195,237,11,0,0,7,8,0,233,58,68,11,15,5,53,25,83,0,17,52,69
2013,Calaveras County,February,313,5,5,1,4,1,1,318,127,3,0,0,5,1,0,124,11,6,3,6,1,2,9,12,1,5,8,14
2013,Colusa County,February,75,8,0,0,1,0,5,77,59,1,2,2,3,0,3,58,8,6,5,6,8,0,4,12,2,2,9,13
2013,Contra Costa County,February,3627,87,7,18,65,4,41,3629,0,0,0,0,0,0,0,0,112,110,0,0,41,4,65,110,18,7,87,112
2013,Del Norte County,February,135,5,2,0,6,7,0,129,58,2,2,0,3,2,1,56,7,13,4,6,1,9,9,19,0,4,7,11
2013,El Dorado County,February,1045,21,10,0,17,5,14,1040,124,9,3,0,8,6,0,122,31,36,12,14,14,11,25,50,0,13,30,43
2013,Fresno County,February,4625,217,161,15,77,237,7,4697,1835,59,45,3,40,47,0,1855,393,321,107,87,7,284,117,408,18,206,276,500
2013,Glenn County,February,453,17,2,0,0,0,1,471,219,5,0,0,0,0,0,224,19,1,5,0,1,0,0,1,0,2,22,24
2013,Humboldt County,February,1580,27,0,2,20,9,1,1579,24,0,0,0,0,0,0,24,29,30,0,0,1,9,20,30,2,0,27,29
2013,Imperial County,February,2093,39,14,0,15,7,0,2124,44,0,0,0,0,0,0,44,53,22,0,0,0,7,15,22,0,14,39,53
2013,Inyo County,February,107,3,3,0,7,6,1,99,283,8,10,0,8,28,2,263,6,14,18,38,3,34,15,52,0,13,11,24
2013,Kern County,February,7665,220,15,12,193,33,14,7672,0,0,0,0,0,0,0,0,247,240,0,0,14,33,193,240,12,15,220,247
2013,Kings County,February,1958,63,7,7,30,10,5,1990,1956,45,1,0,51,3,0,1948,77,45,46,54,5,13,81,99,7,8,108,123
2013,Lake County,February,588,26,14,0,28,16,0,584,0,0,0,0,0,0,0,0,40,44,0,0,0,16,28,44,0,14,26,40
2013,Lassen County,February,163,7,0,0,7,0,0,163,92,1,0,0,3,0,0,90,7,7,1,3,0,0,10,10,0,0,8,8
2013,Los Angeles County,February,57258,1407,313,0,723,563,57,57635,282,4,5,0,10,8,2,271,1720,1343,9,20,59,571,733,1363,0,318,1411,1729
2013,Madera County,February,3096,32,24,0,37,30,3,3082,534,3,3,0,9,8,0,523,56,70,6,17,3,38,46,87,0,27,35,62
2013,Marin County,February,1314,50,12,0,18,18,0,1340,903,20,5,0,18,16,0,894,62,36,25,34,0,34,36,70,0,17,70,87
2013,Mariposa County,February,116,1,3,0,4,3,0,113,232,7,4,0,6,6,0,231,4,7,11,12,0,9,10,19,0,7,8,15
2013,Mendocino County,February,750,19,10,0,14,12,0,753,109,1,2,0,2,1,0,109,29,26,3,3,0,13,16,29,0,12,20,32
2013,Merced County,February,2931,76,74,7,43,95,0,2950,0,0,0,0,0,0,0,0,157,138,0,0,0,95,43,138,7,74,76,157
2013,Modoc County,February,76,1,0,0,4,0,0,73,128,1,0,0,2,1,0,126,1,4,1,3,0,1,6,7,0,0,2,2
2013,Mono County,February,178,0,0,0,0,0,0,178,83,2,0,0,0,0,0,85,0,0,2,0,0,0,0,0,0,0,2,2
2013,Monterey County,February,3733,57,60,0,127,0,8,3715,1566,16,24,46,86,0,0,1566,117,135,86,86,8,0,213,221,46,84,73,203
2013,Napa County,February,889,36,8,0,13,12,29,879,1372,43,13,0,24,16,30,1358,44,54,56,70,59,28,37,124,0,21,79,100
2013,Nevada County,February,465,14,0,0,7,0,3,469,139,9,0,0,0,0,0,148,14,10,9,0,3,0,7,10,0,0,23,23
2013,Orange County,February,9283,889,364,0,430,545,108,9453,3140,46,2,0,24,12,0,3152,1253,1083,48,36,108,557,454,1119,0,366,935,1301
2013,Placer County,February,2287,49,0,0,46,18,15,2257,749,17,0,0,7,1,7,751,49,79,17,15,22,19,53,94,0,0,66,66
2013,Plumas County,February,196,8,16,0,2,15,5,198,149,5,6,0,2,6,1,151,24,22,11,9,6,21,4,31,0,22,13,35
2013,Riverside County,February,12176,333,314,190,412,444,0,12157,1132,40,41,0,44,46,179,944,837,856,81,269,179,490,456,1125,190,355,373,918
2013,Sacramento County,February,26283,467,284,41,76,301,38,26660,0,0,0,0,0,0,0,0,792,415,0,0,38,301,76,415,41,284,467,792
2013,San Benito County,February,388,9,2,4,5,0,10,388,152,3,0,7,0,1,7,154,15,15,10,8,17,1,5,23,11,2,12,25
2013,San Bernardino County,February,20816,507,273,2,746,373,0,20479,203,1,0,0,65,8,0,131,782,1119,1,73,0,381,811,1192,2,273,508,783
2013,San Diego County,February,12842,258,78,0,286,198,2,12692,667,22,0,0,10,14,0,665,336,486,22,24,2,212,296,510,0,78,280,358
2013,San Francisco County,February,4477,75,26,28,54,19,75,4458,1482,53,7,5,17,3,37,1490,129,148,65,57,112,22,71,205,33,33,128,194
2013,San Joaquin County,February,6275,80,126,22,37,75,7,6384,5531,73,143,0,47,67,5,5628,228,119,216,119,12,142,84,238,22,269,153,444
2013,San Luis Obispo County,February,1751,59,38,12,53,74,16,1717,773,29,14,2,50,25,6,737,109,143,45,81,22,99,103,224,14,52,88,154
2013,San Mateo County,February,4316,89,44,0,96,65,28,4260,1531,50,6,0,37,20,2,1528,133,189,56,59,30,85,133,248,0,50,139,189
2013,Santa Barbara County,February,2516,124,33,0,38,63,23,2549,1574,140,32,0,85,45,4,1612,157,124,172,134,27,108,123,258,0,65,264,329
2013,Santa Clara County,February,8571,500,251,239,272,247,780,8262,2324,232,131,220,168,112,301,2326,990,1299,583,581,1081,359,440,1880,459,382,732,1573
2013,Santa Cruz County,February,1381,44,42,27,31,32,0,1431,869,11,6,0,7,9,29,841,113,63,17,45,29,41,38,108,27,48,55,130
2013,Shasta County,February,1287,43,11,0,27,11,0,1303,97,0,0,0,1,0,0,96,54,38,0,1,0,11,28,39,0,11,43,54
2013,Sierra County,February,27,0,0,0,0,0,0,27,12,1,0,0,0,0,1,12,0,0,1,1,1,0,0,1,0,0,1,1
2013,Siskiyou County,February,483,9,13,1,10,19,4,473,10,0,0,0,0,0,0,10,23,33,0,0,4,19,10,33,1,13,9,23
2013,Solano County,February,2385,54,0,0,31,9,4,2395,821,14,0,0,9,0,1,825,54,44,14,10,5,9,40,54,0,0,68,68
2013,Sonoma County,February,2153,58,65,2,75,47,4,2152,562,22,18,0,23,20,13,546,125,126,40,56,17,67,98,182,2,83,80,165
2013,Stanislaus County,February,4167,82,199,22,36,231,29,4174,342,0,0,0,0,0,0,342,303,296,0,0,29,231,36,296,22,199,82,303
2013,Sutter County,February,764,25,5,0,0,9,3,782,10,1,0,0,0,4,0,7,30,12,1,4,3,13,0,16,0,5,26,31
2013,Tehama County,February,451,7,0,3,3,5,5,448,32,0,0,0,2,0,0,30,10,13,0,2,5,5,5,15,3,0,7,10
2013,Trinity County,February,341,6,0,1,4,0,2,342,13,0,0,0,1,0,0,12,7,6,0,1,2,0,5,7,1,0,6,7
2013,Tulare County,February,4647,134,57,6,105,49,13,4677,393,19,12,1,27,20,3,375,197,167,32,50,16,69,132,217,7,69,153,229
2013,Tuolumne County,February,917,52,26,0,28,32,8,927,900,39,15,0,34,19,1,900,78,68,54,54,9,51,62,122,0,41,91,132
2013,Ventura County,February,3329,99,44,0,53,0,0,3419,9117,177,34,0,39,405,0,8884,143,53,211,444,0,405,92,497,0,78,276,354
2013,Yolo County,February,2632,29,15,0,41,9,0,2626,38,0,0,0,0,0,0,38,44,50,0,0,0,9,41,50,0,15,29,44
2013,Yuba County,February,680,18,9,9,11,8,3,694,114,0,0,2,2,1,8,105,36,22,2,11,11,9,13,33,11,9,18,38
2013,Alameda County,March,13049,255,139,0,196,116,69,13062,438,7,1,0,9,2,5,430,394,381,8,16,74,118,205,397,0,140,262,402
2013,Alpine County,March,24,2,0,0,0,0,0,26,14,1,2,0,1,1,0,15,2,0,3,2,0,1,1,2,0,2,3,5
2013,Amador County,March,357,15,6,0,22,10,0,346,1072,32,0,0,28,0,5,1071,21,32,32,33,5,10,50,65,0,6,47,53
2013,Butte County,March,1201,49,30,0,20,53,6,1201,247,17,9,0,13,11,0,249,79,79,26,24,6,64,33,103,0,39,66,105
2013,Calaveras County,March,318,16,4,2,7,5,2,326,124,6,1,0,3,3,0,125,22,14,7,6,2,8,10,20,2,5,22,29
2013,Colusa County,March,77,7,0,1,2,0,6,77,58,8,0,2,5,0,3,60,8,8,10,8,9,0,7,16,3,0,15,18
2013,Contra Costa County,March,3629,117,11,19,100,5,41,3630,0,0,0,0,0,0,0,0,147,146,0,0,41,5,100,146,19,11,117,147
2013,Del Norte County,March,129,10,9,1,1,11,0,137,56,6,1,0,4,3,0,56,20,12,7,7,0,14,5,19,1,10,16,27
2013,El Dorado County,March,1008,25,16,0,24,16,9,1000,125,8,8,0,7,3,0,131,41,49,16,10,9,19,31,59,0,24,33,57
2013,Fresno County,March,4697,276,200,3,121,236,10,4809,1855,58,75,8,82,97,5,1812,479,367,141,184,15,333,203,551,11,275,334,620
2013,Glenn County,March,471,4,3,0,3,1,3,471,224,3,2,0,14,0,2,213,7,7,5,16,5,1,17,23,0,5,7,12
2013,Humboldt County,March,1579,40,0,5,24,4,0,1596,24,0,0,0,0,0,0,24,45,28,0,0,0,4,24,28,5,0,40,45
2013,Imperial County,March,2124,18,13,0,21,5,0,2129,44,0,0,0,0,0,0,44,31,26,0,0,0,5,21,26,0,13,18,31
2013,Inyo County,March,99,2,1,1,10,2,0,91,263,10,9,0,9,3,4,266,4,12,19,16,4,5,19,28,1,10,12,23
2013,Kern County,March,7672,247,22,16,210,36,20,7691,0,0,0,0,0,0,0,0,285,266,0,0,20,36,210,266,16,22,247,285
2013,Kings County,March,1990,47,4,11,52,31,51,1918,1948,74,7,0,31,2,32,1964,62,134,81,65,83,33,83,199,11,11,121,143
2013,Lake County,March,584,10,7,0,20,4,0,577,0,1,0,0,0,0,0,1,17,24,1,0,0,4,20,24,0,7,11,18
2013,Lassen County,March,163,7,0,0,4,0,0,166,90,0,0,0,3,1,1,85,7,4,0,5,1,1,7,9,0,0,7,7
2013,Los Angeles County,March,57171,1507,402,0,817,654,58,57551,278,4,1,0,5,1,3,274,1909,1529,5,9,61,655,822,1538,0,403,1511,1914
2013,Madera County,March,3082,34,36,0,31,64,0,3057,523,7,5,0,11,17,1,506,70,95,12,29,1,81,42,124,0,41,41,82
2013,Marin County,March,1340,44,11,0,17,7,0,1371,894,34,9,0,7,3,0,927,55,24,43,10,0,10,24,34,0,20,78,98
2013,Mariposa County,March,113,4,3,0,2,5,1,112,231,10,8,0,7,8,0,234,7,8,18,15,1,13,9,23,0,11,14,25
2013,Mendocino County,March,753,7,12,0,15,13,0,744,109,3,4,0,5,3,0,108,19,28,7,8,0,16,20,36,0,16,10,26
2013,Merced County,March,2950,70,112,0,61,147,3,2921,0,0,0,0,0,0,0,0,182,211,0,0,3,147,61,211,0,112,70,182
2013,Modoc County,March,73,1,0,0,4,0,0,70,126,2,0,0,1,1,0,126,1,4,2,2,0,1,5,6,0,0,3,3
2013,Mono County,March,178,2,0,0,3,0,0,177,85,0,0,0,3,0,0,82,2,3,0,3,0,0,6,6,0,0,2,2
2013,Monterey County,March,3715,101,43,0,137,2,8,3712,1566,16,0,46,96,17,0,1515,144,147,62,113,8,19,233,260,46,43,117,206
2013,Napa County,March,879,42,12,0,19,27,70,817,1358,51,14,0,29,18,138,1238,54,116,65,185,208,45,48,301,0,26,93,119
2013,Nevada County,March,469,18,1,0,2,0,16,470,148,10,0,0,4,0,6,148,19,18,10,10,22,0,6,28,0,1,28,29
2013,Orange County,March,9453,785,426,0,518,593,75,9478,3152,40,14,0,35,5,0,3166,1211,1186,54,40,75,598,553,1226,0,440,825,1265
2013,Placer County,March,2295,88,0,0,43,26,26,2288,753,27,0,0,5,6,14,755,88,95,27,25,40,32,48,120,0,0,115,115
2013,Plumas County,March,198,4,3,0,5,18,0,182,151,3,7,0,3,7,0,151,7,23,10,10,0,25,8,33,0,10,7,17
2013,Riverside County,March,12157,483,320,8,356,402,0,12210,944,50,46,0,27,53,5,955,811,758,96,85,5,455,383,843,8,366,533,907
2013,Sacramento County,March,26660,511,324,61,118,328,63,27047,0,0,0,0,0,0,0,0,896,509,0,0,63,328,118,509,61,324,511,896
2013,San Benito County,March,388,10,5,19,2,2,9,344,154,2,0,41,6,1,3,143,34,13,43,10,12,3,8,23,60,5,12,77
2013,San Bernardino County,March,20937,605,407,0,1027,437,0,20485,207,1,4,0,78,6,0,128,1012,1464,5,84,0,443,1105,1548,0,411,606,1017
2013,San Diego County,March,12745,275,70,0,309,228,2,12551,664,22,7,0,14,9,0,670,345,539,29,23,2,237,323,562,0,77,297,374
2013,San Francisco County,March,4458,77,56,21,94,34,109,4375,1490,41,4,5,18,4,19,1499,154,237,50,41,128,38,112,278,26,60,118,204
2013,San Joaquin County,March,6384,66,115,34,48,83,7,6461,5628,48,75,1,39,77,0,5636,215,138,124,116,7,160,87,254,35,190,114,339
2013,San Luis Obispo County,March,1717,56,67,11,31,93,15,1712,737,29,10,0,20,23,4,729,134,139,39,47,19,116,51,186,11,77,85,173
2013,San Mateo County,March,4260,92,63,0,100,38,29,4248,1528,49,11,0,49,17,5,1517,155,167,60,71,34,55,149,238,0,74,141,215
2013,Santa Barbara County,March,2540,105,60,0,40,77,10,2578,1618,132,50,0,88,60,3,1649,165,127,182,151,13,137,128,278,0,110,237,347
2013,Santa Clara County,March,8262,626,268,315,264,226,790,8191,2326,255,117,288,185,116,340,2345,1209,1280,660,641,1130,342,449,1921,603,385,881,1869
2013,Santa Cruz County,March,1431,53,42,18,34,30,0,1480,841,12,13,0,13,14,35,804,113,64,25,62,35,44,47,126,18,55,65,138
2013,Shasta County,March,1262,31,5,0,36,5,0,1257,12,1,0,0,1,0,0,12,36,41,1,1,0,5,37,42,0,5,32,37
2013,Sierra County,March,27,0,0,0,2,0,1,24,12,0,0,0,2,0,1,9,0,3,0,3,2,0,4,6,0,0,0,0
2013,Siskiyou County,March,473,7,12,0,10,5,8,469,10,0,0,0,0,0,0,10,19,23,0,0,8,5,10,23,0,12,7,19
2013,Solano County,March,2381,51,1,0,33,3,4,2393,837,15,0,0,10,1,4,837,52,40,15,15,8,4,43,55,0,1,66,67
2013,Sonoma County,March,2152,53,59,0,79,64,1,2120,552,33,25,3,17,23,11,562,112,144,61,51,12,87,96,195,3,84,86,173
2013,Stanislaus County,March,4174,160,193,20,17,192,23,4315,342,0,0,0,0,0,0,342,373,232,0,0,23,192,17,232,20,193,160,373
2013,Sutter County,March,782,27,10,0,4,20,12,783,7,1,2,0,2,3,0,5,37,36,3,5,12,23,6,41,0,12,28,40
2013,Tehama County,March,448,25,2,0,10,13,6,446,30,0,0,0,2,0,0,28,27,29,0,2,6,13,12,31,0,2,25,27
2013,Trinity County,March,342,6,0,1,3,2,4,340,12,2,0,0,0,0,0,14,7,9,2,0,4,2,3,9,1,0,8,9
2013,Tulare County,March,4677,144,43,14,103,81,22,4672,375,35,20,0,31,14,2,383,201,206,55,47,24,95,134,253,14,63,179,256
2013,Tuolumne County,March,927,39,26,0,21,25,8,938,900,20,20,0,21,19,1,899,65,54,40,41,9,44,42,95,0,46,59,105
2013,Ventura County,March,3419,150,31,0,71,48,0,3481,8884,223,42,0,57,424,0,8668,181,119,265,481,0,472,128,600,0,73,373,446
2013,Yolo County,March,2626,26,4,0,40,18,0,2598,38,0,0,0,0,0,0,38,30,58,0,0,0,18,40,58,0,4,26,30
2013,Yuba County,March,694,15,6,9,13,13,10,688,105,3,0,0,2,2,13,91,30,36,3,17,23,15,15,53,9,6,18,33
2013,Alameda County,April,13062,271,115,0,202,115,98,13033,430,6,1,0,3,1,5,428,386,415,7,9,103,116,205,424,0,116,277,393
2013,Alpine County,April,26,1,0,0,0,1,2,24,15,1,1,0,1,4,1,11,1,3,2,6,3,5,1,9,0,1,2,3
2013,Amador County,April,346,9,4,9,15,10,0,343,1071,28,0,41,19,0,0,1121,22,25,69,19,0,10,34,44,50,4,37,91
2013,Butte County,April,1200,50,36,0,19,46,3,1218,248,14,4,0,11,11,1,243,86,68,18,23,4,57,30,91,0,40,64,104
2013,Calaveras County,April,326,14,2,2,5,5,4,330,125,4,1,1,4,1,0,126,18,14,6,5,4,6,9,19,3,3,18,24
2013,Colusa County,April,77,10,3,0,4,3,0,83,60,6,1,0,5,4,0,58,13,7,7,9,0,7,9,16,0,4,16,20
2013,Contra Costa County,April,3630,78,12,19,88,5,52,3594,0,0,0,0,0,0,0,0,109,145,0,0,52,5,88,145,19,12,78,109
2013,Del Norte County,April,137,2,9,1,4,5,0,140,56,6,2,0,4,1,1,58,12,9,8,6,1,6,8,15,1,11,8,20
2013,El Dorado County,April,1002,25,16,0,22,16,10,995,122,5,2,0,1,4,0,124,41,48,7,5,10,20,23,53,0,18,30,48
2013,Fresno County,April,4809,213,173,24,99,218,11,4891,1812,63,57,9,38,61,0,1842,410,328,129,99,11,279,137,427,33,230,276,539
2013,Glenn County,April,471,14,5,0,4,0,4,482,213,2,0,0,2,0,1,212,19,8,2,3,5,0,6,11,0,5,16,21
2013,Humboldt County,April,1596,32,0,3,56,4,13,1558,24,0,0,0,0,0,0,24,35,73,0,0,13,4,56,73,3,0,32,35
2013,Imperial County,April,2129,44,13,0,31,9,0,2146,44,3,0,0,0,0,0,47,57,40,3,0,0,9,31,40,0,13,47,60
2013,Inyo County,April,91,2,2,0,5,1,5,84,266,10,13,0,8,12,0,269,4,11,23,20,5,13,13,31,0,15,12,27
2013,Kern County,April,7691,281,20,14,327,49,27,7603,0,0,0,0,0,0,0,0,315,403,0,0,27,49,327,403,14,20,281,315
2013,Kings County,April,1918,85,12,14,35,16,20,1958,1964,65,8,2,28,13,13,1985,111,71,75,54,33,29,63,125,16,20,150,186
2013,Lake County,April,577,21,6,0,11,9,0,584,1,0,0,0,0,0,0,1,27,20,0,0,0,9,11,20,0,6,21,27
2013,Lassen County,April,166,11,0,0,14,0,0,163,85,2,0,0,3,0,0,84,11,14,2,3,0,0,17,17,0,0,13,13
2013,Los Angeles County,April,56982,1451,385,0,782,680,59,57297,271,0,4,0,7,4,0,264,1836,1521,4,11,59,684,789,1532,0,389,1451,1840
2013,Madera County,April,3057,40,29,0,30,67,5,3024,506,16,4,0,19,12,3,492,69,102,20,34,8,79,49,136,0,33,56,89
2013,Marin County,April,1371,47,10,0,33,32,0,1363,927,20,5,0,12,15,0,925,57,65,25,27,0,47,45,92,0,15,67,82
2013,Mariposa County,April,112,11,4,0,7,3,0,117,234,6,7,0,12,9,0,226,15,10,13,21,0,12,19,31,0,11,17,28
2013,Mendocino County,April,744,10,15,0,19,9,0,741,108,4,2,0,6,3,0,105,25,28,6,9,0,12,25,37,0,17,14,31
2013,Merced County,April,2921,76,106,2,36,123,1,2945,0,0,0,0,0,0,0,0,184,160,0,0,1,123,36,160,2,106,76,184
2013,Modoc County,April,70,1,0,0,1,0,0,70,126,0,0,0,2,0,0,124,1,1,0,2,0,0,3,3,0,0,1,1
2013,Mono County,April,177,12,0,0,0,0,3,186,82,4,0,0,0,0,18,68,12,3,4,18,21,0,0,21,0,0,16,16
2013,Monterey County,April,3712,63,43,41,149,0,0,3710,1515,9,75,46,130,0,0,1515,147,149,130,130,0,0,279,279,87,118,72,277
2013,Napa County,April,817,32,22,0,18,24,14,815,1238,48,20,0,27,14,19,1246,54,56,68,60,33,38,45,116,0,42,80,122
2013,Nevada County,April,470,29,0,0,19,0,20,460,148,12,0,0,1,0,6,153,29,39,12,7,26,0,20,46,0,0,41,41
2013,Orange County,April,9478,840,361,0,483,515,40,9641,3166,65,7,0,20,7,2,3209,1201,1038,72,29,42,522,503,1067,0,368,905,1273
2013,Placer County,April,2276,73,1,0,57,32,37,2224,764,32,0,0,20,5,16,755,74,126,32,41,53,37,77,167,0,1,105,106
2013,Plumas County,April,120,14,5,0,8,5,1,125,89,10,8,0,1,6,1,99,19,14,18,8,2,11,9,22,0,13,24,37
2013,Riverside County,April,12210,441,326,1,374,403,0,12201,955,55,48,0,44,45,5,964,768,777,103,94,5,448,418,871,1,374,496,871
2013,Sacramento County,April,27047,546,346,55,119,335,52,27488,0,0,0,0,0,0,0,0,947,506,0,0,52,335,119,506,55,346,546,947
2013,San Benito County,April,344,14,2,4,6,2,14,342,143,5,1,7,5,1,6,144,20,22,13,12,20,3,11,34,11,3,19,33
2013,San Bernardino County,April,20917,514,391,0,882,413,0,20527,202,4,0,0,80,7,0,119,905,1295,4,87,0,420,962,1382,0,391,518,909
2013,San Diego County,April,12604,461,123,0,287,257,3,12641,674,32,4,0,12,16,0,682,584,547,36,28,3,273,299,575,0,127,493,620
2013,San Francisco County,April,4375,72,56,44,59,22,121,4345,1499,66,10,8,13,4,32,1534,172,202,84,49,153,26,72,251,52,66,138,256
2013,San Joaquin County,April,6461,79,89,21,76,65,7,6502,5636,73,121,0,37,69,2,5722,189,148,194,108,9,134,113,256,21,210,152,383
2013,San Luis Obispo County,April,1712,52,43,14,31,89,12,1689,729,44,9,0,18,24,6,734,109,132,53,48,18,113,49,180,14,52,96,162
2013,San Mateo County,April,4248,91,62,0,85,71,18,4227,1517,59,11,0,33,25,5,1524,153,174,70,63,23,96,118,237,0,73,150,223
2013,Santa Barbara County,April,2558,118,76,0,51,73,16,2612,1656,154,60,0,102,60,10,1698,194,140,214,172,26,133,153,312,0,136,272,408
2013,Santa Clara County,April,8191,602,281,541,346,248,603,8418,2345,209,178,320,295,112,301,2344,1424,1197,707,708,904,360,641,1905,861,459,811,2131
2013,Santa Cruz County,April,1480,39,38,20,30,34,0,1513,804,18,13,0,11,10,21,793,97,64,31,42,21,44,41,106,20,51,57,128
2013,Shasta County,April,1257,41,5,0,44,5,0,1254,12,0,0,0,0,0,0,12,46,49,0,0,0,5,44,49,0,5,41,46
2013,Sierra County,April,24,0,0,0,1,0,0,23,9,0,0,0,0,0,0,9,0,1,0,0,0,0,1,1,0,0,0,0
2013,Siskiyou County,April,469,17,17,2,5,10,3,487,10,0,0,0,0,0,0,10,36,18,0,0,3,10,5,18,2,17,17,36
2013,Solano County,April,2378,72,1,0,35,1,8,2407,831,14,0,0,13,1,5,826,73,44,14,19,13,2,48,63,0,1,86,87
2013,Sonoma County,April,2120,61,57,6,85,53,4,2102,562,26,18,2,15,19,19,555,124,142,46,53,23,72,100,195,8,75,87,170
2013,Stanislaus County,April,4315,162,142,3,29,150,17,4426,342,0,0,0,0,0,0,342,307,196,0,0,17,150,29,196,3,142,162,307
2013,Sutter County,April,783,39,9,2,4,25,7,797,5,2,0,0,2,1,2,2,50,36,2,5,9,26,6,41,2,9,41,52
2013,Tehama County,April,446,43,1,5,4,6,19,466,28,0,0,0,0,0,0,28,49,29,0,0,19,6,4,29,5,1,43,49
2013,Trinity County,April,340,7,0,0,4,1,2,340,14,1,0,0,0,0,0,15,7,7,1,0,2,1,4,7,0,0,8,8
2013,Tulare County,April,4672,112,54,17,127,69,9,4650,383,21,18,0,24,34,0,364,183,205,39,58,9,103,151,263,17,72,133,222
2013,Tuolumne County,April,938,61,40,0,27,51,15,946,899,23,11,0,28,13,0,892,101,93,34,41,15,64,55,134,0,51,84,135
2013,Ventura County,April,3663,111,23,0,67,23,0,3707,8979,214,47,0,53,240,0,8947,134,90,261,293,0,263,120,383,0,70,325,395
2013,Yolo County,April,2598,16,1,0,3,9,0,2603,38,0,0,0,0,0,0,38,17,12,0,0,0,9,3,12,0,1,16,17
2013,Yuba County,April,688,28,7,12,16,25,13,681,91,1,2,6,2,0,4,94,47,54,9,6,17,25,18,60,18,9,29,56
2013,Alameda County,May,13033,289,138,0,174,123,106,13057,428,7,2,0,7,2,4,424,427,403,9,13,110,125,181,416,0,140,296,436
2013,Alpine County,May,24,0,0,0,0,1,0,23,11,2,1,0,0,0,0,14,0,1,3,0,0,1,0,1,0,1,2,3
2013,Amador County,May,343,11,6,9,12,16,0,341,1121,18,0,0,30,0,57,1052,26,28,18,87,57,16,42,115,9,6,29,44
2013,Butte County,May,1231,47,27,0,31,54,10,1210,247,18,9,0,14,14,3,243,74,95,27,31,13,68,45,126,0,36,65,101
2013,Calaveras County,May,330,16,1,0,10,2,1,334,126,14,1,0,3,2,0,136,17,13,15,5,1,4,13,18,0,2,30,32
2013,Colusa County,May,83,3,1,0,3,5,3,76,58,3,1,0,1,7,1,53,4,11,4,9,4,12,4,20,0,2,6,8
2013,Contra Costa County,May,3594,140,7,21,97,4,41,3620,0,0,0,0,0,0,0,0,168,142,0,0,41,4,97,142,21,7,140,168
2013,Del Norte County,May,140,8,10,0,6,11,0,141,58,5,3,0,0,2,0,64,18,17,8,2,0,13,6,19,0,13,13,26
2013,El Dorado County,May,986,33,13,0,27,15,11,979,110,14,1,0,6,4,1,114,46,53,15,11,12,19,33,64,0,14,47,61
2013,Fresno County,May,4891,240,178,18,76,315,19,4917,1842,52,49,8,32,69,1,1849,436,410,109,102,20,384,108,512,26,227,292,545
2013,Glenn County,May,482,4,5,0,0,1,3,487,212,2,0,0,0,0,0,214,9,4,2,0,3,1,0,4,0,5,6,11
2013,Humboldt County,May,1558,35,0,5,29,3,8,1558,24,0,0,1,0,0,0,25,40,40,1,0,8,3,29,40,6,0,35,41
2013,Imperial County,May,2146,53,16,0,62,2,0,2151,47,1,0,0,0,0,0,48,69,64,1,0,0,2,62,64,0,16,54,70
2013,Inyo County,May,84,2,2,1,9,4,1,75,269,6,6,0,14,12,3,252,5,14,12,29,4,16,23,43,1,8,8,17
2013,Kern County,May,7603,265,22,13,198,32,15,7658,0,0,0,0,0,0,0,0,300,245,0,0,15,32,198,245,13,22,265,300
2013,Kings County,May,1958,79,10,8,34,47,71,1903,1985,63,5,2,27,25,10,1993,97,152,70,62,81,72,61,214,10,15,142,167
2013,Lake County,May,584,6,15,0,5,4,0,596,1,0,0,0,0,0,0,1,21,9,0,0,0,4,5,9,0,15,6,21
2013,Lassen County,May,283,12,0,0,4,1,1,289,158,4,0,0,4,1,1,156,12,6,4,6,2,2,8,12,0,0,16,16
2013,Los Angeles County,May,56850,1499,388,0,798,787,60,57092,259,2,1,0,8,0,1,253,1887,1645,3,9,61,787,806,1654,0,389,1501,1890
2013,Madera County,May,3024,34,27,0,28,26,5,3026,492,6,4,0,10,5,0,487,61,59,10,15,5,31,38,74,0,31,40,71
2013,Marin County,May,1363,20,5,0,17,14,0,1357,925,21,5,0,15,10,0,926,25,31,26,25,0,24,32,56,0,10,41,51
2013,Mariposa County,May,117,8,3,0,3,2,0,123,226,3,3,0,7,4,0,221,11,5,6,11,0,6,10,16,0,6,11,17
2013,Mendocino County,May,741,17,6,0,21,18,0,725,105,3,2,0,4,1,0,105,23,39,5,5,0,19,25,44,0,8,20,28
2013,Merced County,May,2945,65,88,3,39,163,1,2898,0,0,0,0,0,0,0,0,156,203,0,0,1,163,39,203,3,88,65,156
2013,Modoc County,May,70,0,0,0,2,1,0,67,124,0,0,0,1,0,0,123,0,3,0,1,0,1,3,4,0,0,0,0
2013,Mono County,May,186,7,1,1,4,4,14,173,68,5,0,0,1,1,9,62,9,22,5,11,23,5,5,33,1,1,12,14
2013,Monterey County,May,3710,57,43,30,121,0,0,3719,1515,15,75,3,93,0,0,1515,130,121,93,93,0,0,214,214,33,118,72,223
2013,Napa County,May,815,33,16,0,25,15,7,817,1246,58,14,0,49,12,34,1223,49,47,72,95,41,27,74,142,0,30,91,121
2013,Nevada County,May,460,15,0,0,5,0,12,458,153,7,0,0,1,0,4,155,15,17,7,5,16,0,6,22,0,0,22,22
2013,Orange County,May,9641,816,508,0,515,539,51,9860,3209,45,12,0,30,18,0,3218,1324,1105,57,48,51,557,545,1153,0,520,861,1381
2013,Placer County,May,2252,80,0,0,34,21,29,2248,746,18,0,0,10,1,12,741,80,84,18,23,41,22,44,107,0,0,98,98
2013,Plumas County,May,125,4,2,0,2,5,0,124,99,7,6,0,6,8,1,97,6,7,13,15,1,13,8,22,0,8,11,19
2013,Riverside County,May,12201,483,294,3,474,419,0,12088,964,60,42,0,43,55,3,965,780,893,102,101,3,474,517,994,3,336,543,882
2013,Sacramento County,May,27488,586,320,90,95,411,67,27911,0,0,0,0,0,0,0,0,996,573,0,0,67,411,95,573,90,320,586,996
2013,San Benito County,May,342,4,4,2,7,1,5,339,144,8,1,6,1,2,7,149,10,13,15,10,12,3,8,23,8,5,12,25
2013,San Bernardino County,May,22286,696,381,1,745,421,0,22198,211,2,0,1,75,7,0,132,1078,1166,3,82,0,428,820,1248,2,381,698,1081
2013,San Diego County,May,12635,321,126,0,323,208,3,12548,682,20,3,0,13,10,0,682,447,534,23,23,3,218,336,557,0,129,341,470
2013,San Francisco County,May,4345,99,63,36,62,25,104,4352,1534,43,9,7,11,3,50,1529,198,191,59,64,154,28,73,255,43,72,142,257
2013,San Joaquin County,May,6502,100,155,23,143,117,12,6508,5722,84,122,1,80,109,1,5739,278,272,207,190,13,226,223,462,24,277,184,485
2013,San Luis Obispo County,May,1689,76,59,12,32,109,15,1680,734,38,11,0,34,31,3,715,147,156,49,68,18,140,66,224,12,70,114,196
2013,San Mateo County,May,4227,75,39,0,113,56,33,4139,1524,45,16,0,35,29,3,1518,114,202,61,67,36,85,148,269,0,55,120,175
2013,Santa Barbara County,May,2582,130,54,0,55,60,12,2639,1648,155,48,0,121,63,4,1663,184,127,203,188,16,123,176,315,0,102,285,387
2013,Santa Clara County,May,8418,608,350,325,518,256,718,8209,2344,221,142,236,227,132,307,2277,1283,1492,599,666,1025,388,745,2158,561,492,829,1882
2013,Santa Cruz County,May,1513,56,41,0,22,44,2,1542,793,9,4,0,14,19,5,768,97,68,13,38,7,63,36,106,0,45,65,110
2013,Shasta County,May,1254,48,6,0,38,6,0,1264,12,0,0,0,3,0,0,9,54,44,0,3,0,6,41,47,0,6,48,54
2013,Sierra County,May,23,1,0,2,1,0,0,25,9,0,0,0,0,0,0,9,3,1,0,0,0,0,1,1,2,0,1,3
2013,Siskiyou County,May,487,11,16,0,4,13,3,494,10,0,0,0,0,0,0,10,27,20,0,0,3,13,4,20,0,16,11,27
2013,Solano County,May,2397,35,1,0,27,7,8,2391,826,0,0,0,0,0,0,826,36,42,0,0,8,7,27,42,0,1,35,36
2013,Sonoma County,May,2102,73,68,0,85,62,6,2090,555,28,17,0,14,26,15,545,141,153,45,55,21,88,99,208,0,85,101,186
2013,Stanislaus County,May,4426,124,118,18,24,208,13,4441,342,0,0,0,1,4,0,337,260,245,0,5,13,212,25,250,18,118,124,260
2013,Sutter County,May,797,24,9,3,0,27,18,788,2,5,0,0,1,2,0,4,36,45,5,3,18,29,1,48,3,9,29,41
2013,Tehama County,May,466,77,1,1,7,2,6,530,28,0,0,0,0,0,0,28,79,15,0,0,6,2,7,15,1,1,77,79
2013,Trinity County,May,340,8,0,0,1,0,4,343,15,0,0,0,0,0,1,14,8,5,0,1,5,0,1,6,0,0,8,8
2013,Tulare County,May,4650,148,58,5,113,51,16,4681,364,15,51,0,30,25,5,370,211,180,66,60,21,76,143,240,5,109,163,277
2013,Tuolumne County,May,946,62,28,0,19,25,9,983,892,34,19,0,26,13,0,906,90,53,53,39,9,38,45,92,0,47,96,143
2013,Ventura County,May,3606,119,23,0,53,74,0,3621,8780,222,48,0,35,229,0,8786,142,127,270,264,0,303,88,391,0,71,341,412
2013,Yolo County,May,2603,30,23,0,48,9,0,2599,38,0,0,0,0,0,0,38,53,57,0,0,0,9,48,57,0,23,30,53
2013,Yuba County,May,681,22,8,9,10,8,14,688,94,1,0,0,2,1,4,88,39,32,1,7,18,9,12,39,9,8,23,40
2013,Alameda County,June,13057,266,123,0,164,113,131,13038,424,6,3,7,4,0,2,434,389,408,16,6,133,113,168,414,7,126,272,405
2013,Alpine County,June,23,0,0,0,0,0,1,22,14,1,1,0,0,0,0,16,0,1,2,0,1,0,0,1,0,1,1,2
2013,Amador County,June,341,5,5,1,10,10,0,332,1052,39,0,0,35,0,1,1055,11,20,39,36,1,10,45,56,1,5,44,50
2013,Butte County,June,1281,74,21,0,43,41,9,1283,249,22,7,0,17,14,3,244,95,93,29,34,12,55,60,127,0,28,96,124
2013,Calaveras County,June,334,10,0,0,4,2,0,338,136,4,0,0,4,2,0,134,10,6,4,6,0,4,8,12,0,0,14,14
2013,Colusa County,June,76,3,1,0,0,4,1,75,53,5,2,0,0,2,1,57,4,5,7,3,2,6,0,8,0,3,8,11
2013,Contra Costa County,June,3620,106,9,18,90,5,58,3600,0,0,0,0,0,0,0,0,133,153,0,0,58,5,90,153,18,9,106,133
2013,Del Norte County,June,141,3,4,0,2,10,1,135,64,0,0,0,2,1,1,60,7,13,0,4,2,11,4,17,0,4,3,7
2013,El Dorado County,June,996,12,7,0,17,7,9,982,116,5,2,0,1,5,0,117,19,33,7,6,9,12,18,39,0,9,17,26
2013,Fresno County,June,4917,254,180,39,85,248,11,5046,1849,50,47,4,23,55,1,1871,473,344,101,79,12,303,108,423,43,227,304,574
2013,Glenn County,June,487,7,3,0,8,0,3,486,214,1,0,0,1,0,0,214,10,11,1,1,3,0,9,12,0,3,8,11
2013,Humboldt County,June,1558,20,0,2,55,5,9,1511,25,0,0,1,0,0,1,25,22,69,1,1,10,5,55,70,3,0,20,23
2013,Imperial County,June,2151,39,17,0,18,3,0,2186,48,1,0,0,0,0,0,49,56,21,1,0,0,3,18,21,0,17,40,57
2013,Inyo County,June,75,5,2,0,8,1,1,72,252,5,8,0,18,9,4,234,7,10,13,31,5,10,26,41,0,10,10,20
2013,Kern County,June,7658,256,32,20,172,24,13,7757,0,0,0,0,0,0,0,0,308,209,0,0,13,24,172,209,20,32,256,308
2013,Kings County,June,1903,55,9,22,29,17,20,1923,1993,43,0,12,28,24,14,1982,86,66,55,66,34,41,57,132,34,9,98,141
2013,Lake County,June,596,10,1,0,15,0,0,592,1,0,0,0,0,0,0,1,11,15,0,0,0,0,15,15,0,1,10,11
2013,Lassen County,June,290,10,0,0,11,6,6,277,157,5,0,0,3,1,1,157,10,23,5,5,7,7,14,28,0,0,15,15
2013,Los Angeles County,June,56691,1413,361,0,744,655,58,57008,256,3,0,0,3,3,0,253,1774,1457,3,6,58,658,747,1463,0,361,1416,1777
2013,Madera County,June,3026,45,25,0,18,69,3,3006,487,10,4,0,6,11,0,484,70,90,14,17,3,80,24,107,0,29,55,84
2013,Marin County,June,1357,24,6,0,19,5,0,1363,926,23,6,0,9,18,0,928,30,24,29,27,0,23,28,51,0,12,47,59
2013,Mariposa County,June,120,5,3,0,5,3,1,119,221,12,8,0,4,11,0,226,8,9,20,15,1,14,9,24,0,11,17,28
2013,Mendocino County,June,725,8,15,0,14,1,0,733,105,6,2,0,2,0,0,111,23,15,8,2,0,1,16,17,0,17,14,31
2013,Merced County,June,2898,71,85,4,40,102,0,2916,0,0,0,0,0,0,0,0,160,142,0,0,0,102,40,142,4,85,71,160
2013,Modoc County,June,77,6,0,0,1,1,0,81,28,2,0,0,1,0,0,29,6,2,2,1,0,1,2,3,0,0,8,8
2013,Mono County,June,173,2,1,16,2,1,5,184,62,3,2,9,2,1,3,70,19,8,14,6,8,2,4,14,25,3,5,33
2013,Monterey County,June,3719,62,0,30,127,0,0,3684,1515,16,27,45,103,0,0,1500,92,127,88,103,0,0,230,230,75,27,78,180
2013,Napa County,June,817,37,15,0,20,17,22,810,1223,53,17,0,38,18,26,1211,52,59,70,82,48,35,58,141,0,32,90,122
2013,Nevada County,June,458,22,0,0,2,0,14,464,155,13,0,0,2,0,11,155,22,16,13,13,25,0,4,29,0,0,35,35
2013,Orange County,June,9860,858,474,0,573,579,89,9951,3218,40,16,0,20,11,0,3243,1332,1241,56,31,89,590,593,1272,0,490,898,1388
2013,Placer County,June,2273,87,0,0,46,17,16,2281,739,22,0,0,9,5,2,745,87,79,22,16,18,22,55,95,0,0,109,109
2013,Plumas County,June,124,3,4,0,4,5,1,121,97,9,6,0,3,6,0,103,7,10,15,9,1,11,7,19,0,10,12,22
2013,Riverside County,June,12088,410,301,32,330,369,0,12132,965,59,34,0,24,55,3,976,743,699,93,82,3,424,354,781,32,335,469,836
2013,Sacramento County,June,27911,496,320,106,89,359,74,28311,0,0,0,0,0,0,0,0,922,522,0,0,74,359,89,522,106,320,496,922
2013,San Benito County,June,339,8,1,3,6,1,8,336,149,5,0,2,4,1,5,146,12,15,7,10,13,2,10,25,5,1,13,19
2013,San Bernardino County,June,22694,673,308,1,815,394,0,22467,208,1,2,0,65,5,0,141,982,1209,3,70,0,399,880,1279,1,310,674,985
2013,San Diego County,June,12621,282,75,0,303,219,2,12454,678,19,4,0,19,10,0,672,357,524,23,29,2,229,322,553,0,79,301,380
2013,San Francisco County,June,4352,64,54,33,52,28,142,4281,1529,43,8,5,6,5,22,1552,151,222,56,33,164,33,58,255,38,62,107,207
2013,San Joaquin County,June,6508,87,110,27,50,94,12,6576,5739,70,107,0,36,88,7,5785,224,156,177,131,19,182,86,287,27,217,157,401
2013,San Luis Obispo County,June,1680,57,46,15,31,84,14,1669,715,31,22,0,30,20,1,717,118,129,53,51,15,104,61,180,15,68,88,171
2013,San Mateo County,June,4139,93,45,0,85,55,15,4122,1518,56,11,0,30,17,3,1535,138,155,67,50,18,72,115,205,0,56,149,205
2013,Santa Barbara County,June,2598,116,70,0,42,84,8,2650,1655,117,50,0,90,82,1,1649,186,134,167,173,9,166,132,307,0,120,233,353
2013,Santa Clara County,June,8209,743,368,293,418,263,865,8067,2277,249,194,171,232,94,292,2273,1404,1546,614,618,1157,357,650,2164,464,562,992,2018
2013,Santa Cruz County,June,1542,53,51,9,26,39,0,1590,768,14,9,0,7,4,35,745,113,65,23,46,35,43,33,111,9,60,67,136
2013,Shasta County,June,1264,33,10,0,28,10,0,1269,9,0,0,0,1,0,0,8,43,38,0,1,0,10,29,39,0,10,33,43
2013,Sierra County,June,25,5,0,1,0,0,0,31,9,1,0,0,0,0,0,10,6,0,1,0,0,0,0,0,1,0,6,7
2013,Siskiyou County,June,494,12,10,1,15,17,2,483,10,0,0,0,0,0,0,10,23,34,0,0,2,17,15,34,1,10,12,23
2013,Solano County,June,2371,78,1,0,42,3,7,2398,829,14,0,0,13,0,4,826,79,52,14,17,11,3,55,69,0,1,92,93
2013,Sonoma County,June,2090,57,51,0,76,55,8,2059,545,31,15,2,11,24,19,539,108,139,48,54,27,79,87,193,2,66,88,156
2013,Stanislaus County,June,4441,158,101,7,38,216,28,4425,337,1,0,1,0,0,0,339,266,282,2,0,28,216,38,282,8,101,159,268
2013,Sutter County,June,788,34,10,2,6,20,12,796,4,4,0,1,3,2,0,4,46,38,5,5,12,22,9,43,3,10,38,51
2013,Tehama County,June,530,32,2,2,2,1,0,563,28,0,0,0,0,0,0,28,36,3,0,0,0,1,2,3,2,2,32,36
2013,Trinity County,June,343,2,0,0,7,2,3,333,14,1,0,0,0,0,0,15,2,12,1,0,3,2,7,12,0,0,3,3
2013,Tulare County,June,4681,144,55,12,100,65,18,4709,370,18,52,0,21,18,4,397,211,183,70,43,22,83,121,226,12,107,162,281
2013,Tuolumne County,June,983,21,18,0,6,27,4,985,906,19,6,0,38,6,0,887,39,37,25,44,4,33,44,81,0,24,40,64
2013,Ventura County,June,3549,127,34,0,70,0,0,3640,8590,208,38,0,45,188,0,8603,161,70,246,233,0,188,115,303,0,72,335,407
2013,Yolo County,June,2599,24,16,0,26,9,0,2604,38,0,0,0,0,0,0,38,40,35,0,0,0,9,26,35,0,16,24,40
2013,Yuba County,June,688,19,11,4,11,1,8,702,88,3,1,1,9,2,4,78,34,20,5,15,12,3,20,35,5,12,22,39
2013,Alameda County,July,13038,254,109,0,187,118,81,13015,434,5,0,1,4,0,3,433,363,386,6,7,84,118,191,393,1,109,259,369
2013,Alpine County,July,22,2,1,0,1,1,0,23,16,2,0,0,0,2,0,16,3,2,2,2,0,3,1,4,0,1,4,5
2013,Amador County,July,332,12,8,6,18,9,0,331,1055,15,0,0,23,0,5,1042,26,27,15,28,5,9,41,55,6,8,27,41
2013,Butte County,July,1275,57,25,0,13,73,11,1260,242,16,3,0,7,15,2,237,82,97,19,24,13,88,20,121,0,28,73,101
2013,Calaveras County,July,342,17,1,1,12,6,3,340,138,8,3,0,9,7,1,132,19,21,11,17,4,13,21,38,1,4,25,30
2013,Colusa County,July,75,5,3,0,1,2,0,80,57,6,1,0,4,7,0,53,8,3,7,11,0,9,5,14,0,4,11,15
2013,Contra Costa County,July,3600,132,12,25,99,8,38,3624,0,0,0,0,0,0,0,0,169,145,0,0,38,8,99,145,25,12,132,169
2013,Del Norte County,July,135,2,7,0,3,7,0,134,60,3,3,0,0,4,0,62,9,10,6,4,0,11,3,14,0,10,5,15
2013,El Dorado County,July,979,25,15,0,19,17,17,966,116,7,4,0,6,3,2,116,40,53,11,11,19,20,25,64,0,19,32,51
2013,Fresno County,July,5046,306,209,37,99,346,12,5141,1871,55,38,3,11,55,0,1901,552,457,96,66,12,401,110,523,40,247,361,648
2013,Glenn County,July,486,2,5,0,3,2,2,486,214,7,0,0,3,0,1,217,7,7,7,4,3,2,6,11,0,5,9,14
2013,Humboldt County,July,1511,35,0,7,16,3,8,1526,25,0,0,1,0,0,0,26,42,27,1,0,8,3,16,27,8,0,35,43
2013,Imperial County,July,2186,33,10,0,38,1,0,2190,49,0,0,0,0,0,0,49,43,39,0,0,0,1,38,39,0,10,33,43
2013,Inyo County,July,72,4,1,0,9,2,2,64,234,7,5,0,10,9,1,226,5,13,12,20,3,11,19,33,0,6,11,17
2013,Kern County,July,7757,240,28,16,251,32,18,7740,0,0,0,0,0,0,0,0,284,301,0,0,18,32,251,301,16,28,240,284
2013,Kings County,July,1923,62,7,23,31,24,12,1948,1982,53,6,2,48,37,3,1955,92,67,61,88,15,61,79,155,25,13,115,153
2013,Lake County,July,683,35,0,0,2,1,7,708,165,0,0,0,0,0,2,163,35,10,0,2,9,1,2,12,0,0,35,35
2013,Lassen County,July,283,9,0,0,12,2,2,276,158,7,0,0,2,0,0,163,9,16,7,2,2,2,14,18,0,0,16,16
2013,Los Angeles County,July,56349,1499,387,0,794,756,53,56632,257,6,3,0,4,4,0,258,1886,1603,9,8,53,760,798,1611,0,390,1505,1895
2013,Madera County,July,3006,42,27,0,35,46,4,2990,484,9,2,0,16,16,0,463,69,85,11,32,4,62,51,117,0,29,51,80
2013,Marin County,July,1363,40,10,0,17,21,0,1375,928,22,5,0,12,11,0,932,50,38,27,23,0,32,29,61,0,15,62,77
2013,Mariposa County,July,119,7,2,0,4,2,0,122,226,10,10,0,6,9,0,231,9,6,20,15,0,11,10,21,0,12,17,29
2013,Mendocino County,July,733,20,25,0,16,23,0,739,111,8,4,0,4,4,0,115,45,39,12,8,0,27,20,47,0,29,28,57
2013,Merced County,July,2916,74,85,0,70,114,0,2891,0,0,0,0,0,0,0,0,159,184,0,0,0,114,70,184,0,85,74,159
2013,Modoc County,July,81,2,0,0,1,0,1,81,29,1,0,0,0,0,0,30,2,2,1,0,1,0,1,2,0,0,3,3
2013,Mono County,July,184,6,3,3,3,4,1,188,70,6,2,0,3,2,1,72,12,8,8,6,2,6,6,14,3,5,12,20
2013,Monterey County,July,3684,72,0,59,130,0,0,3685,1500,10,27,28,86,0,0,1479,131,130,65,86,0,0,216,216,87,27,82,196
2013,Napa County,July,810,30,22,0,23,17,12,810,1211,33,21,29,65,12,6,1211,52,52,83,83,18,29,88,135,29,43,63,135
2013,Nevada County,July,464,15,0,0,4,0,34,441,155,1,0,0,3,0,11,142,15,38,1,14,45,0,7,52,0,0,16,16
2013,Orange County,July,9951,1043,384,0,474,554,85,10265,3243,57,2,0,10,22,0,3270,1427,1113,59,32,85,576,484,1145,0,386,1100,1486
2013,Placer County,July,2298,101,0,0,41,18,18,2322,741,13,1,0,8,3,6,738,101,77,14,17,24,21,49,94,0,1,114,115
2013,Plumas County,July,121,9,1,0,5,3,0,123,103,7,1,0,4,3,0,104,10,8,8,7,0,6,9,15,0,2,16,18
2013,Riverside County,July,12132,429,267,0,400,459,46,11923,976,64,27,12,74,46,0,959,696,905,103,120,46,505,474,1025,12,294,493,799
2013,Sacramento County,July,28311,518,362,117,72,413,70,28753,0,0,0,0,0,0,0,0,997,555,0,0,70,413,72,555,117,362,518,997
2013,San Benito County,July,336,6,2,5,5,3,9,332,146,16,0,4,3,4,0,159,13,17,20,7,9,7,8,24,9,2,22,33
2013,San Bernardino County,July,22757,695,398,4,720,445,0,22689,209,1,1,0,71,7,0,133,1097,1165,2,78,0,452,791,1243,4,399,696,1099
2013,San Diego County,July,12500,479,109,0,245,359,2,12482,664,34,1,0,13,15,0,671,588,606,35,28,2,374,258,634,0,110,513,623
2013,San Francisco County,July,4281,72,55,21,88,21,148,4172,1552,40,9,8,13,7,29,1560,148,257,57,49,177,28,101,306,29,64,112,205
2013,San Joaquin County,July,6576,103,130,16,44,103,7,6671,5785,71,128,2,16,66,2,5902,249,154,201,84,9,169,60,238,18,258,174,450
2013,San Luis Obispo County,July,1669,77,47,10,43,100,16,1644,717,39,15,0,36,22,4,709,134,159,54,62,20,122,79,221,10,62,116,188
2013,San Mateo County,July,4122,92,54,0,78,40,16,4134,1535,49,3,0,13,14,7,1553,146,134,52,34,23,54,91,168,0,57,141,198
2013,Santa Barbara County,July,2621,130,66,0,37,96,9,2675,1632,139,59,0,99,81,2,1648,196,142,198,182,11,177,136,324,0,125,269,394
2013,Santa Clara County,July,8067,675,311,605,437,245,864,8112,2273,257,158,296,175,110,395,2304,1591,1546,711,680,1259,355,612,2226,901,469,932,2302
2013,Santa Cruz County,July,1590,41,46,32,24,32,0,1653,745,12,4,0,8,3,28,722,119,56,16,39,28,35,32,95,32,50,53,135
2013,Shasta County,July,1269,31,7,0,31,7,0,1269,8,0,0,0,0,0,0,8,38,38,0,0,0,7,31,38,0,7,31,38
2013,Sierra County,July,31,1,0,0,1,1,0,30,10,1,0,0,0,0,0,11,1,2,1,0,0,1,1,2,0,0,2,2
2013,Siskiyou County,July,483,24,17,5,10,18,3,498,10,0,0,0,0,0,0,10,46,31,0,0,3,18,10,31,5,17,24,46
2013,Solano County,July,2384,71,0,0,53,19,4,2379,824,11,0,0,21,1,3,810,71,76,11,25,7,20,74,101,0,0,82,82
2013,Sonoma County,July,2059,78,60,2,89,58,4,2048,539,28,26,0,16,17,18,542,140,151,54,51,22,75,105,202,2,86,106,194
2013,Stanislaus County,July,4425,181,131,15,54,188,34,4476,339,0,0,0,0,0,0,339,327,276,0,0,34,188,54,276,15,131,181,327
2013,Sutter County,July,796,28,10,2,1,25,6,804,4,4,2,0,2,0,1,7,40,32,6,3,7,25,3,35,2,12,32,46
2013,Tehama County,July,563,27,2,4,5,13,4,574,28,0,0,0,0,0,0,28,33,22,0,0,4,13,5,22,4,2,27,33
2013,Trinity County,July,171,12,0,0,4,0,3,176,18,2,0,0,2,0,0,18,12,7,2,2,3,0,6,9,0,0,14,14
2013,Tulare County,July,4709,117,65,8,71,104,13,4711,397,21,33,1,21,25,3,403,190,188,55,49,16,129,92,237,9,98,138,245
2013,Tuolumne County,July,985,37,14,0,32,23,12,969,887,33,4,7,34,3,0,894,51,67,44,37,12,26,66,104,7,18,70,95
2013,Ventura County,July,3576,125,27,0,64,0,0,3664,8476,232,56,0,51,205,0,8508,152,64,288,256,0,205,115,320,0,83,357,440
2013,Yolo County,July,2604,35,19,0,43,9,0,2606,38,0,0,0,0,0,0,38,54,52,0,0,0,9,43,52,0,19,35,54
2013,Yuba County,July,702,23,8,5,11,20,7,700,78,0,1,2,3,3,0,75,36,38,3,6,7,23,14,44,7,9,23,39
2013,Alameda County,August,13015,262,154,0,144,135,177,12975,433,4,5,0,3,2,6,431,416,456,9,11,183,137,147,467,0,159,266,425
2013,Alpine County,August,23,1,0,1,0,0,0,25,16,3,0,2,0,0,0,21,2,0,5,0,0,0,0,0,3,0,4,7
2013,Amador County,August,331,14,5,11,11,11,0,339,1042,26,0,0,2,0,1,1065,30,22,26,3,1,11,13,25,11,5,40,56
2013,Butte County,August,1250,53,27,0,29,49,7,1245,237,17,3,0,11,10,2,234,80,85,20,23,9,59,40,108,0,30,70,100
2013,Calaveras County,August,340,10,1,1,3,3,4,342,132,9,1,0,4,4,0,134,12,10,10,8,4,7,7,18,1,2,19,22
2013,Colusa County,August,80,4,2,0,5,1,1,79,53,3,2,0,1,4,3,50,6,7,5,8,4,5,6,15,0,4,7,11
2013,Contra Costa County,August,3624,137,11,14,70,6,55,3655,0,0,0,0,0,0,0,0,162,131,0,0,55,6,70,131,14,11,137,162
2013,Del Norte County,August,134,13,4,0,2,4,1,144,62,2,1,0,1,3,1,60,17,7,3,5,2,7,3,12,0,5,15,20
2013,El Dorado County,August,971,30,11,0,13,17,7,975,116,14,2,0,5,4,0,123,41,37,16,9,7,21,18,46,0,13,44,57
2013,Fresno County,August,5141,269,206,14,99,298,8,5225,1901,55,78,6,20,93,1,1926,489,405,139,114,9,391,119,519,20,284,324,628
2013,Glenn County,August,237,5,4,5,6,2,8,235,103,10,2,0,2,0,8,105,14,16,12,10,16,2,8,26,5,6,15,26
2013,Humboldt County,August,1526,50,0,4,19,6,7,1548,26,0,0,0,0,0,0,26,54,32,0,0,7,6,19,32,4,0,50,54
2013,Imperial County,August,2190,25,13,0,55,6,0,2167,49,1,0,0,0,0,0,50,38,61,1,0,0,6,55,61,0,13,26,39
2013,Inyo County,August,64,7,2,0,4,1,1,67,226,8,6,1,5,6,2,228,9,6,15,13,3,7,9,19,1,8,15,24
2013,Kern County,August,7740,310,35,22,195,22,6,7884,0,0,0,0,0,0,0,0,367,223,0,0,6,22,195,223,22,35,310,367
2013,Kings County,August,1948,59,13,1,17,23,21,1960,1955,42,16,0,33,23,3,1954,73,61,58,59,24,46,50,120,1,29,101,131
2013,Lake County,August,708,38,0,0,0,2,10,734,163,0,0,0,0,4,0,159,38,12,0,4,10,6,0,16,0,0,38,38
2013,Lassen County,August,278,7,0,0,6,2,2,275,163,4,0,0,2,1,1,163,7,10,4,4,3,3,8,14,0,0,11,11
2013,Los Angeles County,August,56136,1652,400,0,837,728,65,56558,261,0,1,0,4,4,0,254,2052,1630,1,8,65,732,841,1638,0,401,1652,2053
2013,Madera County,August,2990,68,27,0,21,36,2,3026,463,20,5,0,5,10,1,472,95,59,25,16,3,46,26,75,0,32,88,120
2013,Marin County,August,1375,22,6,0,27,4,0,1372,932,21,5,0,16,10,0,932,28,31,26,26,0,14,43,57,0,11,43,54
2013,Mariposa County,August,122,0,2,0,3,4,0,117,231,21,8,0,3,12,0,245,2,7,29,15,0,16,6,22,0,10,21,31
2013,Mendocino County,August,739,25,26,0,22,30,0,738,115,4,6,0,3,14,0,108,51,52,10,17,0,44,25,69,0,32,29,61
2013,Merced County,August,2891,81,107,0,75,123,2,2879,0,0,0,0,0,0,0,0,188,200,0,0,2,123,75,200,0,107,81,188
2013,Modoc County,August,81,4,0,1,0,1,0,85,30,3,0,0,0,0,0,33,5,1,3,0,0,1,0,1,1,0,7,8
2013,Mono County,August,188,4,2,6,6,6,5,183,72,1,2,2,1,4,1,71,12,17,5,6,6,10,7,23,8,4,5,17
2013,Monterey County,August,3685,66,0,69,145,0,0,3675,1479,29,27,22,80,0,0,1477,135,145,78,80,0,0,225,225,91,27,95,213
2013,Napa County,August,810,25,15,0,13,13,10,814,1211,58,7,0,32,20,37,1187,40,36,65,89,47,33,45,125,0,22,83,105
2013,Nevada County,August,441,12,0,0,11,0,22,420,142,6,0,0,2,0,3,143,12,33,6,5,25,0,13,38,0,0,18,18
2013,Orange County,August,10265,961,425,0,489,548,77,10537,3270,47,7,0,18,5,0,3301,1386,1114,54,23,77,553,507,1137,0,432,1008,1440
2013,Placer County,August,2302,91,0,0,53,20,17,2303,735,16,0,0,11,5,5,730,91,90,16,21,22,25,64,111,0,0,107,107
2013,Plumas County,August,123,0,5,0,2,3,1,122,104,6,0,0,2,2,0,106,5,6,6,4,1,5,4,10,0,5,6,11
2013,Riverside County,August,11923,447,276,0,392,435,1,11818,959,58,27,0,26,47,3,968,723,828,85,76,4,482,418,904,0,303,505,808
2013,Sacramento County,August,28753,554,394,100,73,408,73,29247,0,0,0,0,0,0,0,0,1048,554,0,0,73,408,73,554,100,394,554,1048
2013,San Benito County,August,332,12,3,2,8,1,16,324,159,13,2,4,6,2,7,163,17,25,19,15,23,3,14,40,6,5,25,36
2013,San Bernardino County,August,22699,621,343,6,702,359,0,22608,208,0,1,0,49,5,0,155,970,1061,1,54,0,364,751,1115,6,344,621,971
2013,San Diego County,August,12484,378,114,0,299,295,4,12378,671,17,3,0,6,24,1,660,492,598,20,31,5,319,305,629,0,117,395,512
2013,San Francisco County,August,4172,66,89,20,83,26,103,4135,1560,45,8,4,7,2,29,1579,175,212,57,38,132,28,90,250,24,97,111,232
2013,San Joaquin County,August,6671,76,121,30,102,103,5,6688,5902,81,180,0,69,84,0,6010,227,210,261,153,5,187,171,363,30,301,157,488
2013,San Luis Obispo County,August,1644,63,56,6,42,64,13,1650,709,25,13,0,34,19,4,690,125,119,38,57,17,83,76,176,6,69,88,163
2013,San Mateo County,August,4134,86,54,0,78,66,21,4109,1553,68,11,0,42,35,3,1552,140,165,79,80,24,101,120,245,0,65,154,219
2013,Santa Barbara County,August,2657,132,67,0,54,85,16,2701,1641,114,57,0,127,83,7,1595,199,155,171,217,23,168,181,372,0,124,246,370
2013,Santa Clara County,August,8112,723,301,468,318,290,963,8033,2304,317,173,237,138,146,462,2285,1492,1571,727,746,1425,436,456,2317,705,474,1040,2219
2013,Santa Cruz County,August,1653,46,48,0,8,37,25,1677,722,11,3,0,2,14,21,699,94,70,14,37,46,51,10,107,0,51,57,108
2013,Shasta County,August,1269,48,28,0,29,28,0,1288,8,0,0,0,0,0,0,8,76,57,0,0,0,28,29,57,0,28,48,76
2013,Sierra County,August,30,1,0,0,0,0,0,31,11,0,0,0,0,0,0,11,1,0,0,0,0,0,0,0,0,0,1,1
2013,Siskiyou County,August,486,9,18,1,8,34,2,470,6,1,0,0,0,0,0,7,28,44,1,0,2,34,8,44,1,18,10,29
2013,Solano County,August,2368,64,0,0,31,5,11,2385,804,21,0,0,10,1,3,811,64,47,21,14,14,6,41,61,0,0,85,85
2013,Sonoma County,August,2048,68,79,3,89,74,8,2027,542,22,22,1,11,18,25,533,150,171,45,54,33,92,100,225,4,101,90,195
2013,Stanislaus County,August,4476,144,48,17,21,187,10,4467,339,1,1,0,2,2,0,337,209,218,2,4,10,189,23,222,17,49,145,211
2013,Sutter County,August,804,27,15,3,2,27,16,804,7,2,1,0,0,3,1,6,45,45,3,4,17,30,2,49,3,16,29,48
2013,Tehama County,August,574,34,1,2,9,4,5,593,28,1,0,0,2,0,0,27,37,18,1,2,5,4,11,20,2,1,35,38
2013,Trinity County,August,176,3,0,0,9,0,2,168,18,2,0,0,0,0,0,20,3,11,2,0,2,0,9,11,0,0,5,5
2013,Tulare County,August,4711,144,59,8,98,65,25,4734,403,30,17,0,18,14,8,410,211,188,47,40,33,79,116,228,8,76,174,258
2013,Tuolumne County,August,969,18,10,0,25,10,23,939,894,21,6,0,48,0,13,860,28,58,27,61,36,10,73,119,0,16,39,55
2013,Ventura County,August,3571,118,32,0,96,0,0,3625,8387,205,53,0,42,238,0,8365,150,96,258,280,0,238,138,376,0,85,323,408
2013,Yolo County,August,2606,27,30,0,50,11,0,2602,38,0,0,0,0,0,0,38,57,61,0,0,0,11,50,61,0,30,27,57
2013,Yuba County,August,700,29,8,9,10,12,10,714,75,0,2,0,2,1,4,70,46,32,2,7,14,13,12,39,9,10,29,48
2013,Alameda County,September,12975,237,113,59,191,94,58,13041,431,5,0,3,2,0,2,435,409,343,8,4,60,94,193,347,62,113,242,417
2013,Alpine County,September,25,0,0,0,0,0,0,25,21,1,0,0,0,1,0,21,0,0,1,1,0,1,0,1,0,0,1,1
2013,Amador County,September,339,13,7,2,11,10,0,340,1065,35,0,0,16,0,10,1074,22,21,35,26,10,10,27,47,2,7,48,57
2013,Butte County,September,1225,54,28,0,25,46,4,1232,246,20,5,0,10,13,2,246,82,75,25,25,6,59,35,100,0,33,74,107
2013,Calaveras County,September,342,7,5,0,17,7,2,328,134,2,1,1,9,3,2,124,12,26,4,14,4,10,26,40,1,6,9,16
2013,Colusa County,September,79,8,2,1,2,1,1,86,57,4,2,0,1,0,2,60,11,4,6,3,3,1,3,7,1,4,12,17
2013,Contra Costa County,September,3655,96,10,34,88,3,35,3669,0,0,0,0,0,0,0,0,140,126,0,0,35,3,88,126,34,10,96,140
2013,Del Norte County,September,144,3,6,0,7,9,0,137,60,3,1,0,2,3,0,59,9,16,4,5,0,12,9,21,0,7,6,13
2013,El Dorado County,September,991,25,8,0,12,13,10,989,120,11,1,0,4,4,1,123,33,35,12,9,11,17,16,44,0,9,36,45
2013,Fresno County,September,5225,289,185,27,156,267,10,5293,1926,42,70,2,83,105,0,1852,501,433,114,188,10,372,239,621,29,255,331,615
2013,Glenn County,September,235,6,2,1,4,0,8,232,105,0,5,1,2,0,2,107,9,12,6,4,10,0,6,16,2,7,6,15
2013,Humboldt County,September,1548,30,0,4,4,12,4,1562,26,0,0,1,0,0,0,27,34,20,1,0,4,12,4,20,5,0,30,35
2013,Imperial County,September,2167,66,13,0,28,7,0,2211,50,0,0,0,0,0,0,50,79,35,0,0,0,7,28,35,0,13,66,79
2013,Inyo County,September,67,12,1,2,6,6,1,69,228,3,2,0,8,7,6,212,15,13,5,21,7,13,14,34,2,3,15,20
2013,Kern County,September,7884,254,25,12,321,35,17,7802,0,0,0,0,0,0,0,0,291,373,0,0,17,35,321,373,12,25,254,291
2013,Kings County,September,1960,48,14,8,27,17,24,1962,1954,36,5,0,23,10,3,1959,70,68,41,36,27,27,50,104,8,19,84,111
2013,Lake County,September,741,34,1,0,2,4,0,770,168,0,0,0,0,1,0,167,35,6,0,1,0,5,2,7,0,1,34,35
2013,Lassen County,September,277,13,0,0,8,0,0,282,164,1,0,0,5,0,0,160,13,8,1,5,0,0,13,13,0,0,14,14
2013,Los Angeles County,September,56035,1433,366,0,758,726,39,56311,247,2,1,0,6,2,0,242,1799,1523,3,8,39,728,764,1531,0,367,1435,1802
2013,Madera County,September,3026,40,20,0,21,47,4,3014,472,10,2,0,8,22,0,454,60,72,12,30,4,69,29,102,0,22,50,72
2013,Marin County,September,1372,15,4,0,6,17,0,1368,932,18,5,0,9,10,0,936,19,23,23,19,0,27,15,42,0,9,33,42
2013,Mariposa County,September,117,0,2,0,5,4,0,110,245,17,7,0,7,7,1,254,2,9,24,15,1,11,12,24,0,9,17,26
2013,Mendocino County,September,738,20,24,0,18,29,0,735,108,2,3,0,3,3,0,107,44,47,5,6,0,32,21,53,0,27,22,49
2013,Merced County,September,2879,49,78,2,27,128,5,2848,0,0,0,0,0,0,0,0,129,160,0,0,5,128,27,160,2,78,49,129
2013,Modoc County,September,85,1,0,0,0,0,3,83,33,1,0,0,1,0,0,33,1,3,1,1,3,0,1,4,0,0,2,2
2013,Mono County,September,183,14,1,0,2,2,2,192,71,11,3,0,6,3,4,72,15,6,14,13,6,5,8,19,0,4,25,29
2013,Monterey County,September,3675,64,11,69,143,0,0,3676,1477,13,47,22,88,0,0,1471,144,143,82,88,0,0,231,231,91,58,77,226
2013,Napa County,September,814,32,5,3,18,15,2,819,1187,37,7,0,31,14,5,1181,40,35,44,50,7,29,49,85,3,12,69,84
2013,Nevada County,September,420,16,2,0,3,0,18,417,143,6,0,0,1,0,4,144,18,21,6,5,22,0,4,26,0,2,22,24
2013,Orange County,September,10537,862,388,0,443,437,38,10869,3301,44,6,0,33,10,0,3308,1250,918,50,43,38,447,476,961,0,394,906,1300
2013,Placer County,September,2281,71,0,0,37,22,13,2280,734,20,0,0,14,5,6,729,71,72,20,25,19,27,51,97,0,0,91,91
2013,Plumas County,September,122,10,3,0,4,0,0,131,106,12,2,0,4,2,0,114,13,4,14,6,0,2,8,10,0,5,22,27
2013,Riverside County,September,11818,356,279,8,282,371,0,11808,968,48,45,0,27,54,6,974,643,653,93,87,6,425,309,740,8,324,404,736
2013,Sacramento County,September,29247,591,404,115,88,373,67,29829,0,0,0,0,0,0,0,0,1110,528,0,0,67,373,88,528,115,404,591,1110
2013,San Benito County,September,324,11,1,3,9,4,12,314,163,11,2,1,6,2,7,162,15,25,14,15,19,6,15,40,4,3,22,29
2013,San Bernardino County,September,22681,673,353,1,753,402,0,22553,208,2,2,0,79,9,0,124,1027,1155,4,88,0,411,832,1243,1,355,675,1031
2013,San Diego County,September,12392,375,140,0,236,223,5,12443,651,28,4,0,15,11,0,657,515,464,32,26,5,234,251,490,0,144,403,547
2013,San Francisco County,September,4135,83,72,16,82,20,105,4099,1579,37,19,1,21,4,39,1572,171,207,57,64,144,24,103,271,17,91,120,228
2013,San Joaquin County,September,6688,98,95,41,29,93,6,6794,6010,80,67,0,13,98,0,6046,234,128,147,111,6,191,42,239,41,162,178,381
2013,San Luis Obispo County,September,1689,58,50,7,29,65,17,1693,713,33,12,0,26,18,4,710,115,111,45,48,21,83,55,159,7,62,91,160
2013,San Mateo County,September,4109,91,39,0,77,62,22,4078,1552,41,7,0,34,25,5,1536,130,161,48,64,27,87,111,225,0,46,132,178
2013,Santa Barbara County,September,2676,95,49,0,58,70,17,2675,1609,126,41,0,90,54,4,1628,144,145,167,148,21,124,148,293,0,90,221,311
2013,Santa Clara County,September,8033,593,311,444,290,282,817,7992,2285,206,131,256,120,132,376,2250,1348,1389,593,628,1193,414,410,2017,700,442,799,1941
2013,Santa Cruz County,September,1677,44,48,0,10,43,13,1703,699,9,8,0,5,7,32,672,92,66,17,44,45,50,15,110,0,56,53,109
2013,Shasta County,September,1288,39,25,0,30,25,0,1297,8,0,0,0,0,0,0,8,64,55,0,0,0,25,30,55,0,25,39,64
2013,Sierra County,September,31,0,0,0,0,0,0,31,11,0,0,0,0,0,0,11,0,0,0,0,0,0,0,0,0,0,0,0
2013,Siskiyou County,September,470,7,10,0,4,16,3,464,7,0,2,0,0,1,0,8,17,23,2,1,3,17,4,24,0,12,7,19
2013,Solano County,September,2355,66,0,0,39,8,8,2366,800,16,0,0,16,1,3,796,66,55,16,20,11,9,55,75,0,0,82,82
2013,Sonoma County,September,2027,56,61,3,71,64,6,2006,533,33,17,1,15,20,17,532,120,141,51,52,23,84,86,193,4,78,89,171
2013,Stanislaus County,September,4467,237,115,31,47,187,20,4596,337,0,1,1,0,0,0,339,383,254,2,0,20,187,47,254,32,116,237,385
2013,Sutter County,September,804,18,19,1,0,21,17,804,6,2,0,1,0,4,0,5,38,38,3,4,17,25,0,42,2,19,20,41
2013,Tehama County,September,553,18,4,0,7,0,9,559,40,2,1,0,0,0,2,41,22,16,3,2,11,0,7,18,0,5,20,25
2013,Trinity County,September,168,3,0,0,2,0,1,168,20,0,0,0,0,0,1,19,3,3,0,1,2,0,2,4,0,0,3,3
2013,Tulare County,September,4734,90,37,6,103,62,19,4683,410,5,10,0,27,25,2,371,133,184,15,54,21,87,130,238,6,47,95,148
2013,Tuolumne County,September,939,6,8,0,6,23,2,922,860,6,0,0,0,0,7,859,14,31,6,7,9,23,6,38,0,8,12,20
2013,Ventura County,September,3539,97,55,0,76,0,0,3615,8292,218,51,0,35,84,0,8442,152,76,269,119,0,84,111,195,0,106,315,421
2013,Yolo County,September,2602,34,36,0,41,16,0,2615,38,0,0,0,0,0,0,38,70,57,0,0,0,16,41,57,0,36,34,70
2013,Yuba County,September,714,12,2,6,10,11,9,704,70,0,2,3,4,0,4,67,20,30,5,8,13,11,14,38,9,4,12,25
2013,Alameda County,October,13041,288,166,0,183,137,191,12984,435,8,1,0,3,1,1,439,454,511,9,5,192,138,186,516,0,167,296,463
2013,Alpine County,October,25,0,0,0,0,0,0,25,21,0,0,0,0,0,0,21,0,0,0,0,0,0,0,0,0,0,0,0
2013,Amador County,October,340,17,10,2,18,11,0,340,1074,21,0,14,59,0,0,1050,29,29,35,59,0,11,77,88,16,10,38,64
2013,Butte County,October,1223,84,41,0,55,81,9,1203,251,20,12,0,11,17,1,254,125,145,32,29,10,98,66,174,0,53,104,157
2013,Calaveras County,October,328,13,1,5,4,6,11,326,124,8,2,4,1,4,0,133,19,21,14,5,11,10,5,26,9,3,21,33
2013,Colusa County,October,86,6,0,1,2,0,8,83,60,2,1,0,1,0,1,61,7,10,3,2,9,0,3,12,1,1,8,10
2013,Contra Costa County,October,3669,124,6,25,76,2,34,3712,0,0,0,0,0,0,0,0,155,112,0,0,34,2,76,112,25,6,124,155
2013,Del Norte County,October,137,9,5,0,0,7,1,143,59,2,0,0,0,1,0,60,14,8,2,1,1,8,0,9,0,5,11,16
2013,El Dorado County,October,998,25,16,0,17,4,8,1010,125,9,2,0,6,5,0,125,41,29,11,11,8,9,23,40,0,18,34,52
2013,Fresno County,October,5293,330,195,21,269,325,8,5237,1852,71,70,3,47,73,0,1876,546,602,144,120,8,398,316,722,24,265,401,690
2013,Glenn County,October,232,5,3,0,4,0,10,226,107,2,1,1,6,1,2,102,8,14,4,9,12,1,10,23,1,4,7,12
2013,Humboldt County,October,1562,38,0,2,20,6,2,1574,27,1,0,0,0,0,0,28,40,28,1,0,2,6,20,28,2,0,39,41
2013,Imperial County,October,2211,54,23,0,14,5,0,2269,50,0,0,0,0,0,0,50,77,19,0,0,0,5,14,19,0,23,54,77
2013,Inyo County,October,69,3,1,0,8,2,3,60,212,7,5,0,12,14,3,195,4,13,12,29,6,16,20,42,0,6,10,16
2013,Kern County,October,7802,312,36,15,205,19,11,7930,0,0,0,0,0,0,0,0,363,235,0,0,11,19,205,235,15,36,312,363
2013,Kings County,October,1962,76,9,7,23,15,7,2009,1959,40,15,1,35,10,0,1970,92,45,56,45,7,25,58,90,8,24,116,148
2013,Lake County,October,726,0,4,0,3,9,0,718,168,22,0,0,0,5,0,185,4,12,22,5,0,14,3,17,0,4,22,26
2013,Lassen County,October,281,9,0,0,11,1,1,277,162,4,0,0,5,4,4,153,9,13,4,13,5,5,16,26,0,0,13,13
2013,Los Angeles County,October,55687,1529,389,0,804,832,69,55900,236,0,1,0,4,1,1,231,1918,1705,1,6,70,833,808,1711,0,390,1529,1919
2013,Madera County,October,3014,46,36,0,47,41,8,3000,454,7,10,0,16,10,2,443,82,96,17,28,10,51,63,124,0,46,53,99
2013,Marin County,October,1368,29,7,0,19,32,0,1353,936,27,5,0,18,9,0,941,36,51,32,27,0,41,37,78,0,12,56,68
2013,Mariposa County,October,110,3,3,0,3,3,0,110,254,7,7,0,6,6,0,256,6,6,14,12,0,9,9,18,0,10,10,20
2013,Mendocino County,October,735,18,23,0,23,37,0,716,107,3,5,0,3,6,0,106,41,60,8,9,0,43,26,69,0,28,21,49
2013,Merced County,October,2848,82,108,0,22,143,0,2873,0,0,0,0,0,0,0,0,190,165,0,0,0,143,22,165,0,108,82,190
2013,Modoc County,October,83,3,0,0,0,0,0,86,33,1,0,0,0,0,0,34,3,0,1,0,0,0,0,0,0,0,4,4
2013,Mono County,October,192,13,0,2,12,2,2,191,72,2,1,13,1,1,2,84,15,16,16,4,4,3,13,20,15,1,15,31
2013,Monterey County,October,3676,71,11,39,121,0,0,3676,1471,15,47,0,75,0,10,1448,121,121,62,85,10,0,196,206,39,58,86,183
2013,Napa County,October,819,31,6,7,20,18,6,819,1181,49,16,9,33,17,3,1202,44,44,74,53,9,35,53,97,16,22,80,118
2013,Nevada County,October,417,24,1,0,9,0,11,422,144,8,0,0,0,0,4,148,25,20,8,4,15,0,9,24,0,1,32,33
2013,Orange County,October,10869,721,334,0,582,616,75,10651,3308,36,6,0,27,9,3,3311,1055,1273,42,39,78,625,609,1312,0,340,757,1097
2013,Placer County,October,2300,86,0,0,30,12,9,2335,736,18,2,0,11,2,3,740,86,51,20,16,12,14,41,67,0,2,104,106
2013,Plumas County,October,131,0,1,0,4,6,1,121,114,15,1,0,4,2,0,124,1,11,16,6,1,8,8,17,0,2,15,17
2013,Riverside County,October,11808,467,281,27,444,393,0,11746,974,74,26,0,28,56,7,983,775,837,100,91,7,449,472,928,27,307,541,875
2013,Sacramento County,October,29829,584,406,121,71,393,68,30408,0,0,0,0,0,0,0,0,1111,532,0,0,68,393,71,532,121,406,584,1111
2013,San Benito County,October,314,10,4,6,10,3,10,311,162,8,2,5,3,0,4,170,20,23,15,7,14,3,13,30,11,6,18,35
2013,San Bernardino County,October,22763,617,317,4,664,401,0,22636,205,1,0,1,70,5,0,132,938,1065,2,75,0,406,734,1140,5,317,618,940
2013,San Diego County,October,12451,411,105,0,261,308,2,12396,662,17,4,0,17,16,0,650,516,571,21,33,2,324,278,604,0,109,428,537
2013,San Francisco County,October,4099,87,107,11,97,19,127,4061,1572,43,18,4,14,5,74,1544,205,243,65,93,201,24,111,336,15,125,130,270
2013,San Joaquin County,October,6794,81,106,53,83,96,8,6847,6046,76,150,0,42,97,1,6132,240,187,226,140,9,193,125,327,53,256,157,466
2013,San Luis Obispo County,October,1693,82,38,11,38,93,17,1676,710,45,12,0,25,23,5,714,131,148,57,53,22,116,63,201,11,50,127,188
2013,San Mateo County,October,4078,99,40,0,92,65,18,4042,1536,41,6,0,38,23,4,1518,139,175,47,65,22,88,130,240,0,46,140,186
2013,Santa Barbara County,October,2634,130,59,0,55,74,12,2682,1582,129,53,0,94,61,7,1602,189,141,182,162,19,135,149,303,0,112,259,371
2013,Santa Clara County,October,7992,640,395,351,277,306,734,8061,2250,245,183,185,143,170,297,2253,1386,1317,613,610,1031,476,420,1927,536,578,885,1999
2013,Santa Cruz County,October,1703,39,44,0,10,42,12,1722,672,15,5,0,2,15,34,641,83,64,20,51,46,57,12,115,0,49,54,103
2013,Shasta County,October,1297,45,10,0,33,10,0,1309,8,0,0,0,0,0,0,8,55,43,0,0,0,10,33,43,0,10,45,55
2013,Sierra County,October,31,0,0,0,1,0,1,29,11,0,0,0,0,0,0,11,0,2,0,0,1,0,1,2,0,0,0,0
2013,Siskiyou County,October,464,16,13,0,11,25,4,453,8,0,0,0,0,1,0,7,29,40,0,1,4,26,11,41,0,13,16,29
2013,Solano County,October,2326,61,0,0,19,9,7,2352,784,20,0,0,8,0,1,795,61,35,20,9,8,9,27,44,0,0,81,81
2013,Sonoma County,October,2006,71,68,3,84,61,5,1998,532,26,23,2,18,18,19,528,142,150,51,55,24,79,102,205,5,91,97,193
2013,Stanislaus County,October,4596,150,116,0,38,178,0,4646,339,1,0,1,0,0,0,341,266,216,2,0,0,178,38,216,1,116,151,268
2013,Sutter County,October,804,33,13,1,2,26,10,813,5,2,2,0,3,4,0,2,47,38,4,7,10,30,5,45,1,15,35,51
2013,Tehama County,October,553,21,2,0,5,0,16,555,40,1,2,0,2,0,2,39,23,21,3,4,18,0,7,25,0,4,22,26
2013,Trinity County,October,168,13,0,0,2,0,2,177,19,0,0,0,1,0,0,18,13,4,0,1,2,0,3,5,0,0,13,13
2013,Tulare County,October,4683,136,53,16,101,80,37,4670,371,21,40,4,30,21,4,381,205,218,65,55,41,101,131,273,20,93,157,270
2013,Tuolumne County,October,922,37,10,0,51,22,0,896,859,63,9,0,75,11,0,845,47,73,72,86,0,33,126,159,0,19,100,119
2013,Ventura County,October,3527,101,85,0,96,0,0,3617,8276,228,54,0,37,139,0,8382,186,96,282,176,0,139,133,272,0,139,329,468
2013,Yolo County,October,2615,32,41,0,53,9,0,2626,38,5,0,0,8,0,0,35,73,62,5,8,0,9,61,70,0,41,37,78
2013,Yuba County,October,704,20,8,4,25,16,11,684,67,0,0,0,4,1,0,62,32,52,0,5,11,17,29,57,4,8,20,32
2013,Alameda County,November,12984,242,154,0,119,88,135,13038,439,4,0,1,1,3,0,440,396,342,5,4,135,91,120,346,1,154,246,401
2013,Alpine County,November,25,0,0,0,1,1,0,23,21,0,1,0,0,1,0,21,0,2,1,1,0,2,1,3,0,1,0,1
2013,Amador County,November,340,19,3,7,11,12,0,346,1050,31,0,0,29,0,8,1044,29,23,31,37,8,12,40,60,7,3,50,60
2013,Butte County,November,1248,58,22,0,27,52,9,1240,261,21,4,0,14,13,2,257,80,88,25,29,11,65,41,117,0,26,79,105
2013,Calaveras County,November,326,12,0,0,9,6,2,321,133,6,2,0,7,6,0,128,12,17,8,13,2,12,16,30,0,2,18,20
2013,Colusa County,November,83,3,1,0,2,0,3,82,61,2,0,1,1,0,3,60,4,5,3,4,6,0,3,9,1,1,5,7
2013,Contra Costa County,November,3712,96,8,17,60,4,43,3726,0,0,0,0,0,0,0,0,121,107,0,0,43,4,60,107,17,8,96,121
2013,Del Norte County,November,143,2,5,0,2,9,0,139,60,5,0,0,1,2,0,62,7,11,5,3,0,11,3,14,0,5,7,12
2013,El Dorado County,November,988,16,18,0,21,10,7,984,125,5,2,0,4,2,1,125,34,38,7,7,8,12,25,45,0,20,21,41
2013,Fresno County,November,5237,215,188,3,140,238,8,5257,1876,28,65,7,22,90,0,1864,406,386,100,112,8,328,162,498,10,253,243,506
2013,Glenn County,November,226,16,4,2,3,0,9,236,102,6,1,1,8,0,3,99,22,12,8,11,12,0,11,23,3,5,22,30
2013,Humboldt County,November,1574,41,0,3,62,6,6,1544,28,0,0,0,1,1,0,26,44,74,0,2,6,7,63,76,3,0,41,44
2013,Imperial County,November,2269,47,13,0,48,3,0,2278,50,0,0,0,0,0,0,50,60,51,0,0,0,3,48,51,0,13,47,60
2013,Inyo County,November,60,3,2,0,4,7,5,49,195,5,2,0,8,7,0,187,5,16,7,15,5,14,12,31,0,4,8,12
2013,Kern County,November,7930,235,35,20,221,24,18,7957,0,0,0,0,0,0,0,0,290,263,0,0,18,24,221,263,20,35,235,290
2013,Kings County,November,2009,58,8,6,29,11,38,2003,1970,26,11,0,26,9,3,1969,72,78,37,38,41,20,55,116,6,19,84,109
2013,Lake County,November,725,28,2,0,2,14,2,737,166,5,0,0,0,1,0,170,30,18,5,1,2,15,2,19,0,2,33,35
2013,Lassen County,November,279,13,0,0,15,1,0,276,158,5,0,0,3,0,0,160,13,16,5,3,0,1,18,19,0,0,18,18
2013,Los Angeles County,November,55453,1241,315,0,663,635,54,55657,231,0,1,0,5,1,1,225,1556,1352,1,7,55,636,668,1359,0,316,1241,1557
2013,Madera County,November,3000,56,36,0,23,33,1,3035,443,13,7,0,4,7,1,451,92,57,20,12,2,40,27,69,0,43,69,112
2013,Marin County,November,1353,34,8,0,24,12,0,1359,941,21,5,0,10,8,0,949,42,36,26,18,0,20,34,54,0,13,55,68
2013,Mariposa County,November,110,5,4,0,4,6,0,109,256,4,10,0,8,8,0,254,9,10,14,16,0,14,12,26,0,14,9,23
2013,Mendocino County,November,716,18,10,0,14,19,0,711,106,1,4,0,4,2,0,105,28,33,5,6,0,21,18,39,0,14,19,33
2013,Merced County,November,2873,49,76,4,57,112,1,2832,0,0,0,0,0,0,0,0,129,170,0,0,1,112,57,170,4,76,49,129
2013,Modoc County,November,86,2,0,5,0,1,0,92,34,1,0,0,0,0,0,35,7,1,1,0,0,1,0,1,5,0,3,8
2013,Mono County,November,180,16,3,0,5,3,8,183,84,1,0,0,1,1,1,82,19,16,1,3,9,4,6,19,0,3,17,20
2013,Monterey County,November,3676,79,11,42,142,0,0,3666,1448,22,47,1,95,0,0,1423,132,142,70,95,0,0,237,237,43,58,101,202
2013,Napa County,November,819,31,6,5,15,10,5,831,1202,29,10,0,19,12,14,1196,42,30,39,45,19,22,34,75,5,16,60,81
2013,Nevada County,November,422,17,0,0,4,0,31,404,148,5,0,0,2,0,2,149,17,35,5,4,33,0,6,39,0,0,22,22
2013,Orange County,November,10651,757,314,0,403,496,61,10762,3311,42,2,0,21,0,3,3331,1071,960,44,24,64,496,424,984,0,316,799,1115
2013,Placer County,November,2317,83,0,0,21,17,23,2339,738,19,0,0,11,0,10,736,83,61,19,21,33,17,32,82,0,0,102,102
2013,Plumas County,November,121,9,3,0,5,5,0,123,124,8,2,0,6,4,0,124,12,10,10,10,0,9,11,20,0,5,17,22
2013,Riverside County,November,11746,372,208,32,294,297,0,11767,983,63,31,0,22,56,32,967,612,591,94,110,32,353,316,701,32,239,435,706
2013,Sacramento County,November,30408,518,301,104,78,342,47,30864,0,0,0,0,0,0,0,0,923,467,0,0,47,342,78,467,104,301,518,923
2013,San Benito County,November,311,6,1,4,7,0,2,313,170,3,1,0,7,1,10,156,11,9,4,18,12,1,14,27,4,2,9,15
2013,San Bernardino County,November,23345,739,299,16,1147,248,0,23004,227,2,5,0,78,3,0,153,1054,1395,7,81,0,251,1225,1476,16,304,741,1061
2013,San Diego County,November,12498,286,83,0,251,292,2,12322,652,19,4,0,5,13,0,657,369,545,23,18,2,305,256,563,0,87,305,392
2013,San Francisco County,November,4061,71,97,8,75,13,97,4052,1544,34,13,2,10,2,64,1517,176,185,49,76,161,15,85,261,10,110,105,225
2013,San Joaquin County,November,6847,85,73,12,43,94,6,6874,6132,80,119,1,23,102,1,6206,170,143,200,126,7,196,66,269,13,192,165,370
2013,San Luis Obispo County,November,1676,57,43,2,27,63,21,1667,714,30,7,0,26,18,3,704,102,111,37,47,24,81,53,158,2,50,87,139
2013,San Mateo County,November,4042,79,42,0,76,44,17,4026,1518,52,9,0,26,19,1,1533,121,137,61,46,18,63,102,183,0,51,131,182
2013,Santa Barbara County,November,2687,102,47,0,38,54,14,2730,1627,107,29,0,92,47,3,1621,149,106,136,142,17,101,130,248,0,76,209,285
2013,Santa Clara County,November,8061,532,315,247,280,300,586,7989,2253,225,141,275,129,125,337,2303,1094,1166,641,591,923,425,409,1757,522,456,757,1735
2013,Santa Cruz County,November,1722,46,46,0,15,34,42,1723,641,17,5,0,3,8,37,615,92,91,22,48,79,42,18,139,0,51,63,114
2013,Shasta County,November,1309,50,9,0,37,9,0,1322,8,0,0,0,0,0,0,8,59,46,0,0,0,9,37,46,0,9,50,59
2013,Sierra County,November,29,0,0,0,2,0,0,27,11,0,0,0,0,1,0,10,0,2,0,1,0,1,2,3,0,0,0,0
2013,Siskiyou County,November,453,11,16,3,8,29,2,444,7,0,0,0,0,1,0,6,30,39,0,1,2,30,8,40,3,16,11,30
2013,Solano County,November,2333,44,0,0,40,12,5,2320,791,22,0,0,18,1,2,792,44,57,22,21,7,13,58,78,0,0,66,66
2013,Sonoma County,November,1998,68,49,0,73,50,5,1987,528,24,14,2,13,8,11,536,117,128,40,32,16,58,86,160,2,63,92,157
2013,Stanislaus County,November,4646,174,105,13,39,144,23,4732,341,0,1,0,0,0,0,342,292,206,1,0,23,144,39,206,13,106,174,293
2013,Sutter County,November,813,22,6,1,3,16,8,815,2,1,0,1,0,1,0,3,29,27,2,1,8,17,3,28,2,6,23,31
2013,Tehama County,November,553,35,3,0,7,1,14,569,37,1,0,0,0,0,1,37,38,22,1,1,15,1,7,23,0,3,36,39
2013,Trinity County,November,177,7,0,0,2,0,2,180,18,0,0,0,0,0,0,18,7,4,0,0,2,0,2,4,0,0,7,7
2013,Tulare County,November,4670,145,63,5,81,48,17,4737,381,15,6,0,16,13,2,371,213,146,21,31,19,61,97,177,5,69,160,234
2013,Tuolumne County,November,896,43,13,0,23,12,0,917,845,23,13,0,12,34,0,835,56,35,36,46,0,46,35,81,0,26,66,92
2013,Ventura County,November,3510,98,26,0,63,0,0,3571,8145,210,41,0,39,168,0,8189,124,63,251,207,0,168,102,270,0,67,308,375
2013,Yolo County,November,2626,26,35,0,43,7,0,2637,35,0,0,0,0,0,0,35,61,50,0,0,0,7,43,50,0,35,26,61
2013,Yuba County,November,684,28,5,6,19,15,18,671,62,1,1,1,2,0,0,63,39,52,3,2,18,15,21,54,7,6,29,42
2013,Alameda County,December,13038,265,155,0,167,131,131,13029,440,8,4,0,6,0,4,442,420,429,12,10,135,131,173,439,0,159,273,432
2013,Alpine County,December,23,0,0,1,0,0,0,24,21,0,0,0,0,0,0,21,1,0,0,0,0,0,0,0,1,0,0,1
2013,Amador County,December,346,12,4,4,17,8,0,341,1044,17,0,0,27,0,0,1034,20,25,17,27,0,8,44,52,4,4,29,37
2013,Butte County,December,1249,53,23,0,26,38,6,1255,265,11,5,0,18,10,2,251,76,70,16,30,8,48,44,100,0,28,64,92
2013,Calaveras County,December,321,12,1,3,7,3,2,325,128,7,2,0,5,2,1,129,16,12,9,8,3,5,12,20,3,3,19,25
2013,Colusa County,December,82,4,3,0,0,0,6,83,60,4,1,0,3,0,5,57,7,6,5,8,11,0,3,14,0,4,8,12
2013,Contra Costa County,December,3726,147,6,22,63,6,43,3789,0,0,0,0,0,0,0,0,175,112,0,0,43,6,63,112,22,6,147,175
2013,Del Norte County,December,139,5,3,0,2,3,0,142,62,5,0,0,1,2,0,64,8,5,5,3,0,5,3,8,0,3,10,13
2013,El Dorado County,December,985,30,11,0,10,11,5,1000,123,9,2,0,4,4,0,126,41,26,11,8,5,15,14,34,0,13,39,52
2013,Fresno County,December,5257,273,185,16,105,259,19,5348,1864,47,54,3,34,62,0,1872,474,383,104,96,19,321,139,479,19,239,320,578
2013,Glenn County,December,236,7,4,0,2,1,12,232,99,6,0,1,1,0,3,102,11,15,7,4,15,1,3,19,1,4,13,18
2013,Humboldt County,December,1544,25,0,2,56,6,8,1501,26,0,0,0,0,0,0,26,27,70,0,0,8,6,56,70,2,0,25,27
2013,Imperial County,December,2278,49,21,0,9,2,0,2337,50,1,0,0,0,0,0,51,70,11,1,0,0,2,9,11,0,21,50,71
2013,Inyo County,December,49,3,2,1,10,3,7,35,187,9,5,0,11,6,0,184,6,20,14,17,7,9,21,37,1,7,12,20
2013,Kern County,December,7957,220,15,13,435,43,34,7693,0,0,0,0,0,0,0,0,248,512,0,0,34,43,435,512,13,15,220,248
2013,Kings County,December,2003,58,16,6,30,18,23,2012,1969,37,13,0,30,12,2,1975,80,71,50,44,25,30,60,115,6,29,95,130
2013,Lake County,December,726,19,4,0,1,1,5,742,170,2,0,0,0,0,0,172,23,7,2,0,5,1,1,7,0,4,21,25
2013,Lassen County,December,280,3,0,0,13,4,4,262,160,4,0,0,3,0,0,161,3,21,4,3,4,4,16,24,0,0,7,7
2013,Los Angeles County,December,55214,1302,370,0,619,636,41,55590,222,0,2,0,5,0,1,218,1672,1296,2,6,42,636,624,1302,0,372,1302,1674
2013,Madera County,December,3035,55,24,0,24,31,0,3059,451,10,3,0,3,10,1,450,79,55,13,14,1,41,27,69,0,27,65,92
2013,Marin County,December,1359,18,5,0,17,10,0,1355,949,20,5,0,10,10,0,954,23,27,25,20,0,20,27,47,0,10,38,48
2013,Mariposa County,December,109,6,2,0,3,3,0,111,254,4,5,0,4,11,0,248,8,6,9,15,0,14,7,21,0,7,10,17
2013,Mendocino County,December,711,26,19,0,19,20,0,717,105,3,2,0,4,5,0,101,45,39,5,9,0,25,23,48,0,21,29,50
2013,Merced County,December,2832,45,85,2,53,149,2,2760,0,0,0,0,0,0,0,0,132,204,0,0,2,149,53,204,2,85,45,132
2013,Modoc County,December,92,0,0,0,3,0,0,89,35,0,0,0,1,0,0,34,0,3,0,1,0,0,4,4,0,0,0,0
2013,Mono County,December,183,10,2,0,0,3,12,180,82,6,0,0,1,0,1,86,12,15,6,2,13,3,1,17,0,2,16,18
2013,Monterey County,December,3666,64,20,48,129,0,0,3669,1423,11,28,0,76,0,0,1386,132,129,39,76,0,0,205,205,48,48,75,171
2013,Napa County,December,831,26,10,0,16,9,13,829,1196,27,7,19,27,17,6,1199,36,38,53,50,19,26,43,88,19,17,53,89
2013,Nevada County,December,404,17,1,0,7,0,6,409,149,4,0,0,3,0,2,148,18,13,4,5,8,0,10,18,0,1,21,22
2013,Orange County,December,10762,512,336,0,428,433,143,10606,3331,28,46,0,89,86,0,3230,848,1004,74,175,143,519,517,1179,0,382,540,922
2013,Placer County,December,2324,59,1,0,50,16,37,2281,724,15,2,0,15,8,9,709,60,103,17,32,46,24,65,135,0,3,74,77
2013,Plumas County,December,123,4,3,0,3,2,1,124,124,9,2,0,3,5,0,127,7,6,11,8,1,7,6,14,0,5,13,18
2013,Riverside County,December,11767,378,270,16,337,420,0,11674,967,37,23,0,22,60,0,945,664,757,60,82,0,480,359,839,16,293,415,724
2013,Sacramento County,December,30864,531,388,85,66,431,56,31315,0,0,0,0,0,0,0,0,1004,553,0,0,56,431,66,553,85,388,531,1004
2013,San Benito County,December,313,10,3,4,5,1,4,320,156,4,4,0,0,0,5,159,17,10,8,5,9,1,5,15,4,7,14,25
2013,San Bernardino County,December,23424,750,281,12,1490,266,0,22711,227,2,5,0,59,1,0,174,1043,1756,7,60,0,267,1549,1816,12,286,752,1050
2013,San Diego County,December,12387,275,109,0,204,282,1,12284,658,17,6,0,6,15,0,660,384,487,23,21,1,297,210,508,0,115,292,407
2013,San Francisco County,December,4052,80,77,17,73,23,125,4005,1517,46,13,2,16,3,45,1514,174,221,61,64,170,26,89,285,19,90,126,235
2013,San Joaquin County,December,6874,52,92,33,213,63,11,6764,6206,35,104,0,115,70,6,6154,177,287,139,191,17,133,328,478,33,196,87,316
2013,San Luis Obispo County,December,1667,53,34,11,22,54,14,1675,704,24,12,0,17,23,6,694,98,90,36,46,20,77,39,136,11,46,77,134
2013,San Mateo County,December,4026,72,56,0,65,57,8,4024,1533,46,7,0,32,24,3,1527,128,130,53,59,11,81,97,189,0,63,118,181
2013,Santa Barbara County,December,2678,119,55,0,38,62,11,2741,1597,123,44,0,79,63,2,1620,174,111,167,144,13,125,117,255,0,99,242,341
2013,Santa Clara County,December,7989,616,327,299,308,295,673,7955,2303,245,149,171,127,142,434,2165,1242,1276,565,703,1107,437,435,1979,470,476,861,1807
2013,Santa Cruz County,December,1723,35,35,0,11,29,37,1716,615,12,4,0,2,7,35,587,70,77,16,44,72,36,13,121,0,39,47,86
2013,Shasta County,December,1322,56,10,0,34,10,0,1344,8,0,0,0,0,0,0,8,66,44,0,0,0,10,34,44,0,10,56,66
2013,Sierra County,December,27,0,0,0,0,0,0,27,10,0,0,0,0,0,0,10,0,0,0,0,0,0,0,0,0,0,0,0
2013,Siskiyou County,December,444,8,18,0,6,19,0,445,6,0,0,0,1,0,0,5,26,25,0,1,0,19,7,26,0,18,8,26
2013,Solano County,December,2311,46,0,0,44,8,5,2300,800,16,0,0,22,0,0,794,46,57,16,22,5,8,66,79,0,0,62,62
2013,Sonoma County,December,1987,83,61,9,81,61,2,1996,536,23,15,1,13,17,12,533,153,144,39,42,14,78,94,186,10,76,106,192
2013,Stanislaus County,December,4732,105,161,21,51,174,28,4766,342,1,0,0,0,0,0,343,287,253,1,0,28,174,51,253,21,161,106,288
2013,Sutter County,December,815,30,17,2,2,18,11,833,3,0,0,0,0,1,0,2,49,31,0,1,11,19,2,32,2,17,30,49
2013,Tehama County,December,563,29,3,0,7,3,15,570,38,3,2,0,0,0,1,42,32,25,5,1,16,3,7,26,0,5,32,37
2013,Trinity County,December,180,8,0,0,2,0,5,181,18,0,0,0,0,0,0,18,8,7,0,0,5,0,2,7,0,0,8,8
2013,Tulare County,December,4737,115,75,1,90,55,26,4757,371,15,12,0,12,11,1,374,191,171,27,24,27,66,102,195,1,87,130,218
2013,Tuolumne County,December,917,43,6,0,41,9,0,916,835,41,8,0,41,18,0,825,49,50,49,59,0,27,82,109,0,14,84,98
2013,Ventura County,December,3475,92,41,0,81,0,0,3527,8048,164,50,0,46,167,0,8049,133,81,214,213,0,167,127,294,0,91,256,347
2013,Yolo County,December,2637,23,30,0,20,8,0,2662,35,0,0,0,0,0,0,35,53,28,0,0,0,8,20,28,0,30,23,53
2013,Yuba County,December,671,25,6,10,21,14,8,669,63,2,0,2,2,1,0,64,41,43,4,3,8,15,23,46,12,6,27,45
2014,Alameda County,January,13029,222,133,0,195,126,95,12968,442,1,2,6,3,2,1,445,355,416,9,6,96,128,198,422,6,135,223,364
2014,Alpine County,January,24,1,1,0,0,3,0,23,21,0,0,0,1,0,0,20,2,3,0,1,0,3,1,4,0,1,1,2
2014,Amador County,January,341,10,10,5,15,13,0,338,1034,31,0,0,29,0,9,1027,25,28,31,38,9,13,44,66,5,10,41,56
2014,Butte County,January,1271,72,39,0,37,75,14,1256,258,25,13,0,9,21,1,265,111,126,38,31,15,96,46,157,0,52,97,149
2014,Calaveras County,January,321,11,4,4,8,5,1,326,129,0,5,0,0,2,0,132,19,14,5,2,1,7,8,16,4,9,11,24
2014,Colusa County,January,83,7,2,1,1,3,2,87,57,6,1,0,2,1,0,61,10,6,7,3,2,4,3,9,1,3,13,17
2014,Contra Costa County,January,3789,126,18,23,100,9,49,3798,2,0,0,0,0,0,0,2,167,158,0,0,49,9,100,158,23,18,126,167
2014,Del Norte County,January,142,5,8,2,2,5,0,150,64,7,2,0,0,3,0,70,15,7,9,3,0,8,2,10,2,10,12,24
2014,El Dorado County,January,981,31,22,0,13,16,5,1000,125,13,6,0,6,4,0,134,53,34,19,10,5,20,19,44,0,28,44,72
2014,Fresno County,January,5348,205,209,6,110,233,8,5417,1872,47,63,7,28,68,0,1893,420,351,117,96,8,301,138,447,13,272,252,537
2014,Glenn County,January,232,4,3,6,3,1,13,228,102,2,1,1,1,0,10,95,13,17,4,11,23,1,4,28,7,4,6,17
2014,Humboldt County,January,1501,38,0,3,48,14,11,1469,26,0,0,1,0,0,0,27,41,73,1,0,11,14,48,73,4,0,38,42
2014,Imperial County,January,2337,70,13,0,34,4,0,2382,51,0,0,0,1,0,0,50,83,38,0,1,0,4,35,39,0,13,70,83
2014,Inyo County,January,139,3,0,0,3,7,0,132,158,2,0,0,7,9,0,144,3,10,2,16,0,16,10,26,0,0,5,5
2014,Kern County,January,7693,240,18,14,265,25,19,7656,0,0,0,0,0,0,0,0,272,309,0,0,19,25,265,309,14,18,240,272
2014,Kings County,January,2012,67,15,10,30,16,15,2043,1975,44,18,0,34,9,5,1989,92,61,62,48,20,25,64,109,10,33,111,154
2014,Lake County,January,720,21,4,0,6,3,2,734,167,8,0,0,2,0,0,173,25,11,8,2,2,3,8,13,0,4,29,33
2014,Lassen County,January,266,6,0,0,5,3,3,261,160,1,0,0,3,0,0,158,6,11,1,3,3,3,8,14,0,0,7,7
2014,Los Angeles County,January,55224,1750,384,0,861,811,75,55611,213,3,1,0,13,2,1,201,2134,1747,4,16,76,813,874,1763,0,385,1753,2138
2014,Madera County,January,3059,47,37,0,26,48,4,3065,450,8,6,0,8,22,1,433,84,78,14,31,5,70,34,109,0,43,55,98
2014,Marin County,January,1355,24,6,0,17,14,0,1354,954,18,5,0,8,5,0,964,30,31,23,13,0,19,25,44,0,11,42,53
2014,Mariposa County,January,109,3,9,0,9,11,0,101,205,2,8,0,8,13,0,194,12,20,10,21,0,24,17,41,0,17,5,22
2014,Mendocino County,January,717,22,23,0,15,19,0,728,106,0,3,0,2,1,0,106,45,34,3,3,0,20,17,37,0,26,22,48
2014,Merced County,January,2760,92,112,3,29,134,1,2803,0,0,0,0,0,0,0,0,207,164,0,0,1,134,29,164,3,112,92,207
2014,Modoc County,January,89,2,0,1,2,1,1,88,34,1,0,0,0,0,0,35,3,4,1,0,1,1,2,4,1,0,3,4
2014,Mono County,January,180,20,0,0,2,2,7,189,86,7,0,0,1,0,8,84,20,11,7,9,15,2,3,20,0,0,27,27
2014,Monterey County,January,3669,54,35,48,135,0,0,3671,1386,23,90,84,228,0,0,1355,137,135,197,228,0,0,363,363,132,125,77,334
2014,Napa County,January,829,16,6,25,16,14,0,846,1199,34,8,0,14,14,15,1198,47,30,42,43,15,28,30,73,25,14,50,89
2014,Nevada County,January,409,14,0,0,7,0,20,396,148,10,0,0,2,0,10,146,14,27,10,12,30,0,9,39,0,0,24,24
2014,Orange County,January,10606,842,447,0,495,493,37,10870,3230,60,8,0,10,7,0,3281,1289,1025,68,17,37,500,505,1042,0,455,902,1357
2014,Placer County,January,2321,94,0,0,26,10,17,2362,717,13,1,0,5,4,6,716,94,53,14,15,23,14,31,68,0,1,107,108
2014,Plumas County,January,140,7,4,0,3,2,0,146,103,14,5,0,3,2,0,117,11,5,19,5,0,4,6,10,0,9,21,30
2014,Riverside County,January,11674,433,207,13,466,349,0,11512,945,53,36,0,66,63,10,895,653,815,89,139,10,412,532,954,13,243,486,742
2014,Sacramento County,January,31315,567,425,92,107,466,82,31744,0,0,0,0,0,0,0,0,1084,655,0,0,82,466,107,655,92,425,567,1084
2014,San Benito County,January,320,7,3,4,5,5,3,321,159,7,2,3,6,4,9,152,14,13,12,19,12,9,11,32,7,5,14,26
2014,San Bernardino County,January,14785,611,0,69,679,4,21,14761,590,46,0,4,8,0,0,632,680,704,50,8,21,4,687,712,73,0,657,730
2014,San Diego County,January,12320,550,141,0,319,390,1,12301,651,22,6,0,9,22,0,648,691,710,28,31,1,412,328,741,0,147,572,719
2014,San Francisco County,January,4005,54,85,19,66,14,113,3970,1514,28,16,1,12,3,65,1479,158,193,45,80,178,17,78,273,20,101,82,203
2014,San Joaquin County,January,6764,101,126,20,192,98,8,6713,6154,55,144,1,92,80,1,6181,247,298,200,173,9,178,284,471,21,270,156,447
2014,San Luis Obispo County,January,1675,49,49,6,34,74,11,1660,694,34,16,0,24,20,4,696,104,119,50,48,15,94,58,167,6,65,83,154
2014,San Mateo County,January,4024,95,47,0,86,58,15,4007,1527,47,8,0,26,21,1,1534,142,159,55,48,16,79,112,207,0,55,142,197
2014,Santa Barbara County,January,2711,125,48,0,61,114,10,2699,1616,136,47,0,97,84,1,1617,173,185,183,182,11,198,158,367,0,95,261,356
2014,Santa Clara County,January,7955,788,326,216,305,298,716,7966,2165,326,188,251,237,162,423,2108,1330,1319,765,822,1139,460,542,2141,467,514,1114,2095
2014,Santa Cruz County,January,1716,55,47,0,9,36,49,1724,587,9,9,0,0,6,16,583,102,94,18,22,65,42,9,116,0,56,64,120
2014,Shasta County,January,1344,43,15,0,46,15,0,1341,8,0,0,0,0,0,0,8,58,61,0,0,0,15,46,61,0,15,43,58
2014,Sierra County,January,27,1,0,0,0,1,0,27,10,0,0,0,0,0,0,10,1,1,0,0,0,1,0,1,0,0,1,1
2014,Siskiyou County,January,445,8,15,2,4,15,3,448,5,0,0,0,0,0,0,5,25,22,0,0,3,15,4,22,2,15,8,25
2014,Solano County,January,2321,75,0,0,37,12,8,2339,797,16,0,0,11,0,5,797,75,57,16,16,13,12,48,73,0,0,91,91
2014,Sonoma County,January,1996,85,58,4,72,62,4,2005,533,28,19,1,12,12,19,538,147,138,48,43,23,74,84,181,5,77,113,195
2014,Stanislaus County,January,4766,139,151,9,36,209,25,4795,343,1,1,1,1,0,0,345,299,270,3,1,25,209,37,271,10,152,140,302
2014,Sutter County,January,833,24,9,3,0,25,15,829,2,1,1,0,0,0,0,4,36,40,2,0,15,25,0,40,3,10,25,38
2014,Tehama County,January,569,23,5,0,12,1,7,577,44,1,0,0,0,1,1,43,28,20,1,2,8,2,12,22,0,5,24,29
2014,Trinity County,January,181,3,0,0,3,0,4,177,18,0,0,0,0,0,0,18,3,7,0,0,4,0,3,7,0,0,3,3
2014,Tulare County,January,4757,172,63,11,126,93,25,4759,374,21,22,0,17,12,3,385,246,244,43,32,28,105,143,276,11,85,193,289
2014,Tuolumne County,January,916,36,15,0,37,27,6,897,825,17,7,0,34,13,0,802,51,70,24,47,6,40,71,117,0,22,53,75
2014,Ventura County,January,3436,117,47,0,96,0,0,3504,7892,272,42,0,37,244,0,7925,164,96,314,281,0,244,133,377,0,89,389,478
2014,Yolo County,January,2662,31,38,0,47,15,0,2669,35,2,0,0,0,0,0,37,69,62,2,0,0,15,47,62,0,38,33,71
2014,Yuba County,January,669,23,5,9,25,11,6,664,64,2,1,0,3,1,2,61,37,42,3,6,8,12,28,48,9,6,25,40
2014,Alameda County,February,12968,192,131,0,146,106,89,12950,445,2,0,5,1,3,3,445,323,341,7,7,92,109,147,348,5,131,194,330
2014,Alpine County,February,23,0,1,0,0,1,0,23,20,0,0,0,0,1,0,19,1,1,0,1,0,2,0,2,0,1,0,1
2014,Amador County,February,338,11,5,5,13,11,0,335,1027,34,0,0,27,0,19,1015,21,24,34,46,19,11,40,70,5,5,45,55
2014,Butte County,February,1256,48,34,0,36,53,4,1245,265,18,11,0,4,19,0,271,82,93,29,23,4,72,40,116,0,45,66,111
2014,Calaveras County,February,326,12,3,1,9,4,1,328,132,9,1,0,3,2,1,136,16,14,10,6,2,6,12,20,1,4,21,26
2014,Colusa County,February,87,6,3,0,1,3,1,91,61,2,0,0,0,4,1,58,9,5,2,5,2,7,1,10,0,3,8,11
2014,Contra Costa County,February,3798,105,8,12,77,6,43,3797,2,0,0,0,0,0,0,2,125,126,0,0,43,6,77,126,12,8,105,125
2014,Del Norte County,February,150,5,1,0,2,3,0,151,70,7,2,0,1,3,0,75,6,5,9,4,0,6,3,9,0,3,12,15
2014,El Dorado County,February,992,37,13,0,14,17,2,1009,130,5,7,0,5,0,1,136,50,33,12,6,3,17,19,39,0,20,42,62
2014,Fresno County,February,5417,250,211,22,154,286,1,5459,1893,49,63,4,72,60,0,1877,483,441,116,132,1,346,226,573,26,274,299,599
2014,Glenn County,February,228,5,6,1,7,3,20,210,95,4,1,1,4,0,18,79,12,30,6,22,38,3,11,52,2,7,9,18
2014,Humboldt County,February,1469,28,0,2,28,11,5,1455,27,0,0,0,0,0,0,27,30,44,0,0,5,11,28,44,2,0,28,30
2014,Imperial County,February,2382,35,13,0,59,2,0,2369,50,0,0,0,0,0,0,50,48,61,0,0,0,2,59,61,0,13,35,48
2014,Inyo County,February,132,8,3,1,6,7,0,131,144,8,3,0,12,8,1,134,12,13,11,21,1,15,18,34,1,6,16,23
2014,Kern County,February,7656,209,24,20,105,20,5,7779,0,0,0,0,0,0,0,0,253,130,0,0,5,20,105,130,20,24,209,253
2014,Kings County,February,2043,55,11,3,43,12,11,2046,1989,39,16,0,56,7,4,1977,69,66,55,67,15,19,99,133,3,27,94,124
2014,Lake County,February,739,15,1,0,1,16,4,734,172,6,0,0,1,4,0,173,16,21,6,5,4,20,2,26,0,1,21,22
2014,Lassen County,February,266,7,0,0,4,2,2,265,160,4,0,0,4,0,0,160,7,8,4,4,2,2,8,12,0,0,11,11
2014,Los Angeles County,February,55299,1362,345,0,699,732,59,55516,204,0,0,0,10,3,2,189,1707,1490,0,15,61,735,709,1505,0,345,1362,1707
2014,Madera County,February,3065,45,26,0,23,65,7,3041,433,9,4,0,3,12,0,431,71,95,13,15,7,77,26,110,0,30,54,84
2014,Marin County,February,1354,19,5,0,18,14,0,1346,964,19,5,0,24,23,0,941,24,32,24,47,0,37,42,79,0,10,38,48
2014,Mariposa County,February,101,2,3,0,2,1,0,103,194,4,8,0,9,5,0,192,5,3,12,14,0,6,11,17,0,11,6,17
2014,Mendocino County,February,728,26,26,0,18,25,0,737,106,3,2,0,4,3,0,104,52,43,5,7,0,28,22,50,0,28,29,57
2014,Merced County,February,2785,73,95,2,73,102,4,2776,0,0,0,0,0,0,0,0,170,179,0,0,4,102,73,179,2,95,73,170
2014,Modoc County,February,88,1,0,0,0,0,1,88,35,0,0,0,1,1,0,33,1,1,0,2,1,1,1,3,0,0,1,1
2014,Mono County,February,189,18,0,9,26,0,3,187,84,4,0,13,7,0,1,93,27,29,17,8,4,0,33,37,22,0,22,44
2014,Monterey County,February,3671,55,1,48,91,0,0,3684,1355,5,0,73,72,0,0,1361,104,91,78,72,0,0,163,163,121,1,60,182
2014,Napa County,February,846,42,23,0,5,41,2,863,1198,24,17,3,8,38,0,1196,65,48,44,46,2,79,13,94,3,40,66,109
2014,Nevada County,February,396,26,0,0,3,0,7,412,146,3,0,0,0,0,4,145,26,10,3,4,11,0,3,14,0,0,29,29
2014,Orange County,February,10870,649,257,0,417,426,106,10827,3281,39,2,0,26,21,0,3275,906,949,41,47,106,447,443,996,0,259,688,947
2014,Placer County,February,2328,67,1,0,34,16,25,2321,717,21,0,0,14,8,5,711,68,75,21,27,30,24,48,102,0,1,88,89
2014,Plumas County,February,146,6,4,0,4,3,0,149,117,7,0,0,2,2,0,120,10,7,7,4,0,5,6,11,0,4,13,17
2014,Riverside County,February,11512,355,223,0,335,313,0,11442,895,47,28,5,17,48,0,910,578,648,80,65,0,361,352,713,5,251,402,658
2014,Sacramento County,February,31744,532,369,77,88,357,75,32202,0,0,0,0,0,0,0,0,978,520,0,0,75,357,88,520,77,369,532,978
2014,San Benito County,February,321,4,3,2,9,3,13,305,152,6,2,3,4,1,11,147,9,25,11,16,24,4,13,41,5,5,10,20
2014,San Bernardino County,February,14761,486,58,15,654,1,9,14656,632,35,0,0,6,0,1,660,559,664,35,7,10,1,660,671,15,58,521,594
2014,San Diego County,February,12301,384,122,0,235,327,4,12241,648,19,6,0,10,14,0,649,506,566,25,24,4,341,245,590,0,128,403,531
2014,San Francisco County,February,3970,61,89,11,79,15,105,3932,1479,29,22,2,26,1,42,1463,161,199,53,69,147,16,105,268,13,111,90,214
2014,San Joaquin County,February,6713,72,129,35,174,100,10,6665,6181,65,141,9,91,98,3,6204,236,284,215,192,13,198,265,476,44,270,137,451
2014,San Luis Obispo County,February,1660,45,31,13,11,53,4,1681,696,13,5,0,14,15,1,684,89,68,18,30,5,68,25,98,13,36,58,107
2014,San Mateo County,February,4007,93,41,0,66,49,16,4010,1534,56,10,0,40,24,4,1532,134,131,66,68,20,73,106,199,0,51,149,200
2014,Santa Barbara County,February,2689,108,57,0,27,82,16,2729,1615,115,43,0,84,61,5,1623,165,125,158,150,21,143,111,275,0,100,223,323
2014,Santa Clara County,February,7966,574,338,247,284,295,666,7880,2108,206,157,156,101,140,293,2093,1159,1245,519,534,959,435,385,1779,403,495,780,1678
2014,Santa Cruz County,February,1724,38,34,8,6,46,0,1752,583,13,6,0,2,4,28,568,80,52,19,34,28,50,8,86,8,40,51,99
2014,Shasta County,February,1341,35,3,0,32,3,0,1344,8,0,0,0,0,0,0,8,38,35,0,0,0,3,32,35,0,3,35,38
2014,Sierra County,February,27,2,0,0,0,1,0,28,10,0,0,0,0,2,0,8,2,1,0,2,0,3,0,3,0,0,2,2
2014,Siskiyou County,February,452,11,12,0,1,27,5,442,5,0,0,0,0,0,0,5,23,33,0,0,5,27,1,33,0,12,11,23
2014,Solano County,February,2345,56,0,0,22,8,7,2364,784,16,0,0,12,0,2,786,56,37,16,14,9,8,34,51,0,0,72,72
2014,Sonoma County,February,2005,56,83,2,78,63,5,2000,538,23,15,1,15,15,22,525,141,146,39,52,27,78,93,198,3,98,79,180
2014,Stanislaus County,February,4795,98,158,12,44,124,18,4877,345,2,1,1,0,0,0,349,268,186,4,0,18,124,44,186,13,159,100,272
2014,Sutter County,February,829,22,13,3,2,13,8,844,4,5,1,0,1,0,0,9,38,23,6,1,8,13,3,24,3,14,27,44
2014,Tehama County,February,570,15,2,0,2,1,4,580,43,3,1,0,0,0,0,47,17,7,4,0,4,1,2,7,0,3,18,21
2014,Trinity County,February,177,4,0,0,3,0,0,178,18,0,0,0,0,0,0,18,4,3,0,0,0,0,3,3,0,0,4,4
2014,Tulare County,February,4759,132,43,4,110,78,26,4724,385,11,10,0,16,17,1,372,179,214,21,34,27,95,126,248,4,53,143,200
2014,Tuolumne County,February,897,25,3,0,28,15,10,872,802,29,5,0,38,17,0,781,28,53,34,55,10,32,66,108,0,8,54,62
2014,Ventura County,February,3401,91,56,0,88,0,0,3460,7799,193,33,0,33,190,0,7802,147,88,226,223,0,190,121,311,0,89,284,373
2014,Yolo County,February,2669,27,42,0,37,14,0,2687,37,0,0,0,0,0,0,37,69,51,0,0,0,14,37,51,0,42,27,69
2014,Yuba County,February,664,24,4,10,15,14,8,665,61,2,1,0,0,0,0,64,38,37,3,0,8,14,15,37,10,5,26,41
2014,Alameda County,March,12950,241,152,0,185,297,2555,10306,445,5,1,0,9,8,264,170,393,3037,6,281,2819,305,194,3318,0,153,246,399
2014,Alpine County,March,23,0,2,0,2,2,0,21,19,1,0,0,3,1,0,16,2,4,1,4,0,3,5,8,0,2,1,3
2014,Amador County,March,335,14,12,0,8,14,3,336,1015,18,3,0,25,2,4,1005,26,25,21,31,7,16,33,56,0,15,32,47
2014,Butte County,March,1245,53,28,0,22,47,6,1251,271,7,4,0,13,13,0,256,81,75,11,26,6,60,35,101,0,32,60,92
2014,Calaveras County,March,328,11,5,4,3,16,6,323,136,8,0,0,6,6,0,132,20,25,8,12,6,22,9,37,4,5,19,28
2014,Colusa County,March,91,8,0,0,0,4,5,90,58,5,0,0,3,2,1,57,8,9,5,6,6,6,3,15,0,0,13,13
2014,Contra Costa County,March,3797,111,10,27,109,3,52,3781,2,0,0,0,0,0,0,2,148,164,0,0,52,3,109,164,27,10,111,148
2014,Del Norte County,March,151,5,4,0,2,3,0,155,75,2,1,0,1,2,0,75,9,5,3,3,0,5,3,8,0,5,7,12
2014,El Dorado County,March,999,33,11,0,15,19,2,1007,127,7,3,0,2,2,0,133,44,36,10,4,2,21,17,40,0,14,40,54
2014,Fresno County,March,5459,269,199,14,118,311,4,5508,1877,50,69,0,31,60,0,1905,482,433,119,91,4,371,149,524,14,268,319,601
2014,Glenn County,March,210,9,7,1,0,1,14,212,79,2,0,0,0,0,3,78,17,15,2,3,17,1,0,18,1,7,11,19
2014,Humboldt County,March,1455,28,0,3,46,6,5,1429,27,0,0,0,1,0,0,26,31,57,0,1,5,6,47,58,3,0,28,31
2014,Imperial County,March,2369,38,14,0,47,0,0,2374,50,1,0,0,0,0,0,51,52,47,1,0,0,0,47,47,0,14,39,53
2014,Inyo County,March,131,5,1,1,7,5,2,124,134,5,4,1,13,3,0,128,7,14,10,16,2,8,20,30,2,5,10,17
2014,Kern County,March,7779,256,32,20,159,14,9,7905,0,0,0,0,0,0,0,0,308,182,0,0,9,14,159,182,20,32,256,308
2014,Kings County,March,2046,75,10,5,26,29,18,2063,1977,53,15,0,53,12,2,1978,90,73,68,67,20,41,79,140,5,25,128,158
2014,Lake County,March,733,10,1,0,1,8,2,733,174,1,0,0,0,0,0,175,11,11,1,0,2,8,1,11,0,1,11,12
2014,Lassen County,March,271,7,0,0,9,6,6,257,160,5,0,0,1,0,0,164,7,21,5,1,6,6,10,22,0,0,12,12
2014,Los Angeles County,March,55171,1499,368,0,861,759,52,55366,192,0,1,0,9,1,2,181,1867,1672,1,12,54,760,870,1684,0,369,1499,1868
2014,Madera County,March,3041,29,39,0,35,38,2,3034,431,5,3,0,7,4,1,427,68,75,8,12,3,42,42,87,0,42,34,76
2014,Marin County,March,1346,47,10,0,29,18,0,1356,941,27,7,0,17,27,0,931,57,47,34,44,0,45,46,91,0,17,74,91
2014,Mariposa County,March,103,3,4,0,4,3,0,103,192,3,8,0,4,8,0,191,7,7,11,12,0,11,8,19,0,12,6,18
2014,Mendocino County,March,737,14,17,0,14,23,2,729,107,4,3,0,4,8,0,102,31,39,7,12,2,31,18,51,0,20,18,38
2014,Merced County,March,2760,76,99,4,40,116,0,2783,0,0,0,0,0,0,0,0,179,156,0,0,0,116,40,156,4,99,76,179
2014,Modoc County,March,88,4,0,0,1,0,0,91,33,2,0,0,0,0,0,35,4,1,2,0,0,0,1,1,0,0,6,6
2014,Mono County,March,187,17,1,6,8,1,12,186,81,3,0,3,2,0,2,83,24,21,6,4,14,1,10,25,9,1,20,30
2014,Monterey County,March,3684,52,0,85,151,0,0,3670,1361,17,0,72,88,0,0,1362,137,151,89,88,0,0,239,239,157,0,69,226
2014,Napa County,March,863,39,33,0,12,45,5,873,1196,25,23,0,20,46,5,1173,72,62,48,71,10,91,32,133,0,56,64,120
2014,Nevada County,March,412,19,0,0,6,0,19,406,145,6,0,0,4,0,7,140,19,25,6,11,26,0,10,36,0,0,25,25
2014,Orange County,March,10827,776,442,0,601,625,94,10725,3275,35,14,0,24,12,1,3287,1218,1320,49,37,95,637,625,1357,0,456,811,1267
2014,Placer County,March,2341,81,0,0,41,16,27,2338,725,23,0,0,8,2,9,729,81,84,23,19,36,18,49,103,0,0,104,104
2014,Plumas County,March,149,5,2,0,6,5,0,145,120,12,1,0,1,1,0,131,7,11,13,2,0,6,7,13,0,3,17,20
2014,Riverside County,March,11442,516,246,11,384,330,0,11501,910,42,33,0,38,32,1,914,773,714,75,71,1,362,422,785,11,279,558,848
2014,Sacramento County,March,32202,557,388,100,96,429,59,32663,0,0,0,0,0,0,0,0,1045,584,0,0,59,429,96,584,100,388,557,1045
2014,San Benito County,March,305,4,2,5,0,1,24,291,147,16,0,5,0,2,22,144,11,25,21,24,46,3,0,49,10,2,20,32
2014,San Bernardino County,March,14656,624,0,14,684,2,30,14578,660,54,0,0,8,0,3,703,638,716,54,11,33,2,692,727,14,0,678,692
2014,San Diego County,March,12241,437,141,0,278,331,0,12210,649,19,3,0,13,22,0,636,578,609,22,35,0,353,291,644,0,144,456,600
2014,San Francisco County,March,3932,81,79,9,85,14,106,3896,1463,41,16,0,16,5,44,1455,169,205,57,65,150,19,101,270,9,95,122,226
2014,San Joaquin County,March,6665,92,214,23,129,121,15,6729,6204,85,166,0,85,79,2,6289,329,265,251,166,17,200,214,431,23,380,177,580
2014,San Luis Obispo County,March,1681,43,27,18,25,51,9,1684,684,25,11,0,14,9,1,696,88,85,36,24,10,60,39,109,18,38,68,124
2014,San Mateo County,March,4010,86,39,0,92,61,21,3961,1532,57,6,0,25,21,2,1547,125,174,63,48,23,82,117,222,0,45,143,188
2014,Santa Barbara County,March,2702,131,74,0,51,102,13,2741,1594,119,61,0,115,98,3,1558,205,166,180,216,16,200,166,382,0,135,250,385
2014,Santa Clara County,March,7880,651,345,325,301,289,742,7869,2093,249,153,197,153,126,332,2081,1321,1332,599,611,1074,415,454,1943,522,498,900,1920
2014,Santa Cruz County,March,1752,50,55,0,7,33,35,1782,568,18,4,0,4,7,7,572,105,75,22,18,42,40,11,93,0,59,68,127
2014,Shasta County,March,1344,19,15,0,44,15,0,1319,8,0,0,0,0,0,0,8,34,59,0,0,0,15,44,59,0,15,19,34
2014,Sierra County,March,28,0,0,0,0,0,0,28,8,0,0,0,0,0,0,8,0,0,0,0,0,0,0,0,0,0,0,0
2014,Siskiyou County,March,442,10,14,0,12,20,0,434,5,0,0,0,0,0,0,5,24,32,0,0,0,20,12,32,0,14,10,24
2014,Solano County,March,2338,61,0,0,34,9,7,2349,791,14,0,0,17,1,3,784,61,50,14,21,10,10,51,71,0,0,75,75
2014,Sonoma County,March,2000,81,54,4,79,70,2,1988,525,22,7,0,18,19,14,503,139,151,29,51,16,89,97,202,4,61,103,168
2014,Stanislaus County,March,4877,117,120,10,39,161,19,4905,349,0,1,0,0,0,0,350,247,219,1,0,19,161,39,219,10,121,117,248
2014,Sutter County,March,844,31,8,0,6,21,11,845,9,4,0,0,0,0,1,12,39,38,4,1,12,21,6,39,0,8,35,43
2014,Tehama County,March,586,26,4,0,8,4,9,595,46,4,3,0,1,1,1,50,30,21,7,3,10,5,9,24,0,7,30,37
2014,Trinity County,March,178,10,0,0,5,0,1,182,18,0,0,0,2,0,0,16,10,6,0,2,1,0,7,8,0,0,10,10
2014,Tulare County,March,4724,103,66,4,117,60,22,4698,372,11,36,0,22,17,7,373,173,199,47,46,29,77,139,245,4,102,114,220
2014,Tuolumne County,March,872,64,11,0,24,30,3,890,781,24,7,0,44,15,0,753,75,57,31,59,3,45,68,116,0,18,88,106
2014,Ventura County,March,3379,114,17,0,72,0,0,3438,7728,235,35,0,28,138,0,7832,131,72,270,166,0,138,100,238,0,52,349,401
2014,Yolo County,March,2687,29,31,0,45,8,0,2694,37,0,0,0,0,0,0,37,60,53,0,0,0,8,45,53,0,31,29,60
2014,Yuba County,March,665,30,11,8,29,15,18,652,64,3,0,1,1,0,0,67,49,62,4,1,18,15,30,63,9,11,33,53
2014,Alameda County,April,10306,206,158,108,160,262,56,10300,170,6,3,1,10,2,0,168,472,478,10,12,56,264,170,490,109,161,212,482
2014,Alpine County,April,21,1,2,0,0,1,2,21,16,1,0,0,0,0,0,17,3,3,1,0,2,1,0,3,0,2,2,4
2014,Amador County,April,336,15,17,7,11,17,0,347,1005,30,2,0,16,0,9,1012,39,28,32,25,9,17,27,53,7,19,45,71
2014,Butte County,April,1251,64,30,0,51,74,10,1210,256,22,8,0,14,12,1,259,94,135,30,27,11,86,65,162,0,38,86,124
2014,Calaveras County,April,323,9,10,3,9,16,2,318,132,10,2,0,1,7,3,133,22,27,12,11,5,23,10,38,3,12,19,34
2014,Colusa County,April,90,2,1,0,2,1,2,88,57,2,3,0,3,1,0,58,3,5,5,4,2,2,5,9,0,4,4,8
2014,Contra Costa County,April,3781,105,13,16,107,6,42,3760,2,0,0,0,0,0,0,2,134,155,0,0,42,6,107,155,16,13,105,134
2014,Del Norte County,April,155,4,6,1,7,7,1,151,75,3,2,0,4,6,0,70,11,15,5,10,1,13,11,25,1,8,7,16
2014,El Dorado County,April,1019,32,14,0,24,6,8,1027,127,10,3,0,3,4,4,129,46,38,13,11,12,10,27,49,0,17,42,59
2014,Fresno County,April,5508,304,242,10,136,357,2,5569,1905,65,54,0,43,51,1,1929,556,495,119,95,3,408,179,590,10,296,369,675
2014,Glenn County,April,212,4,4,10,7,0,7,216,78,7,0,6,4,0,5,82,18,14,13,9,12,0,11,23,16,4,11,31
2014,Humboldt County,April,1429,35,0,1,25,8,8,1424,26,0,0,0,5,0,0,21,36,41,0,5,8,8,30,46,1,0,35,36
2014,Imperial County,April,2374,43,13,0,27,7,0,2396,51,0,0,0,0,0,0,51,56,34,0,0,0,7,27,34,0,13,43,56
2014,Inyo County,April,124,7,3,0,6,11,3,114,128,1,2,1,5,9,1,117,10,20,4,15,4,20,11,35,1,5,8,14
2014,Kern County,April,7905,293,35,19,132,15,10,8095,0,0,0,0,0,0,0,0,347,157,0,0,10,15,132,157,19,35,293,347
2014,Kings County,April,2063,51,13,62,26,21,67,2075,1978,56,8,4,44,14,14,1974,126,114,68,72,81,35,70,186,66,21,107,194
2014,Lake County,April,749,12,5,0,0,5,0,761,177,3,0,0,0,0,0,180,17,5,3,0,0,5,0,5,0,5,15,20
2014,Lassen County,April,265,6,0,0,14,0,0,257,165,2,0,0,4,0,0,163,6,14,2,4,0,0,18,18,0,0,8,8
2014,Los Angeles County,April,55133,1656,389,0,683,767,61,55667,180,1,1,0,2,2,3,175,2045,1511,2,7,64,769,685,1518,0,390,1657,2047
2014,Madera County,April,3034,58,61,0,24,53,0,3076,427,9,16,0,3,7,0,442,119,77,25,10,0,60,27,87,0,77,67,144
2014,Marin County,April,1356,35,9,0,20,13,0,1367,931,22,6,0,11,13,0,935,44,33,28,24,0,26,31,57,0,15,57,72
2014,Mariposa County,April,103,6,8,0,3,7,0,107,191,4,8,0,10,12,0,181,14,10,12,22,0,19,13,32,0,16,10,26
2014,Mendocino County,April,726,19,22,0,20,32,1,714,103,0,4,0,4,6,1,96,41,53,4,11,2,38,24,64,0,26,19,45
2014,Merced County,April,2783,78,102,3,35,122,2,2807,0,0,0,0,0,0,0,0,183,159,0,0,2,122,35,159,3,102,78,183
2014,Modoc County,April,91,1,0,0,4,1,1,86,35,0,0,0,1,2,0,32,1,6,0,3,1,3,5,9,0,0,1,1
2014,Mono County,April,186,8,0,1,6,1,5,183,83,6,1,2,4,1,0,87,9,12,9,5,5,2,10,17,3,1,14,18
2014,Monterey County,April,3670,65,0,68,137,0,0,3666,1362,10,0,76,88,0,0,1360,133,137,86,88,0,0,225,225,144,0,75,219
2014,Napa County,April,873,64,36,51,43,47,0,934,1173,38,38,68,86,62,0,1169,151,90,144,148,0,109,129,238,119,74,102,295
2014,Nevada County,April,406,23,2,0,9,0,4,418,140,6,1,0,0,0,13,134,25,13,7,13,17,0,9,26,0,3,29,32
2014,Orange County,April,10725,791,302,0,565,375,69,10809,3287,51,3,0,34,12,0,3295,1093,1009,54,46,69,387,599,1055,0,305,842,1147
2014,Placer County,April,2338,80,0,0,28,10,31,2342,721,22,0,0,12,2,7,722,80,69,22,21,38,12,40,90,0,0,102,102
2014,Plumas County,April,145,6,3,1,12,6,0,146,126,8,3,0,10,2,0,125,10,18,11,12,0,8,22,30,1,6,14,21
2014,Riverside County,April,11501,498,205,8,401,335,0,11476,914,40,47,0,32,49,9,911,711,736,87,90,9,384,433,826,8,252,538,798
2014,Sacramento County,April,32663,646,485,88,83,448,82,33269,0,0,0,0,0,0,0,0,1219,613,0,0,82,448,83,613,88,485,646,1219
2014,San Benito County,April,291,10,0,2,12,1,8,282,144,7,1,5,0,1,8,148,12,21,13,9,16,2,12,30,7,1,17,25
2014,San Bernardino County,April,14578,650,0,46,682,5,16,14571,703,43,0,5,9,1,0,741,696,703,48,10,16,6,691,713,51,0,693,744
2014,San Diego County,April,12210,388,113,0,240,295,3,12173,636,19,1,0,11,9,0,636,501,538,20,20,3,304,251,558,0,114,407,521
2014,San Francisco County,April,3896,70,86,10,101,28,104,3829,1455,38,18,0,21,3,52,1435,166,233,56,76,156,31,122,309,10,104,108,222
2014,San Joaquin County,April,6729,88,95,42,87,59,7,6801,6289,70,131,8,58,66,2,6372,225,153,209,126,9,125,145,279,50,226,158,434
2014,San Luis Obispo County,April,1684,65,39,7,42,73,9,1671,696,29,5,0,31,23,2,674,111,124,34,56,11,96,73,180,7,44,94,145
2014,San Mateo County,April,3961,101,34,0,80,78,18,3920,1547,69,7,0,30,16,4,1573,135,176,76,50,22,94,110,226,0,41,170,211
2014,Santa Barbara County,April,2695,130,74,0,51,88,13,2747,1574,129,62,0,121,86,4,1554,204,152,191,211,17,174,172,363,0,136,259,395
2014,Santa Clara County,April,7869,647,317,415,298,329,784,7837,2081,253,144,191,143,128,306,2092,1379,1411,588,577,1090,457,441,1988,606,461,900,1967
2014,Santa Cruz County,April,1782,43,53,0,9,33,55,1781,572,19,6,0,6,11,20,560,96,97,25,37,75,44,15,134,0,59,62,121
2014,Shasta County,April,1319,30,16,0,28,16,0,1321,8,0,0,0,0,0,0,8,46,44,0,0,0,16,28,44,0,16,30,46
2014,Sierra County,April,28,0,0,0,0,0,0,28,8,0,0,0,0,0,0,8,0,0,0,0,0,0,0,0,0,0,0,0
2014,Siskiyou County,April,434,12,14,0,7,19,0,434,7,0,0,0,0,0,0,7,26,26,0,0,0,19,7,26,0,14,12,26
2014,Solano County,April,2328,45,0,0,37,10,7,2319,780,17,0,0,15,1,3,778,45,54,17,19,10,11,52,73,0,0,62,62
2014,Sonoma County,April,1988,81,55,3,73,75,1,1978,503,29,20,1,15,17,22,499,139,149,50,54,23,92,88,203,4,75,110,189
2014,Stanislaus County,April,4905,216,124,14,43,171,3,5042,350,0,0,0,0,0,0,350,354,217,0,0,3,171,43,217,14,124,216,354
2014,Sutter County,April,845,40,12,2,0,26,12,861,12,1,0,0,0,0,2,11,54,38,1,2,14,26,0,40,2,12,41,55
2014,Tehama County,April,595,21,2,0,1,0,15,602,50,2,0,0,0,0,2,50,23,16,2,2,17,0,1,18,0,2,23,25
2014,Trinity County,April,182,6,0,0,4,0,3,181,16,0,0,0,0,0,0,16,6,7,0,0,3,0,4,7,0,0,6,6
2014,Tulare County,April,4698,155,53,7,110,101,29,4673,373,6,16,0,24,17,5,349,215,240,22,46,34,118,134,286,7,69,161,237
2014,Tuolumne County,April,890,42,16,0,7,16,1,924,753,26,2,0,34,16,1,730,58,24,28,51,2,32,41,75,0,18,68,86
2014,Ventura County,April,3369,111,17,0,82,0,0,3415,7719,266,35,0,52,125,0,7843,128,82,301,177,0,125,134,259,0,52,377,429
2014,Yolo County,April,2694,29,48,0,55,14,0,2702,37,0,0,0,0,0,0,37,77,69,0,0,0,14,55,69,0,48,29,77
2014,Yuba County,April,652,24,8,9,20,17,5,651,67,1,4,1,4,1,0,68,41,42,6,5,5,18,24,47,10,12,25,47
2014,Alameda County,May,10300,232,137,0,175,307,61,10126,168,8,0,0,5,6,3,162,369,543,8,14,64,313,180,557,0,137,240,377
2014,Alpine County,May,21,0,0,0,0,3,0,18,17,1,0,0,0,1,0,17,0,3,1,1,0,4,0,4,0,0,1,1
2014,Amador County,May,347,12,6,9,27,12,0,335,1012,29,0,0,16,0,16,1009,27,39,29,32,16,12,43,71,9,6,41,56
2014,Butte County,May,1210,46,38,0,27,49,1,1217,259,24,10,0,6,18,3,266,84,77,34,27,4,67,33,104,0,48,70,118
2014,Calaveras County,May,318,5,9,2,5,12,3,314,133,5,4,0,4,1,3,134,16,20,9,8,6,13,9,28,2,13,10,25
2014,Colusa County,May,88,4,2,0,1,3,2,88,58,4,0,0,3,2,0,57,6,6,4,5,2,5,4,11,0,2,8,10
2014,Contra Costa County,May,3760,103,7,14,93,11,48,3732,2,0,0,0,0,0,0,2,124,152,0,0,48,11,93,152,14,7,103,124
2014,Del Norte County,May,151,6,3,0,2,10,0,148,70,4,2,0,1,2,0,73,9,12,6,3,0,12,3,15,0,5,10,15
2014,El Dorado County,May,1025,36,4,0,14,7,5,1039,121,13,1,0,2,5,1,127,40,26,14,8,6,12,16,34,0,5,49,54
2014,Fresno County,May,5569,273,234,17,117,309,14,5653,1929,39,43,2,22,37,2,1952,524,440,84,61,16,346,139,501,19,277,312,608
2014,Glenn County,May,216,6,6,1,9,0,12,208,82,2,0,1,4,0,3,78,13,21,3,7,15,0,13,28,2,6,8,16
2014,Humboldt County,May,1424,24,0,2,48,10,6,1386,21,0,0,1,1,0,0,21,26,64,1,1,6,10,49,65,3,0,24,27
2014,Imperial County,May,2396,49,16,0,16,1,0,2444,51,0,0,0,0,0,0,51,65,17,0,0,0,1,16,17,0,16,49,65
2014,Inyo County,May,114,3,2,0,11,10,2,96,117,1,3,0,9,9,1,102,5,23,4,19,3,19,20,42,0,5,4,9
2014,Kern County,May,8095,236,12,14,253,17,11,8076,0,0,0,0,0,0,0,0,262,281,0,0,11,17,253,281,14,12,236,262
2014,Kings County,May,2075,58,11,5,32,13,22,2082,1974,53,15,2,50,11,8,1975,74,67,70,69,30,24,82,136,7,26,111,144
2014,Lake County,May,760,9,2,0,0,2,1,768,179,2,0,0,0,0,0,181,11,3,2,0,1,2,0,3,0,2,11,13
2014,Lassen County,May,256,5,0,0,6,5,5,245,164,6,0,0,3,2,2,163,5,16,6,7,7,7,9,23,0,0,11,11
2014,Los Angeles County,May,55132,1545,389,0,798,796,73,55399,165,3,2,0,5,2,1,162,1934,1667,5,8,74,798,803,1675,0,391,1548,1939
2014,Madera County,May,3076,27,35,0,26,65,6,3041,442,13,2,0,11,14,1,431,62,97,15,26,7,79,37,123,0,37,40,77
2014,Marin County,May,1367,34,9,0,30,34,0,1346,935,21,5,0,1,39,0,921,43,64,26,40,0,73,31,104,0,14,55,69
2014,Mariposa County,May,107,5,2,0,2,4,0,112,192,3,7,0,2,10,0,190,7,6,10,12,0,14,4,18,0,9,8,17
2014,Mendocino County,May,732,19,22,0,20,32,1,720,98,0,4,0,4,6,1,91,41,53,4,11,2,38,24,64,0,26,19,45
2014,Merced County,May,2824,62,77,7,31,123,0,2816,0,0,0,0,0,0,0,0,146,154,0,0,0,123,31,154,7,77,62,146
2014,Modoc County,May,86,4,0,0,0,0,0,90,32,1,0,0,1,0,0,32,4,0,1,1,0,0,1,1,0,0,5,5
2014,Mono County,May,183,14,0,1,15,0,5,178,87,2,1,0,6,4,0,80,15,20,3,10,5,4,21,30,1,1,16,18
2014,Monterey County,May,3666,84,0,55,121,0,0,3684,1360,9,0,83,116,0,0,1336,139,121,92,116,0,0,237,237,138,0,93,231
2014,Napa County,May,934,53,30,2,16,53,1,949,1169,34,26,0,39,40,5,1145,85,70,60,84,6,93,55,154,2,56,87,145
2014,Nevada County,May,418,19,1,0,4,0,13,421,134,4,1,0,2,0,3,134,20,17,5,5,16,0,6,22,0,2,23,25
2014,Orange County,May,10809,710,360,0,499,445,35,10900,3295,14,2,0,40,15,0,3256,1070,979,16,55,35,460,539,1034,0,362,724,1086
2014,Placer County,May,2323,75,0,0,41,13,14,2330,725,23,0,0,15,1,2,730,75,68,23,18,16,14,56,86,0,0,98,98
2014,Plumas County,May,146,4,4,0,11,1,0,142,125,4,3,0,0,8,0,124,8,12,7,8,0,9,11,20,0,7,8,15
2014,Riverside County,May,11476,441,271,12,301,327,0,11572,911,72,38,7,80,58,0,890,724,628,117,138,0,385,381,766,19,309,513,841
2014,Sacramento County,May,33269,513,425,97,95,432,80,33697,0,0,0,0,0,0,0,0,1035,607,0,0,80,432,95,607,97,425,513,1035
2014,San Benito County,May,282,11,1,2,12,1,1,282,148,12,2,4,5,3,1,157,14,14,18,9,2,4,17,23,6,3,23,32
2014,San Bernardino County,May,14571,569,0,156,656,4,13,14623,741,56,0,20,9,0,0,808,725,673,76,9,13,4,665,682,176,0,625,801
2014,San Diego County,May,12173,380,88,0,261,344,1,12089,641,22,1,0,10,12,0,642,468,606,23,22,1,356,271,628,0,89,402,491
2014,San Francisco County,May,3829,74,79,17,87,10,91,3811,1435,44,15,0,26,2,35,1431,170,188,59,63,126,12,113,251,17,94,118,229
2014,San Joaquin County,May,6801,123,145,7,80,102,3,6891,6372,78,122,2,36,86,2,6450,275,185,202,124,5,188,116,309,9,267,201,477
2014,San Luis Obispo County,May,1671,45,45,6,21,74,5,1667,674,25,9,0,15,19,0,674,96,100,34,34,5,93,36,134,6,54,70,130
2014,San Mateo County,May,3920,78,44,0,55,43,11,3933,1573,57,6,0,30,25,1,1580,122,109,63,56,12,68,85,165,0,50,135,185
2014,Santa Barbara County,May,2707,101,65,0,63,83,21,2706,1523,94,43,0,104,59,1,1496,166,167,137,164,22,142,167,331,0,108,195,303
2014,Santa Clara County,May,7837,661,337,396,292,251,729,7959,2092,217,127,155,109,109,280,2093,1394,1272,499,498,1009,360,401,1770,551,464,878,1893
2014,Santa Cruz County,May,1781,46,51,0,11,38,48,1781,560,20,6,0,4,2,37,543,97,97,26,43,85,40,15,140,0,57,66,123
2014,Shasta County,May,1321,40,11,0,38,11,0,1323,8,0,0,0,0,0,0,8,51,49,0,0,0,11,38,49,0,11,40,51
2014,Sierra County,May,28,0,0,0,1,1,0,26,8,0,0,0,0,0,0,8,0,2,0,0,0,1,1,2,0,0,0,0
2014,Siskiyou County,May,434,14,8,0,6,13,1,436,7,0,0,0,0,0,0,7,22,20,0,0,1,13,6,20,0,8,14,22
2014,Solano County,May,2309,58,0,0,34,14,3,2316,772,14,0,0,13,1,1,771,58,51,14,15,4,15,47,66,0,0,72,72
2014,Sonoma County,May,1978,90,73,2,84,48,1,2010,499,26,16,0,13,16,17,495,165,133,42,46,18,64,97,179,2,89,116,207
2014,Stanislaus County,May,5042,105,151,16,32,243,9,5030,350,0,0,0,0,0,0,350,272,284,0,0,9,243,32,284,16,151,105,272
2014,Sutter County,May,861,36,8,4,3,24,10,872,11,7,0,0,0,2,0,16,48,37,7,2,10,26,3,39,4,8,43,55
2014,Tehama County,May,602,28,6,0,3,2,8,623,49,1,1,0,1,1,0,49,34,13,2,2,8,3,4,15,0,7,29,36
2014,Trinity County,May,181,10,0,0,7,1,6,177,16,0,0,0,0,0,0,16,10,14,0,0,6,1,7,14,0,0,10,10
2014,Tulare County,May,4673,166,62,6,96,74,26,4711,349,34,17,0,36,7,0,357,234,196,51,43,26,81,132,239,6,79,200,285
2014,Tuolumne County,May,924,46,7,0,34,25,24,894,730,27,9,0,60,23,1,682,53,83,36,84,25,48,94,167,0,16,73,89
2014,Ventura County,May,3364,100,20,0,102,0,0,3382,7782,239,33,0,55,42,0,7957,120,102,272,97,0,42,157,199,0,53,339,392
2014,Yolo County,May,2702,35,43,0,37,15,0,2782,37,0,0,0,0,0,0,37,78,52,0,0,0,15,37,52,0,43,35,78
2014,Yuba County,May,651,20,14,15,22,7,17,654,68,0,3,3,2,0,0,72,49,46,6,2,17,7,24,48,18,17,20,55
2014,Alameda County,June,10126,254,115,89,171,315,36,10062,162,6,6,1,7,4,0,164,458,522,13,11,36,319,178,533,90,121,260,471
2014,Alpine County,June,18,0,2,0,1,0,0,19,17,0,2,0,0,0,0,19,2,1,2,0,0,0,1,1,0,4,0,4
2014,Amador County,June,335,11,9,5,11,15,0,334,1009,35,0,0,19,6,0,1019,25,26,35,25,0,21,30,51,5,9,46,60
2014,Butte County,June,1217,54,26,0,17,58,11,1211,266,22,7,0,9,22,2,262,80,86,29,33,13,80,26,119,0,33,76,109
2014,Calaveras County,June,314,9,7,4,10,6,4,314,134,7,2,1,4,4,4,132,20,20,10,12,8,10,14,32,5,9,16,30
2014,Colusa County,June,88,5,2,0,2,3,3,87,57,3,1,0,4,4,0,53,7,8,4,8,3,7,6,16,0,3,8,11
2014,Contra Costa County,June,3732,102,11,18,61,4,47,3751,2,0,0,0,0,0,0,2,131,112,0,0,47,4,61,112,18,11,102,131
2014,Del Norte County,June,148,8,3,0,1,5,2,151,73,3,3,0,2,5,1,71,11,8,6,8,3,10,3,16,0,6,11,17
2014,El Dorado County,June,1026,40,4,0,21,8,12,1029,128,7,1,0,4,0,1,131,44,41,8,5,13,8,25,46,0,5,47,52
2014,Fresno County,June,5653,291,239,0,116,334,8,5725,1952,35,44,1,51,73,0,1908,530,458,80,124,8,407,167,582,1,283,326,610
2014,Glenn County,June,208,7,3,2,3,1,5,211,78,5,2,1,3,0,4,79,12,9,8,7,9,1,6,16,3,5,12,20
2014,Humboldt County,June,1386,25,0,1,40,8,7,1357,21,1,0,0,0,0,0,22,26,55,1,0,7,8,40,55,1,0,26,27
2014,Imperial County,June,2444,70,24,0,20,7,0,2511,51,0,0,0,0,0,0,51,94,27,0,0,0,7,20,27,0,24,70,94
2014,Inyo County,June,96,2,3,1,7,8,0,142,102,3,4,0,6,7,0,96,6,15,7,13,0,15,13,28,1,7,5,13
2014,Kern County,June,8076,247,10,13,186,15,12,8133,0,0,0,0,0,0,0,0,270,213,0,0,12,15,186,213,13,10,247,270
2014,Kings County,June,2082,71,7,6,21,14,9,2122,1975,24,7,0,16,7,3,1980,84,44,31,26,12,21,37,70,6,14,95,115
2014,Lake County,June,720,21,6,0,2,2,4,739,152,3,0,0,0,0,0,155,27,8,3,0,4,2,2,8,0,6,24,30
2014,Lassen County,June,248,10,0,0,4,1,1,252,165,4,0,0,1,1,1,166,10,6,4,3,2,2,5,9,0,0,14,14
2014,Los Angeles County,June,55122,1637,404,0,805,783,77,55498,164,0,2,0,9,4,4,149,2041,1665,2,17,81,787,814,1682,0,406,1637,2043
2014,Madera County,June,3041,40,65,0,31,67,16,3032,431,7,5,0,11,9,0,423,105,114,12,20,16,76,42,134,0,70,47,117
2014,Marin County,June,1346,34,8,0,7,18,0,1363,921,25,6,0,14,12,0,926,42,25,31,26,0,30,21,51,0,14,59,73
2014,Mariposa County,June,112,4,2,0,2,5,0,113,192,7,9,0,12,12,0,184,6,7,16,24,0,17,14,31,0,11,11,22
2014,Mendocino County,June,723,17,22,0,20,26,4,712,95,3,7,0,1,6,0,98,39,50,10,7,4,32,21,57,0,29,20,49
2014,Merced County,June,2804,63,89,1,43,116,2,2796,0,0,0,0,0,0,0,0,153,161,0,0,2,116,43,161,1,89,63,153
2014,Modoc County,June,90,3,0,0,0,0,0,93,32,3,0,0,2,0,0,33,3,0,3,2,0,0,2,2,0,0,6,6
2014,Mono County,June,178,6,0,2,1,1,5,179,80,2,0,1,0,0,1,82,8,7,3,1,6,1,1,8,3,0,8,11
2014,Monterey County,June,3684,82,0,103,175,0,0,3694,1336,5,10,100,108,0,0,1343,185,175,115,108,0,0,283,283,203,10,87,300
2014,Napa County,June,949,41,24,31,21,40,7,977,1145,24,19,0,38,33,16,1101,96,68,43,87,23,73,59,155,31,43,65,139
2014,Nevada County,June,421,23,0,0,7,0,0,437,134,7,0,0,1,0,9,131,23,7,7,10,9,0,8,17,0,0,30,30
2014,Orange County,June,10900,855,343,0,478,397,58,11165,3256,33,9,0,20,14,3,3261,1198,933,42,37,61,411,498,970,0,352,888,1240
2014,Placer County,June,2362,100,0,0,39,5,16,2402,714,13,0,0,7,4,3,713,100,60,13,14,19,9,46,74,0,0,113,113
2014,Plumas County,June,142,9,4,0,2,6,0,147,124,6,5,0,5,2,0,128,13,8,11,7,0,8,7,15,0,9,15,24
2014,Riverside County,June,11572,423,267,10,335,382,0,11555,890,64,38,2,39,54,0,901,700,717,104,93,0,436,374,810,12,305,487,804
2014,Sacramento County,June,33697,577,414,92,108,413,59,34200,0,0,0,0,0,0,0,0,1083,580,0,0,59,413,108,580,92,414,577,1083
2014,San Benito County,June,282,12,1,3,15,10,4,269,157,9,0,2,2,2,3,161,16,29,11,7,7,12,17,36,5,1,21,27
2014,San Bernardino County,June,14623,650,0,70,622,2,15,14704,808,75,1,0,11,2,3,868,720,639,76,16,18,4,633,655,70,1,725,796
2014,San Diego County,June,12089,455,125,0,227,293,5,12247,648,25,5,0,16,10,0,652,580,525,30,26,5,303,243,551,0,130,480,610
2014,San Francisco County,June,3811,72,49,21,90,16,86,3761,1431,29,10,1,23,0,71,1377,142,192,40,94,157,16,113,286,22,59,101,182
2014,San Joaquin County,June,6891,127,151,40,101,114,14,6980,6450,72,161,4,57,90,1,6539,318,229,237,148,15,204,158,377,44,312,199,555
2014,San Luis Obispo County,June,1667,82,48,7,68,72,3,1661,674,34,7,0,36,8,0,671,137,143,41,44,3,80,104,187,7,55,116,178
2014,San Mateo County,June,3933,96,48,0,80,47,9,3941,1580,44,7,0,19,15,2,1595,144,136,51,36,11,62,99,172,0,55,140,195
2014,Santa Barbara County,June,2697,142,63,0,50,87,15,2750,1500,129,52,0,69,70,3,1539,205,152,181,142,18,157,119,294,0,115,271,386
2014,Santa Clara County,June,7959,721,398,321,311,326,814,7948,2093,233,155,164,132,176,263,2074,1440,1451,552,571,1077,502,443,2022,485,553,954,1992
2014,Santa Cruz County,June,1781,52,33,0,6,40,52,1768,543,26,8,0,2,7,24,544,85,98,34,33,76,47,8,131,0,41,78,119
2014,Shasta County,June,1323,30,14,0,43,14,0,1310,8,0,0,0,0,0,0,8,44,57,0,0,0,14,43,57,0,14,30,44
2014,Sierra County,June,26,1,0,0,0,0,0,27,8,0,0,0,1,0,0,7,1,0,0,1,0,0,1,1,0,0,1,1
2014,Siskiyou County,June,473,12,12,0,15,20,1,461,7,0,0,1,0,0,0,8,24,36,1,0,1,20,15,36,1,12,12,25
2014,Solano County,June,2274,50,0,0,42,18,7,2257,767,18,0,0,18,3,6,758,50,67,18,27,13,21,60,94,0,0,68,68
2014,Sonoma County,June,2010,90,56,3,71,64,1,2023,495,15,12,0,16,23,12,471,149,136,27,51,13,87,87,187,3,68,105,176
2014,Stanislaus County,June,5030,107,120,39,40,220,89,4947,350,1,0,0,0,0,0,351,266,349,1,0,89,220,40,349,39,120,108,267
2014,Sutter County,June,872,48,16,4,2,27,24,887,16,2,4,0,1,1,1,19,68,53,6,3,25,28,3,56,4,20,50,74
2014,Tehama County,June,623,26,6,0,0,2,7,646,49,3,0,0,0,1,0,51,32,9,3,1,7,3,0,10,0,6,29,35
2014,Trinity County,June,177,6,0,0,5,0,6,172,16,0,0,0,1,0,0,15,6,11,0,1,6,0,6,12,0,0,6,6
2014,Tulare County,June,4711,128,59,5,106,75,14,4708,357,19,18,0,22,11,1,360,192,195,37,34,15,86,128,229,5,77,147,229
2014,Tuolumne County,June,894,29,4,0,19,32,11,865,682,19,16,0,30,28,0,659,33,62,35,58,11,60,49,120,0,20,48,68
2014,Ventura County,June,3279,99,45,0,91,0,0,3332,7776,259,34,0,43,109,0,7917,144,91,293,152,0,109,134,243,0,79,358,437
2014,Yolo County,June,2728,19,45,0,43,20,0,2729,37,0,0,0,0,0,0,37,64,63,0,0,0,20,43,63,0,45,19,64
2014,Yuba County,June,654,38,16,6,25,16,7,666,72,1,1,0,6,0,1,67,60,48,2,7,8,16,31,55,6,17,39,62
2014,Alameda County,July,10062,255,177,67,162,287,34,10078,164,11,2,0,7,6,0,164,499,483,13,13,34,293,169,496,67,179,266,512
2014,Alpine County,July,19,0,0,0,2,0,0,17,19,1,0,0,1,0,0,19,0,2,1,1,0,0,3,3,0,0,1,1
2014,Amador County,July,334,5,4,12,19,14,0,322,1019,29,0,0,10,5,0,1033,21,33,29,15,0,19,29,48,12,4,34,50
2014,Butte County,July,1211,78,33,0,47,86,17,1172,262,26,10,0,6,28,2,262,111,150,36,36,19,114,53,186,0,43,104,147
2014,Calaveras County,July,314,14,7,3,9,10,4,315,132,9,2,0,5,5,4,129,24,23,11,14,8,15,14,37,3,9,23,35
2014,Colusa County,July,87,7,5,0,1,2,4,92,53,0,2,0,0,2,19,34,12,7,2,21,23,4,1,28,0,7,7,14
2014,Contra Costa County,July,3751,97,6,20,90,9,45,3730,2,0,0,0,0,0,0,2,123,144,0,0,45,9,90,144,20,6,97,123
2014,Del Norte County,July,151,3,5,1,6,7,1,146,71,3,1,0,2,4,0,69,9,14,4,6,1,11,8,20,1,6,6,13
2014,El Dorado County,July,1025,50,7,0,21,6,10,1045,131,7,3,0,4,5,1,131,57,37,10,10,11,11,25,47,0,10,57,67
2014,Fresno County,July,5725,328,225,1,110,342,11,5816,1908,46,69,3,21,63,4,1938,554,463,118,88,15,405,131,551,4,294,374,672
2014,Glenn County,July,211,2,2,42,6,6,3,242,79,3,2,12,0,2,0,94,46,15,17,2,3,8,6,17,54,4,5,63
2014,Humboldt County,July,1357,28,0,5,38,9,3,1340,22,0,0,0,0,0,0,22,33,50,0,0,3,9,38,50,5,0,28,33
2014,Imperial County,July,2511,48,35,0,27,5,0,2562,51,0,0,0,0,0,0,51,83,32,0,0,0,5,27,32,0,35,48,83
2014,Inyo County,July,142,6,9,1,2,6,2,148,96,7,8,0,7,8,0,96,16,10,15,15,2,14,9,25,1,17,13,31
2014,Kern County,July,8133,261,17,12,238,15,13,8157,0,0,0,0,0,0,0,0,290,266,0,0,13,15,238,266,12,17,261,290
2014,Kings County,July,2122,77,9,6,21,16,18,2159,1980,44,10,0,43,17,9,1965,92,55,54,69,27,33,64,124,6,19,121,146
2014,Lake County,July,704,19,4,0,6,8,0,713,145,8,2,0,1,2,0,152,23,14,10,3,0,10,7,17,0,6,27,33
2014,Lassen County,July,253,4,0,0,7,6,5,239,166,5,0,0,3,2,2,164,4,18,5,7,7,8,10,25,0,0,9,9
2014,Los Angeles County,July,55336,1672,410,0,672,703,58,55985,146,1,4,0,3,1,2,145,2082,1433,5,6,60,704,675,1439,0,414,1673,2087
2014,Madera County,July,3032,17,20,0,14,55,5,2995,423,3,4,0,3,7,2,418,37,74,7,12,7,62,17,86,0,24,20,44
2014,Marin County,July,1363,22,6,0,22,6,0,1363,926,22,5,0,9,13,0,931,28,28,27,22,0,19,31,50,0,11,44,55
2014,Mariposa County,July,113,2,2,0,7,3,0,107,184,4,8,0,9,14,0,173,4,10,12,23,0,17,16,33,0,10,6,16
2014,Mendocino County,July,710,5,19,0,10,24,9,691,98,9,6,0,6,5,1,101,24,43,15,12,10,29,16,55,0,25,14,39
2014,Merced County,July,2796,83,87,0,21,112,0,2833,0,0,0,0,0,0,0,0,170,133,0,0,0,112,21,133,0,87,83,170
2014,Modoc County,July,93,2,0,0,3,1,0,91,33,1,0,0,1,0,0,33,2,4,1,1,0,1,4,5,0,0,3,3
2014,Mono County,July,179,3,1,2,2,0,4,179,82,3,1,0,5,1,3,77,6,6,4,9,7,1,7,15,2,2,6,10
2014,Monterey County,July,3247,56,57,0,29,0,26,3305,1077,10,7,0,7,0,4,1083,113,55,17,11,30,0,36,66,0,64,66,130
2014,Napa County,July,977,58,47,0,22,43,54,963,1101,28,25,24,30,31,6,1111,105,119,77,67,60,74,52,186,24,72,86,182
2014,Nevada County,July,437,34,0,0,4,0,25,442,131,5,0,0,2,0,6,128,34,29,5,8,31,0,6,37,0,0,39,39
2014,Orange County,July,11165,784,506,0,651,455,77,11272,3261,39,9,0,37,11,0,3261,1290,1183,48,48,77,466,688,1231,0,515,823,1338
2014,Placer County,July,2365,100,0,0,34,26,18,2387,726,25,0,0,13,3,10,725,100,78,25,26,28,29,47,104,0,0,125,125
2014,Plumas County,July,147,10,4,0,14,5,0,142,128,7,9,0,7,10,0,127,14,19,16,17,0,15,21,36,0,13,17,30
2014,Riverside County,July,11555,474,271,7,396,390,0,11521,901,53,52,4,71,68,0,871,752,786,109,139,0,458,467,925,11,323,527,861
2014,Sacramento County,July,34200,584,431,93,108,471,70,34659,0,0,0,0,0,0,0,0,1108,649,0,0,70,471,108,649,93,431,584,1108
2014,San Benito County,July,269,6,2,0,6,4,1,266,161,3,0,1,2,1,0,162,8,11,4,3,1,5,8,14,1,2,9,12
2014,San Bernardino County,July,14704,617,0,67,652,3,8,14725,868,67,0,0,18,0,4,913,684,663,67,22,12,3,670,685,67,0,684,751
2014,San Diego County,July,12247,470,109,0,212,299,2,12313,652,19,2,0,13,15,0,645,579,513,21,28,2,314,225,541,0,111,489,600
2014,San Francisco County,July,3761,69,69,13,74,17,125,3696,1377,36,16,0,24,0,54,1351,151,216,52,78,179,17,98,294,13,85,105,203
2014,San Joaquin County,July,6980,128,120,31,119,103,13,7024,6539,73,118,5,53,83,2,6597,279,235,196,138,15,186,172,373,36,238,201,475
2014,San Luis Obispo County,July,1661,73,49,5,87,15,10,1676,671,38,6,0,37,2,0,676,127,112,44,39,10,17,124,151,5,55,111,171
2014,San Mateo County,July,3941,97,53,0,80,38,15,3958,1595,49,9,0,17,19,2,1615,150,133,58,38,17,57,97,171,0,62,146,208
2014,Santa Barbara County,July,2704,142,68,0,52,85,14,2763,1515,135,50,0,71,59,4,1566,210,151,185,134,18,144,123,285,0,118,277,395
2014,Santa Clara County,July,7948,680,373,312,347,284,739,7943,2074,262,146,208,131,139,364,2056,1365,1370,616,634,1103,423,478,2004,520,519,942,1981
2014,Santa Cruz County,July,1768,40,41,0,6,30,86,1727,544,13,2,0,1,11,24,523,81,122,15,36,110,41,7,158,0,43,53,96
2014,Shasta County,July,1310,33,25,0,50,25,0,1293,8,0,0,0,0,0,0,8,58,75,0,0,0,25,50,75,0,25,33,58
2014,Sierra County,July,27,0,0,0,0,0,0,27,7,0,0,0,0,0,0,7,0,0,0,0,0,0,0,0,0,0,0,0
2014,Siskiyou County,July,461,13,10,0,5,16,0,463,8,0,0,0,0,0,0,8,23,21,0,0,0,16,5,21,0,10,13,23
2014,Solano County,July,2264,65,0,0,34,9,8,2278,766,11,0,0,15,0,3,759,65,51,11,18,11,9,49,69,0,0,76,76
2014,Sonoma County,July,2023,80,53,5,64,72,4,2021,471,22,22,2,20,18,17,462,138,140,46,55,21,90,84,195,7,75,102,184
2014,Stanislaus County,July,4947,123,134,5,41,137,21,5010,351,0,1,0,0,0,0,352,262,199,1,0,21,137,41,199,5,135,123,263
2014,Sutter County,July,887,27,14,1,2,34,7,886,19,4,0,0,0,3,1,19,42,43,4,4,8,37,2,47,1,14,31,46
2014,Tehama County,July,646,39,9,0,3,5,19,667,51,1,1,0,0,0,0,53,48,27,2,0,19,5,3,27,0,10,40,50
2014,Trinity County,July,172,9,0,0,5,0,2,174,15,0,0,0,0,0,0,15,9,7,0,0,2,0,5,7,0,0,9,9
2014,Tulare County,July,4708,170,103,1,155,121,43,4663,360,19,14,0,32,17,4,340,274,319,33,53,47,138,187,372,1,117,189,307
2014,Tuolumne County,July,865,37,0,3,33,30,28,814,659,10,0,1,17,6,1,646,40,91,11,24,29,36,50,115,4,0,47,51
2014,Ventura County,July,3217,138,70,0,85,0,0,3340,7757,292,32,0,50,162,0,7869,208,85,324,212,0,162,135,297,0,102,430,532
2014,Yolo County,July,2729,39,45,3,48,18,13,2737,37,0,0,0,0,0,0,37,87,79,0,0,13,18,48,79,3,45,39,87
2014,Yuba County,July,666,15,6,18,27,9,4,665,67,0,1,0,2,0,0,66,39,40,1,2,4,9,29,42,18,7,15,40
2014,Alameda County,August,10078,249,125,95,138,316,41,10052,164,6,1,0,4,2,2,163,469,495,7,8,43,318,142,503,95,126,255,476
2014,Alpine County,August,17,0,1,1,0,0,0,19,19,1,0,0,0,1,0,19,2,0,1,1,0,1,0,1,1,1,1,3
2014,Amador County,August,322,11,11,2,21,11,0,314,1033,28,0,0,21,7,0,1033,24,32,28,28,0,18,42,60,2,11,39,52
2014,Butte County,August,1172,59,39,0,32,75,20,1143,262,21,16,0,7,20,4,268,98,127,37,31,24,95,39,158,0,55,80,135
2014,Calaveras County,August,315,21,11,1,7,12,1,328,129,8,3,0,4,2,0,134,33,20,11,6,1,14,11,26,1,14,29,44
2014,Colusa County,August,92,2,0,0,2,5,1,86,34,2,2,0,0,1,0,37,2,8,4,1,1,6,2,9,0,2,4,6
2014,Contra Costa County,August,3730,107,8,27,78,3,38,3753,2,0,0,0,0,0,0,2,142,119,0,0,38,3,78,119,27,8,107,142
2014,Del Norte County,August,146,4,3,0,2,2,0,149,69,0,3,0,0,2,0,70,7,4,3,2,0,4,2,6,0,6,4,10
2014,El Dorado County,August,1036,29,6,0,11,6,7,1047,132,9,4,0,3,2,1,139,35,24,13,6,8,8,14,30,0,10,38,48
2014,Fresno County,August,5816,314,230,17,88,338,6,5945,1938,71,80,6,22,80,0,1993,561,432,157,102,6,418,110,534,23,310,385,718
2014,Glenn County,August,242,11,5,1,3,6,2,248,94,3,1,1,1,6,2,90,17,11,5,9,4,12,4,20,2,6,14,22
2014,Humboldt County,August,1340,30,0,11,42,5,4,1330,22,0,0,1,1,0,0,22,41,51,1,1,4,5,43,52,12,0,30,42
2014,Imperial County,August,2562,57,22,0,8,5,0,2628,51,0,0,0,0,0,0,51,79,13,0,0,0,5,8,13,0,22,57,79
2014,Inyo County,August,148,5,8,0,7,9,0,145,96,5,11,0,6,7,0,99,13,16,16,13,0,16,13,29,0,19,10,29
2014,Kern County,August,8157,254,21,15,219,18,14,8196,0,0,0,0,0,0,0,0,290,251,0,0,14,18,219,251,15,21,254,290
2014,Kings County,August,2159,61,5,13,32,11,14,2181,1965,36,4,1,42,11,3,1950,79,57,41,56,17,22,74,113,14,9,97,120
2014,Lake County,August,731,12,1,0,2,10,0,732,148,1,2,0,0,0,0,151,13,12,3,0,0,10,2,12,0,3,13,16
2014,Lassen County,August,245,11,0,0,3,5,5,243,166,1,0,0,0,0,0,167,11,13,1,0,5,5,3,13,0,0,12,12
2014,Los Angeles County,August,55700,1645,378,0,829,766,54,56074,138,0,1,0,1,1,5,132,2023,1649,1,7,59,767,830,1656,0,379,1645,2024
2014,Madera County,August,2995,63,72,0,14,57,0,3059,418,23,5,0,12,7,0,427,135,71,28,19,0,64,26,90,0,77,86,163
2014,Marin County,August,1363,29,7,0,17,11,0,1371,931,22,5,0,9,15,0,934,36,28,27,24,0,26,26,52,0,12,51,63
2014,Mariposa County,August,107,4,6,0,5,5,0,107,173,5,5,0,3,5,0,175,10,10,10,8,0,10,8,18,0,11,9,20
2014,Mendocino County,August,704,18,16,0,14,23,2,699,101,3,7,0,2,5,0,104,34,39,10,7,2,28,16,46,0,23,21,44
2014,Merced County,August,2838,96,80,1,27,98,6,2884,0,0,0,0,0,0,0,0,177,131,0,0,6,98,27,131,1,80,96,177
2014,Modoc County,August,91,1,0,1,2,0,0,91,33,1,0,0,2,0,0,32,2,2,1,2,0,0,4,4,1,0,2,3
2014,Mono County,August,179,5,0,0,3,0,3,176,77,1,0,1,3,0,0,76,5,6,2,3,3,0,6,9,1,0,6,7
2014,Monterey County,August,2035,40,37,24,26,34,0,2076,222,7,15,0,2,4,9,229,101,60,22,15,9,38,28,75,24,52,47,123
2014,Napa County,August,963,39,23,0,18,29,9,969,1111,37,17,0,28,19,0,1118,62,56,54,47,9,48,46,103,0,40,76,116
2014,Nevada County,August,442,13,1,0,0,0,17,439,128,9,0,0,2,0,7,128,14,17,9,9,24,0,2,26,0,1,22,23
2014,Orange County,August,11272,893,388,0,492,452,92,11517,3261,41,11,0,20,16,1,3276,1281,1036,52,37,93,468,512,1073,0,399,934,1333
2014,Placer County,August,2417,101,1,0,36,12,54,2387,725,30,0,0,13,3,19,720,102,102,30,35,73,15,49,137,0,1,131,132
2014,Plumas County,August,142,4,6,0,1,10,0,141,127,9,8,0,5,10,0,129,10,11,17,15,0,20,6,26,0,14,13,27
2014,Riverside County,August,11521,450,215,12,315,334,0,11549,871,64,33,0,51,36,0,881,677,649,97,87,0,370,366,736,12,248,514,774
2014,Sacramento County,August,34659,590,456,98,80,487,77,35159,0,0,0,0,0,0,0,0,1144,644,0,0,77,487,80,644,98,456,590,1144
2014,San Benito County,August,266,15,3,1,2,2,1,280,162,2,0,0,0,2,1,161,19,5,2,3,2,4,2,8,1,3,17,21
2014,San Bernardino County,August,14725,648,0,66,751,3,18,14667,913,68,0,1,17,0,12,953,714,772,69,29,30,3,768,801,67,0,716,783
2014,San Diego County,August,12313,372,102,0,210,260,1,12316,645,20,5,0,15,9,0,646,474,471,25,24,1,269,225,495,0,107,392,499
2014,San Francisco County,August,3696,84,74,2,86,14,115,3641,1351,30,14,0,17,0,50,1328,160,215,44,67,165,14,103,282,2,88,114,204
2014,San Joaquin County,August,7024,117,161,25,179,94,10,7044,6597,65,149,5,103,61,1,6651,303,283,219,165,11,155,282,448,30,310,182,522
2014,San Luis Obispo County,August,1676,55,43,13,47,60,27,1653,676,43,11,0,24,22,6,678,111,134,54,52,33,82,71,186,13,54,98,165
2014,San Mateo County,August,3958,53,36,0,68,82,11,3886,1615,57,11,0,30,25,3,1625,89,161,68,58,14,107,98,219,0,47,110,157
2014,Santa Barbara County,August,2747,135,67,0,41,63,8,2837,1551,127,45,0,75,37,2,1609,202,112,172,114,10,100,116,226,0,112,262,374
2014,Santa Clara County,August,7943,978,438,734,331,336,1546,7880,2056,362,225,287,119,157,587,2067,2150,2213,874,863,2133,493,450,3076,1021,663,1340,3024
2014,Santa Cruz County,August,1727,34,57,0,6,44,63,1705,523,8,6,0,1,9,31,496,91,113,14,41,94,53,7,154,0,63,42,105
2014,Shasta County,August,1293,35,17,0,55,17,0,1273,8,0,0,0,0,0,0,8,52,72,0,0,0,17,55,72,0,17,35,52
2014,Sierra County,August,27,0,0,0,0,0,0,27,7,0,0,0,0,0,0,7,0,0,0,0,0,0,0,0,0,0,0,0
2014,Siskiyou County,August,463,12,11,0,19,37,1,429,8,1,0,1,0,1,0,9,23,57,2,1,1,38,19,58,1,11,13,25
2014,Solano County,August,2254,53,0,0,44,9,9,2245,759,15,0,0,15,1,5,753,53,62,15,21,14,10,59,83,0,0,68,68
2014,Sonoma County,August,2021,68,60,6,68,84,1,2002,462,31,22,0,17,8,27,463,134,153,53,52,28,92,85,205,6,82,99,187
2014,Stanislaus County,August,5010,129,131,18,26,217,5,5040,352,0,0,0,0,0,0,352,278,248,0,0,5,217,26,248,18,131,129,278
2014,Sutter County,August,886,28,15,2,4,52,11,864,19,3,0,0,0,7,1,14,45,67,3,8,12,59,4,75,2,15,31,48
2014,Tehama County,August,667,24,5,0,6,2,13,675,53,0,1,0,0,0,0,54,29,21,1,0,13,2,6,21,0,6,24,30
2014,Trinity County,August,174,5,0,1,1,0,3,176,15,0,0,0,0,0,0,15,6,4,0,0,3,0,1,4,1,0,5,6
2014,Tulare County,August,4663,163,58,6,95,70,21,4704,340,15,13,0,20,6,0,342,227,186,28,26,21,76,115,212,6,71,178,255
2014,Tuolumne County,August,814,36,24,1,81,46,16,732,646,11,1,2,31,9,1,619,61,143,14,41,17,55,112,184,3,25,47,75
2014,Ventura County,August,3233,121,71,0,114,0,0,3311,7676,257,25,0,67,87,0,7804,192,114,282,154,0,87,181,268,0,96,378,474
2014,Yolo County,August,2737,38,39,5,46,14,22,2737,37,0,0,0,0,0,0,37,82,82,0,0,22,14,46,82,5,39,38,82
2014,Yuba County,August,665,22,13,9,30,13,9,657,66,2,0,0,3,0,0,65,44,52,2,3,9,13,33,55,9,13,24,46
2014,Alameda County,September,10052,237,152,77,194,278,34,10012,163,12,3,11,6,9,5,169,466,506,26,20,39,287,200,526,88,155,249,492
2014,Alpine County,September,19,0,1,1,0,0,0,21,19,2,0,0,0,2,0,19,2,0,2,2,0,2,0,2,1,1,2,4
2014,Amador County,September,314,15,7,6,10,14,0,318,1033,32,0,0,19,0,16,1030,28,24,32,35,16,14,29,59,6,7,47,60
2014,Butte County,September,1143,57,26,0,25,67,8,1126,268,21,6,0,10,18,0,267,83,100,27,28,8,85,35,128,0,32,78,110
2014,Calaveras County,September,328,10,3,1,4,4,3,331,134,7,1,0,3,4,1,134,14,11,8,8,4,8,7,19,1,4,17,22
2014,Colusa County,September,86,0,5,0,1,6,0,84,37,4,0,0,1,4,1,35,5,7,4,6,1,10,2,13,0,5,4,9
2014,Contra Costa County,September,3753,96,13,20,94,5,29,3754,2,0,0,0,0,0,0,2,129,128,0,0,29,5,94,128,20,13,96,129
2014,Del Norte County,September,149,5,3,1,5,6,0,147,70,2,2,0,2,3,0,69,9,11,4,5,0,9,7,16,1,5,7,13
2014,El Dorado County,September,1024,41,16,0,14,9,16,1042,122,5,5,0,3,4,3,122,57,39,10,10,19,13,17,49,0,21,46,67
2014,Fresno County,September,5945,284,202,39,133,293,7,6037,1993,70,52,6,53,69,0,1999,525,433,128,122,7,362,186,555,45,254,354,653
2014,Glenn County,September,248,4,2,2,3,58,7,188,90,3,1,1,4,35,3,53,8,68,5,42,10,93,7,110,3,3,7,13
2014,Humboldt County,September,1330,30,0,1,55,4,4,1298,22,0,0,0,0,0,0,22,31,63,0,0,4,4,55,63,1,0,30,31
2014,Imperial County,September,2628,42,29,0,12,17,0,2670,51,0,0,0,0,0,0,51,71,29,0,0,0,17,12,29,0,29,42,71
2014,Inyo County,September,145,3,8,0,11,12,2,131,99,9,7,0,7,12,1,95,11,25,16,20,3,24,18,45,0,15,12,27
2014,Kern County,September,8196,310,24,18,240,22,14,8272,0,0,0,0,0,0,0,0,352,276,0,0,14,22,240,276,18,24,310,352
2014,Kings County,September,2181,67,12,11,45,20,21,2185,1950,35,7,1,53,11,1,1928,90,86,43,65,22,31,98,151,12,19,102,133
2014,Lake County,September,737,21,2,0,5,10,3,742,150,3,2,0,1,1,0,153,23,18,5,2,3,11,6,20,0,4,24,28
2014,Lassen County,September,251,4,0,0,5,2,2,246,169,1,0,0,2,1,1,166,4,9,1,4,3,3,7,13,0,0,5,5
2014,Los Angeles County,September,55566,1584,366,0,751,689,52,56024,125,1,0,0,0,1,0,125,1950,1492,1,1,52,690,751,1493,0,366,1585,1951
2014,Madera County,September,3059,46,54,0,13,77,2,3067,427,8,4,0,5,10,0,424,100,92,12,15,2,87,18,107,0,58,54,112
2014,Marin County,September,1371,27,7,0,27,13,0,1365,934,20,5,0,8,17,0,934,34,40,25,25,0,30,35,65,0,12,47,59
2014,Mariposa County,September,107,4,6,0,4,6,0,107,175,4,7,0,10,7,0,169,10,10,11,17,0,13,14,27,0,13,8,21
2014,Mendocino County,September,702,12,20,0,15,20,2,697,104,7,5,0,2,6,0,108,32,37,12,8,2,26,17,45,0,25,19,44
2014,Merced County,September,2852,71,79,0,25,94,0,2883,0,0,0,0,0,0,0,0,150,119,0,0,0,94,25,119,0,79,71,150
2014,Modoc County,September,91,2,0,0,1,0,0,92,32,5,0,0,1,0,0,36,2,1,5,1,0,0,2,2,0,0,7,7
2014,Mono County,September,176,17,0,1,9,0,1,186,76,8,0,0,6,0,0,78,18,10,8,6,1,0,15,16,1,0,25,26
2014,Monterey County,September,2076,48,47,0,23,35,24,2089,229,9,3,4,2,0,0,243,95,82,16,2,24,35,25,84,4,50,57,111
2014,Napa County,September,969,44,22,0,11,33,10,981,1118,26,14,0,28,28,18,1084,66,54,40,74,28,61,39,128,0,36,70,106
2014,Nevada County,September,439,35,0,0,7,0,9,458,128,6,1,0,0,0,2,133,35,16,7,2,11,0,7,18,0,1,41,42
2014,Orange County,September,11517,1030,530,0,485,458,62,12072,3276,80,9,0,34,8,0,3323,1560,1005,89,42,62,466,519,1047,0,539,1110,1649
2014,Placer County,September,2392,86,0,0,30,10,40,2398,711,25,0,0,16,2,4,714,86,80,25,22,44,12,46,102,0,0,111,111
2014,Plumas County,September,141,9,8,0,7,11,0,140,129,5,10,0,9,11,0,124,17,18,15,20,0,22,16,38,0,18,14,32
2014,Riverside County,September,11549,460,235,28,381,333,0,11558,881,59,45,0,51,42,12,880,723,714,104,105,12,375,432,819,28,280,519,827
2014,Sacramento County,September,35159,605,487,100,91,470,70,35720,0,0,0,0,0,0,0,0,1192,631,0,0,70,470,91,631,100,487,605,1192
2014,San Benito County,September,280,11,2,0,3,10,1,279,161,2,0,0,0,0,0,163,13,14,2,0,1,10,3,14,0,2,13,15
2014,San Bernardino County,September,14667,590,1,91,641,2,18,14688,953,76,1,0,14,1,24,991,682,661,77,39,42,3,655,700,91,2,666,759
2014,San Diego County,September,12316,511,125,0,229,388,6,12313,645,19,5,0,13,15,1,651,636,623,24,29,7,403,242,652,0,130,530,660
2014,San Francisco County,September,3641,74,81,2,68,14,143,3573,1328,40,18,1,14,1,64,1308,157,225,59,79,207,15,82,304,3,99,114,216
2014,San Joaquin County,September,7044,93,138,14,205,96,16,6972,6651,69,95,6,68,63,1,6689,245,317,170,132,17,159,273,449,20,233,162,415
2014,San Luis Obispo County,September,1653,70,55,5,43,92,10,1638,678,17,18,0,34,19,2,658,130,145,35,55,12,111,77,200,5,73,87,165
2014,San Mateo County,September,3886,76,48,0,78,64,12,3856,1625,56,8,0,30,19,1,1639,124,154,64,50,13,83,108,204,0,56,132,188
2014,Santa Barbara County,September,2771,104,65,0,40,101,9,2790,1595,118,56,0,103,64,2,1600,169,150,174,169,11,165,143,319,0,121,222,343
2014,Santa Clara County,September,7880,698,368,390,307,330,880,7819,2067,268,186,203,133,173,364,2054,1456,1517,657,670,1244,503,440,2187,593,554,966,2113
2014,Santa Cruz County,September,1705,44,34,0,1,40,20,1722,496,18,5,0,0,19,2,498,78,61,23,21,22,59,1,82,0,39,62,101
2014,Shasta County,September,1273,34,17,0,46,17,0,1261,8,0,0,0,0,0,0,8,51,63,0,0,0,17,46,63,0,17,34,51
2014,Sierra County,September,27,0,0,0,0,0,0,27,7,0,0,0,0,0,0,7,0,0,0,0,0,0,0,0,0,0,0,0
2014,Siskiyou County,September,433,22,7,0,11,19,5,427,9,1,0,0,0,0,0,10,29,35,1,0,5,19,11,35,0,7,23,30
2014,Solano County,September,2210,68,0,0,24,17,6,2231,747,15,0,0,14,2,2,744,68,47,15,18,8,19,38,65,0,0,83,83
2014,Sonoma County,September,2002,58,66,3,77,57,1,1994,463,30,15,3,20,18,26,447,127,135,48,64,27,75,97,199,6,81,88,175
2014,Stanislaus County,September,5040,127,128,18,63,180,17,5053,352,0,0,0,0,0,0,352,273,260,0,0,17,180,63,260,18,128,127,273
2014,Sutter County,September,864,35,27,0,3,25,17,881,14,6,3,0,0,2,0,21,62,45,9,2,17,27,3,47,0,30,41,71
2014,Tehama County,September,675,33,3,0,4,1,19,687,54,1,0,0,0,0,0,55,36,24,1,0,19,1,4,24,0,3,34,37
2014,Trinity County,September,176,7,0,0,3,0,2,178,15,2,0,0,0,0,0,17,7,5,2,0,2,0,3,5,0,0,9,9
2014,Tulare County,September,4704,122,55,12,119,82,21,4671,342,11,6,0,17,13,3,326,189,222,17,33,24,95,136,255,12,61,133,206
2014,Tuolumne County,September,732,37,15,4,31,64,6,687,619,8,1,0,55,7,3,563,56,101,9,65,9,71,86,166,4,16,45,65
2014,Ventura County,September,3230,93,104,0,94,0,0,3333,7672,249,30,0,82,152,0,7717,197,94,279,234,0,152,176,328,0,134,342,476
2014,Yolo County,September,2737,26,47,4,46,19,25,2724,37,0,0,0,0,0,0,37,77,90,0,0,25,19,46,90,4,47,26,77
2014,Yuba County,September,657,21,18,6,42,11,7,642,65,0,0,4,3,0,4,62,45,60,4,7,11,11,45,67,10,18,21,49
2014,Alameda County,October,10012,209,120,169,231,332,40,9907,169,9,1,28,27,12,6,162,498,603,38,45,46,344,258,648,197,121,218,536
2014,Alpine County,October,21,0,1,1,0,1,0,22,19,2,0,0,0,1,0,20,2,1,2,1,0,2,0,2,1,1,2,4
2014,Amador County,October,318,4,6,15,10,15,0,318,1030,19,0,0,28,0,0,1021,25,25,19,28,0,15,38,53,15,6,23,44
2014,Butte County,October,1126,62,48,0,11,83,16,1126,267,30,5,0,19,23,1,259,110,110,35,43,17,106,30,153,0,53,92,145
2014,Calaveras County,October,331,17,4,4,4,8,0,344,134,8,4,2,3,8,1,136,25,12,14,12,1,16,7,24,6,8,25,39
2014,Colusa County,October,84,8,2,0,1,7,4,82,35,3,0,0,2,1,0,35,10,12,3,3,4,8,3,15,0,2,11,13
2014,Contra Costa County,October,3754,96,12,17,91,11,44,3733,2,0,0,0,0,0,0,2,125,146,0,0,44,11,91,146,17,12,96,125
2014,Del Norte County,October,147,11,4,0,0,5,0,157,69,5,2,0,1,4,0,71,15,5,7,5,0,9,1,10,0,6,16,22
2014,El Dorado County,October,1028,29,9,0,20,8,6,1032,118,8,3,0,4,1,0,124,38,34,11,5,6,9,24,39,0,12,37,49
2014,Fresno County,October,6037,242,232,11,150,331,16,6025,1999,53,32,5,71,57,0,1961,485,497,90,128,16,388,221,625,16,264,295,575
2014,Glenn County,October,188,5,4,0,2,5,1,189,53,2,1,0,0,3,0,53,9,8,3,3,1,8,2,11,0,5,7,12
2014,Humboldt County,October,1298,24,0,7,22,5,5,1297,22,0,0,0,0,0,0,22,31,32,0,0,5,5,22,32,7,0,24,31
2014,Imperial County,October,2670,46,27,0,49,6,0,2688,51,0,0,0,0,0,0,51,73,55,0,0,0,6,49,55,0,27,46,73
2014,Inyo County,October,131,8,7,1,7,10,3,127,95,9,10,1,11,13,1,90,16,20,20,25,4,23,18,45,2,17,17,36
2014,Kern County,October,8272,275,22,15,220,27,18,8319,0,0,0,0,0,0,0,0,312,265,0,0,18,27,220,265,15,22,275,312
2014,Kings County,October,2185,84,13,13,40,21,20,2214,1928,52,8,0,50,9,5,1924,110,81,60,64,25,30,90,145,13,21,136,170
2014,Lake County,October,751,7,1,0,2,4,1,752,152,2,0,0,0,0,0,154,8,7,2,0,1,4,2,7,0,1,9,10
2014,Lassen County,October,248,3,0,0,6,0,0,245,167,1,0,0,4,3,3,158,3,6,1,10,3,3,10,16,0,0,4,4
2014,Los Angeles County,October,55868,1490,303,0,699,666,67,56229,126,2,3,0,3,1,2,125,1793,1432,5,6,69,667,702,1438,0,306,1492,1798
2014,Madera County,October,3067,54,34,0,45,83,1,3026,424,24,3,0,5,11,0,435,88,129,27,16,1,94,50,145,0,37,78,115
2014,Marin County,October,1365,27,6,0,18,24,0,1356,934,27,6,0,12,28,0,927,33,42,33,40,0,52,30,82,0,12,54,66
2014,Mariposa County,October,107,5,1,0,7,0,0,106,169,5,3,0,6,6,0,165,6,7,8,12,0,6,13,19,0,4,10,14
2014,Mendocino County,October,714,15,21,0,7,27,1,715,105,5,8,0,2,11,0,105,36,35,13,13,1,38,9,48,0,29,20,49
2014,Merced County,October,2883,78,66,0,40,61,0,2926,0,0,0,0,0,0,0,0,144,101,0,0,0,61,40,101,0,66,78,144
2014,Modoc County,October,92,1,0,1,0,1,0,93,36,1,0,0,0,2,0,35,2,1,1,2,0,3,0,3,1,0,2,3
2014,Mono County,October,186,3,0,0,3,0,6,180,78,2,0,0,3,0,4,73,3,9,2,7,10,0,6,16,0,0,5,5
2014,Monterey County,October,2089,33,20,0,23,27,20,2072,243,3,2,2,13,4,0,233,53,70,7,17,20,31,36,87,2,22,36,60
2014,Napa County,October,981,63,41,0,27,52,27,979,1084,32,22,0,44,24,5,1065,104,106,54,73,32,76,71,179,0,63,95,158
2014,Nevada County,October,458,19,0,0,5,0,42,430,133,2,0,0,1,0,15,119,19,47,2,16,57,0,6,63,0,0,21,21
2014,Orange County,October,12072,947,535,0,536,447,102,12469,3323,78,8,19,22,2,1,3403,1482,1085,105,25,103,449,558,1110,19,543,1025,1587
2014,Placer County,October,2380,80,1,0,21,5,32,2403,719,30,1,0,6,1,28,715,81,58,31,35,60,6,27,93,0,2,110,112
2014,Plumas County,October,140,8,11,0,6,7,0,146,124,6,7,0,5,5,0,127,19,13,13,10,0,12,11,23,0,18,14,32
2014,Riverside County,October,11558,443,190,27,307,308,0,11603,880,58,30,0,34,49,1,884,660,615,88,84,1,357,341,699,27,220,501,748
2014,Sacramento County,October,35720,630,483,92,90,514,67,36254,0,0,0,0,0,0,0,0,1205,671,0,0,67,514,90,671,92,483,630,1205
2014,San Benito County,October,279,16,1,0,7,7,0,282,163,2,1,0,0,0,0,166,17,14,3,0,0,7,7,14,0,2,18,20
2014,San Bernardino County,October,14688,597,1,76,624,6,19,14713,991,55,0,0,20,0,5,1021,674,649,55,25,24,6,644,674,76,1,652,729
2014,San Diego County,October,12313,418,140,0,265,404,5,12197,650,18,0,0,12,31,0,625,558,674,18,43,5,435,277,717,0,140,436,576
2014,San Francisco County,October,3573,85,100,36,91,14,172,3517,1308,30,23,3,17,4,53,1290,221,277,56,74,225,18,108,351,39,123,115,277
2014,San Joaquin County,October,6972,85,133,0,159,85,33,6913,6689,80,128,0,73,57,8,6759,218,277,208,138,41,142,232,415,0,261,165,426
2014,San Luis Obispo County,October,1638,89,62,3,68,57,3,1664,658,26,12,0,28,12,2,654,154,128,38,42,5,69,96,170,3,74,115,192
2014,San Mateo County,October,3856,94,40,0,82,53,22,3833,1639,64,10,0,42,20,3,1648,134,157,74,65,25,73,124,222,0,50,158,208
2014,Santa Barbara County,October,2765,135,80,0,47,91,17,2825,1625,126,54,0,80,73,3,1649,215,155,180,156,20,164,127,311,0,134,261,395
2014,Santa Clara County,October,7819,665,329,433,328,348,784,7786,2054,242,129,191,129,125,309,2053,1427,1460,562,563,1093,473,457,2023,624,458,907,1989
2014,Santa Cruz County,October,1722,34,38,0,8,30,8,1748,498,18,6,0,6,16,1,499,72,46,24,23,9,46,14,69,0,44,52,96
2014,Shasta County,October,1261,75,32,0,36,32,0,1300,8,0,0,0,0,0,0,8,107,68,0,0,0,32,36,68,0,32,75,107
2014,Sierra County,October,27,0,0,0,1,0,1,25,7,2,0,0,0,0,0,9,0,2,2,0,1,0,1,2,0,0,2,2
2014,Siskiyou County,October,427,15,10,0,8,22,2,420,10,0,0,0,0,0,0,10,25,32,0,0,2,22,8,32,0,10,15,25
2014,Solano County,October,2212,69,0,0,27,16,12,2226,739,24,0,0,11,3,9,740,69,55,24,23,21,19,38,78,0,0,93,93
2014,Sonoma County,October,1994,66,71,3,63,66,5,2000,447,24,16,0,15,20,20,432,140,134,40,55,25,86,78,189,3,87,90,180
2014,Stanislaus County,October,5053,48,145,3,29,188,26,5006,352,0,0,0,0,0,0,352,196,243,0,0,26,188,29,243,3,145,48,196
2014,Sutter County,October,881,29,16,4,4,18,32,876,21,6,0,0,3,3,1,20,49,54,6,7,33,21,7,61,4,16,35,55
2014,Tehama County,October,687,16,3,0,12,4,16,674,53,1,0,0,1,1,0,52,19,32,1,2,16,5,13,34,0,3,17,20
2014,Trinity County,October,178,12,0,0,2,0,7,181,17,0,0,0,1,0,0,16,12,9,0,1,7,0,3,10,0,0,12,12
2014,Tulare County,October,4671,165,80,7,72,77,18,4756,326,12,7,0,20,9,6,310,252,167,19,35,24,86,92,202,7,87,177,271
2014,Tuolumne County,October,687,28,5,2,24,26,2,670,563,9,0,0,26,2,0,544,35,52,9,28,2,28,50,80,2,5,37,44
2014,Ventura County,October,3280,117,7,0,87,37,0,3280,7649,228,29,0,89,177,0,7640,124,124,257,266,0,214,176,390,0,36,345,381
2014,Yolo County,October,2724,31,46,7,33,8,14,2753,37,0,0,0,0,0,0,37,84,55,0,0,14,8,33,55,7,46,31,84
2014,Yuba County,October,642,18,18,7,34,12,9,630,62,2,1,1,4,0,5,57,43,55,4,9,14,12,38,64,8,19,20,47
2014,Alameda County,November,9907,154,104,75,155,229,70,9786,162,6,1,1,2,4,1,163,333,454,8,7,71,233,157,461,76,105,160,341
2014,Alpine County,November,22,0,0,0,0,1,0,21,20,4,5,0,0,0,0,29,0,1,9,0,0,1,0,1,0,5,4,9
2014,Amador County,November,318,5,2,9,3,11,0,320,1021,26,2,0,30,4,0,1015,16,14,28,34,0,15,33,48,9,4,31,44
2014,Butte County,November,1126,31,39,0,15,51,21,1109,259,34,10,0,7,17,2,277,70,87,44,26,23,68,22,113,0,49,65,114
2014,Calaveras County,November,344,7,3,1,8,15,2,330,136,5,3,0,4,4,1,135,11,25,8,9,3,19,12,34,1,6,12,19
2014,Colusa County,November,82,3,1,0,3,6,0,77,35,4,1,0,2,0,0,38,4,9,5,2,0,6,5,11,0,2,7,9
2014,Contra Costa County,November,3733,79,6,14,107,3,38,3684,2,0,0,0,0,0,0,2,99,148,0,0,38,3,107,148,14,6,79,99
2014,Del Norte County,November,157,4,4,0,0,2,0,163,71,7,1,0,1,2,1,75,8,2,8,4,1,4,1,6,0,5,11,16
2014,El Dorado County,November,1031,26,13,0,19,10,10,1031,118,5,7,0,11,1,1,117,39,39,12,13,11,11,30,52,0,20,31,51
2014,Fresno County,November,6025,217,162,0,141,198,0,6065,1961,58,41,22,31,47,18,1986,379,339,121,96,18,245,172,435,22,203,275,500
2014,Glenn County,November,189,2,2,0,1,3,0,189,53,2,0,0,0,2,0,53,4,4,2,2,0,5,1,6,0,2,4,6
2014,Humboldt County,November,1297,15,0,3,22,4,12,1277,22,0,0,1,0,0,1,22,18,38,1,1,13,4,22,39,4,0,15,19
2014,Imperial County,November,2688,42,20,0,45,8,0,2697,51,0,0,0,0,0,0,51,62,53,0,0,0,8,45,53,0,20,42,62
2014,Inyo County,November,127,6,4,0,7,3,1,126,90,5,6,0,8,9,0,84,10,11,11,17,1,12,15,28,0,10,11,21
2014,Kern County,November,8319,151,17,12,210,25,20,8244,0,0,0,0,0,0,0,0,180,255,0,0,20,25,210,255,12,17,151,180
2014,Kings County,November,2214,31,6,5,27,16,9,2204,1924,28,5,6,31,6,2,1924,42,52,39,39,11,22,58,91,11,11,59,81
2014,Lake County,November,767,9,0,0,7,1,1,767,155,4,1,0,0,1,0,159,9,9,5,1,1,2,7,10,0,1,13,14
2014,Lassen County,November,244,7,0,0,2,1,1,247,163,6,0,0,1,0,0,168,7,4,6,1,1,1,3,5,0,0,13,13
2014,Los Angeles County,November,55856,1040,219,0,709,532,129,55745,116,1,2,0,7,2,0,110,1259,1370,3,9,129,534,716,1379,0,221,1041,1262
2014,Madera County,November,3026,22,25,0,8,25,10,3030,435,6,13,0,5,4,1,444,47,43,19,10,11,29,13,53,0,38,28,66
2014,Marin County,November,1356,19,5,0,16,14,0,1350,927,28,7,0,17,16,0,929,24,30,35,33,0,30,33,63,0,12,47,59
2014,Mariposa County,November,106,7,1,0,2,5,0,107,165,1,6,0,6,7,0,159,8,7,7,13,0,12,8,20,0,7,8,15
2014,Mendocino County,November,716,4,11,0,15,17,1,698,106,1,3,0,1,3,0,106,15,33,4,4,1,20,16,37,0,14,5,19
2014,Merced County,November,2915,30,35,0,31,38,1,2910,0,0,0,0,0,0,0,0,65,70,0,0,1,38,31,70,0,35,30,65
2014,Modoc County,November,93,1,0,0,1,0,0,93,35,4,0,0,0,1,0,38,1,1,4,1,0,1,1,2,0,0,5,5
2014,Mono County,November,180,6,0,0,4,0,1,181,73,9,0,0,5,0,1,76,6,5,9,6,2,0,9,11,0,0,15,15
2014,Monterey County,November,2072,11,33,0,17,14,50,2035,233,2,1,0,5,0,9,222,44,81,3,14,59,14,22,95,0,34,13,47
2014,Napa County,November,979,51,28,0,9,53,8,988,1065,33,17,0,32,34,6,1043,79,70,50,72,14,87,41,142,0,45,84,129
2014,Nevada County,November,430,16,0,0,17,0,0,429,119,1,1,0,3,0,6,112,16,17,2,9,6,0,20,26,0,1,17,18
2014,Orange County,November,12469,566,371,0,549,337,93,12427,3403,37,5,0,24,4,1,3416,937,979,42,29,94,341,573,1008,0,376,603,979
2014,Placer County,November,2329,39,0,0,12,13,20,2323,731,37,0,0,4,2,7,755,39,45,37,13,27,15,16,58,0,0,76,76
2014,Plumas County,November,146,9,7,0,1,3,0,158,127,3,7,0,7,3,0,127,16,4,10,10,0,6,8,14,0,14,12,26
2014,Riverside County,November,11603,276,157,18,242,237,0,11575,884,55,27,0,38,33,10,885,451,479,82,81,10,270,280,560,18,184,331,533
2014,Sacramento County,November,36254,405,349,103,108,368,120,36515,0,0,0,0,0,0,0,0,857,596,0,0,120,368,108,596,103,349,405,857
2014,San Benito County,November,282,4,1,1,5,76,5,202,166,4,1,5,1,6,1,168,6,86,10,8,6,82,6,94,6,2,8,16
2014,San Bernardino County,November,14713,473,0,12,557,3,14,14624,1021,21,0,5,177,4,0,866,485,574,26,181,14,7,734,755,17,0,494,511
2014,San Diego County,November,12197,171,111,0,210,283,3,11983,625,6,3,0,9,12,0,613,282,496,9,21,3,295,219,517,0,114,177,291
2014,San Francisco County,November,3517,54,99,11,87,17,138,3439,1290,24,17,1,18,1,58,1255,164,242,42,77,196,18,105,319,12,116,78,206
2014,San Joaquin County,November,6913,55,134,15,167,142,6,6802,6759,57,77,8,26,51,1,6823,204,315,142,78,7,193,193,393,23,211,112,346
2014,San Luis Obispo County,November,1664,59,40,2,45,34,6,1680,654,32,8,0,26,16,1,651,101,85,40,43,7,50,71,128,2,48,91,141
2014,San Mateo County,November,3833,60,36,0,89,33,14,3793,1648,61,7,0,21,14,1,1680,96,136,68,36,15,47,110,172,0,43,121,164
2014,Santa Barbara County,November,2753,71,60,0,55,69,11,2749,1658,140,45,0,72,39,3,1729,131,135,185,114,14,108,127,249,0,105,211,316
2014,Santa Clara County,November,7786,571,215,303,272,269,669,7665,2053,218,121,234,95,134,279,2118,1089,1210,573,508,948,403,367,1718,537,336,789,1662
2014,Santa Cruz County,November,1748,28,30,0,12,14,52,1728,499,17,5,2,3,9,0,511,58,78,24,12,52,23,15,90,2,35,45,82
2014,Shasta County,November,1300,36,16,0,31,16,0,1305,8,0,0,0,0,0,0,8,52,47,0,0,0,16,31,47,0,16,36,52
2014,Sierra County,November,25,0,0,0,0,0,0,25,9,0,0,0,1,0,0,8,0,0,0,1,0,0,1,1,0,0,0,0
2014,Siskiyou County,November,420,12,8,2,4,23,0,415,10,0,0,0,0,0,1,9,22,27,0,1,1,23,4,28,2,8,12,22
2014,Solano County,November,2131,41,0,0,34,6,8,2124,818,24,0,0,20,2,16,804,41,48,24,38,24,8,54,86,0,0,65,65
2014,Sonoma County,November,2000,44,42,0,54,57,5,1970,432,20,26,2,18,17,28,417,86,116,48,63,33,74,72,179,2,68,64,134
2014,Stanislaus County,November,5006,91,111,2,18,152,10,5030,352,0,0,0,0,0,0,352,204,180,0,0,10,152,18,180,2,111,91,204
2014,Sutter County,November,876,10,10,1,3,30,15,849,20,7,4,1,3,5,0,24,21,48,12,8,15,35,6,56,2,14,17,33
2014,Tehama County,November,674,17,3,0,2,3,4,685,52,3,1,0,1,0,2,53,20,9,4,3,6,3,3,12,0,4,20,24
2014,Trinity County,November,131,2,3,0,5,6,1,124,8,0,0,0,0,0,1,7,5,12,0,1,2,6,5,13,0,3,2,5
2014,Tulare County,November,4756,80,58,1,152,59,36,4648,310,12,17,1,17,6,4,313,139,247,30,27,40,65,169,274,2,75,92,169
2014,Tuolumne County,November,670,17,5,4,6,23,2,665,544,9,0,0,2,6,0,545,26,31,9,8,2,29,8,39,4,5,26,35
2014,Ventura County,November,2939,39,178,0,73,0,0,3083,7796,192,22,0,131,14,0,7865,217,73,214,145,0,14,204,218,0,200,231,431
2014,Yolo County,November,2753,24,28,10,30,8,9,2768,37,0,0,0,0,0,0,37,62,47,0,0,9,8,30,47,10,28,24,62
2014,Yuba County,November,630,18,11,4,23,3,15,622,57,1,0,0,6,0,4,48,33,41,1,10,19,3,29,51,4,11,19,34
2014,Alameda County,December,9786,160,98,114,176,225,77,9680,163,4,0,6,4,4,2,163,372,478,10,10,79,229,180,488,120,98,164,382
2014,Alpine County,December,21,1,0,0,0,0,0,22,29,2,3,0,0,0,0,34,1,0,5,0,0,0,0,0,0,3,3,6
2014,Amador County,December,320,6,10,8,11,16,6,311,1015,31,0,6,29,2,30,991,24,33,37,61,36,18,40,94,14,10,37,61
2014,Butte County,December,1109,42,33,0,15,58,5,1106,277,30,18,0,14,30,2,279,75,78,48,46,7,88,29,124,0,51,72,123
2014,Calaveras County,December,330,4,4,0,5,8,5,320,135,6,4,0,3,7,5,130,8,18,10,15,10,15,8,33,0,8,10,18
2014,Colusa County,December,77,3,2,0,0,4,1,77,38,2,1,0,1,4,1,35,5,5,3,6,2,8,1,11,0,3,5,8
2014,Contra Costa County,December,3684,128,15,24,85,4,47,3715,2,0,0,0,0,0,0,2,167,136,0,0,47,4,85,136,24,15,128,167
2014,Del Norte County,December,163,5,4,0,2,4,4,162,75,6,2,3,2,3,0,81,9,10,11,5,4,7,4,15,3,6,11,20
2014,El Dorado County,December,1042,22,10,0,29,9,15,1021,112,5,3,0,4,5,1,110,32,53,8,10,16,14,33,63,0,13,27,40
2014,Fresno County,December,6065,155,123,0,137,251,32,5923,1986,58,53,44,93,65,3,1980,278,420,155,161,35,316,230,581,44,176,213,433
2014,Glenn County,December,189,5,2,0,6,6,3,181,53,2,1,1,2,2,1,52,7,15,4,5,4,8,8,20,1,3,7,11
2014,Humboldt County,December,1277,21,0,3,31,2,40,1228,22,0,0,0,0,0,0,22,24,73,0,0,40,2,31,73,3,0,21,24
2014,Imperial County,December,2697,32,16,0,14,9,0,2722,51,0,0,0,0,0,0,51,48,23,0,0,0,9,14,23,0,16,32,48
2014,Inyo County,December,126,9,3,1,7,7,2,123,84,7,4,0,7,13,1,74,13,16,11,21,3,20,14,37,1,7,16,24
2014,Kern County,December,8244,185,14,10,266,36,22,8129,0,0,0,0,0,0,0,0,209,324,0,0,22,36,266,324,10,14,185,209
2014,Kings County,December,2204,42,2,11,24,18,17,2200,1924,33,4,0,43,2,2,1914,55,59,37,47,19,20,67,106,11,6,75,92
2014,Lake County,December,734,6,2,0,14,5,1,722,148,4,0,0,1,1,1,149,8,20,4,3,2,6,15,23,0,2,10,12
2014,Lassen County,December,241,5,0,0,9,1,1,235,176,2,0,0,4,5,5,164,5,11,2,14,6,6,13,25,0,0,7,7
2014,Los Angeles County,December,55229,1104,237,0,650,640,118,55162,108,0,0,0,4,1,0,103,1341,1408,0,5,118,641,654,1413,0,237,1104,1341
2014,Madera County,December,3030,38,16,0,35,64,2,2983,444,29,24,0,5,8,0,484,54,101,53,13,2,72,40,114,0,40,67,107
2014,Marin County,December,1350,28,7,0,13,22,0,1350,929,32,8,0,25,21,0,923,35,35,40,46,0,43,38,81,0,15,60,75
2014,Mariposa County,December,107,5,1,0,1,0,0,112,159,2,6,0,5,8,0,154,6,1,8,13,0,8,6,14,0,7,7,14
2014,Mendocino County,December,720,16,14,0,14,42,20,674,108,2,7,0,1,7,0,109,30,76,9,8,20,49,15,84,0,21,18,39
2014,Merced County,December,2885,31,50,0,48,69,3,2846,0,0,0,0,0,0,0,0,81,120,0,0,3,69,48,120,0,50,31,81
2014,Modoc County,December,93,1,0,0,0,1,1,92,38,5,0,0,2,0,0,41,1,2,5,2,1,1,2,4,0,0,6,6
2014,Mono County,December,181,7,0,0,2,1,5,180,76,4,0,0,3,0,0,77,7,8,4,3,5,1,5,11,0,0,11,11
2014,Monterey County,December,2035,48,33,0,7,23,44,2042,222,6,5,1,1,4,0,229,81,74,12,5,44,27,8,79,1,38,54,93
2014,Napa County,December,988,30,21,39,15,36,7,1020,1043,32,21,28,26,23,7,1068,90,58,81,56,14,59,41,114,67,42,62,171
2014,Nevada County,December,429,16,0,0,17,0,34,394,112,10,0,0,3,0,0,119,16,51,10,3,34,0,20,54,0,0,26,26
2014,Orange County,December,12427,584,338,0,757,457,70,12065,3416,0,3,0,28,8,1,3382,922,1284,3,37,71,465,785,1321,0,341,584,925
2014,Placer County,December,2321,53,1,0,18,15,26,2316,752,41,0,0,7,4,6,776,54,59,41,17,32,19,25,76,0,1,94,95
2014,Plumas County,December,158,6,1,0,15,7,1,142,127,11,1,0,7,6,2,124,7,23,12,15,3,13,22,38,0,2,17,19
2014,Riverside County,December,11575,295,156,23,368,228,0,11453,885,62,26,7,31,54,0,895,474,596,95,85,0,282,399,681,30,182,357,569
2014,Sacramento County,December,36515,443,322,97,102,436,143,36696,0,0,0,0,0,0,0,0,862,681,0,0,143,436,102,681,97,322,443,862
2014,San Benito County,December,202,9,0,0,5,9,7,190,168,4,0,6,1,3,0,174,9,21,10,4,7,12,6,25,6,0,13,19
2014,San Bernardino County,December,14624,487,0,15,593,4,82,14447,866,21,0,1,186,3,0,699,502,679,22,189,82,7,779,868,16,0,508,524
2014,San Diego County,December,11983,257,162,0,222,380,2,11819,648,15,2,0,34,12,0,619,419,604,17,46,2,392,256,650,0,164,272,436
2014,San Francisco County,December,3439,93,98,15,98,18,161,3368,1255,26,14,13,19,2,52,1235,206,277,53,73,213,20,117,350,28,112,119,259
2014,San Joaquin County,December,6802,69,137,15,223,82,17,6701,6823,63,120,1,63,76,3,6865,221,322,184,142,20,158,286,464,16,257,132,405
2014,San Luis Obispo County,December,1680,33,43,14,45,56,12,1657,651,33,10,0,31,11,1,651,90,113,43,43,13,67,76,156,14,53,66,133
2014,San Mateo County,December,3793,57,36,0,103,34,16,3733,1680,56,10,0,40,29,1,1676,93,153,66,70,17,63,143,223,0,46,113,159
2014,Santa Barbara County,December,2673,56,58,0,46,102,36,2603,1702,137,58,0,79,102,6,1710,114,184,195,187,42,204,125,371,0,116,193,309
2014,Santa Clara County,December,7665,588,202,174,346,292,674,7317,2118,287,150,433,184,202,343,2259,964,1312,870,729,1017,494,530,2041,607,352,875,1834
2014,Santa Cruz County,December,1728,21,37,0,3,26,70,1687,511,12,3,0,1,11,43,471,58,99,15,55,113,37,4,154,0,40,33,73
2014,Shasta County,December,1305,51,28,0,63,28,0,1293,8,0,0,0,0,0,0,8,79,91,0,0,0,28,63,91,0,28,51,79
2014,Sierra County,December,25,0,0,0,1,0,0,24,8,0,0,0,0,0,0,8,0,1,0,0,0,0,1,1,0,0,0,0
2014,Siskiyou County,December,424,13,8,1,13,19,2,412,9,0,0,0,0,0,0,9,22,34,0,0,2,19,13,34,1,8,13,22
2014,Solano County,December,2050,47,0,0,20,6,5,2066,894,23,0,0,26,1,21,869,47,31,23,48,26,7,46,79,0,0,70,70
2014,Sonoma County,December,1970,79,61,0,71,59,3,1977,417,22,36,3,25,15,50,388,140,133,61,90,53,74,96,223,3,97,101,201
2014,Stanislaus County,December,5030,43,54,2,12,184,4,4929,352,50,53,0,15,35,0,405,99,200,103,50,4,219,27,250,2,107,93,202
2014,Sutter County,December,849,20,9,4,5,24,9,844,24,2,0,0,0,5,0,21,33,38,2,5,9,29,5,43,4,9,22,35
2014,Tehama County,December,685,25,1,0,13,2,14,682,53,4,0,0,0,0,0,57,26,29,4,0,14,2,13,29,0,1,29,30
2014,Trinity County,December,124,4,0,0,3,2,2,121,7,2,0,0,1,0,1,7,4,7,2,2,3,2,4,9,0,0,6,6
2014,Tulare County,December,4648,88,50,15,96,41,33,4631,313,34,7,0,17,10,7,320,153,170,41,34,40,51,113,204,15,57,122,194
2014,Tuolumne County,December,665,27,9,4,69,29,12,595,545,18,0,0,34,9,0,520,40,110,18,43,12,38,103,153,4,9,45,58
2014,Ventura County,December,2695,62,11,0,33,100,0,2635,7966,216,30,0,112,312,0,7788,73,133,246,424,0,412,145,557,0,41,278,319
2014,Yolo County,December,2768,20,42,13,33,9,421,2380,37,0,0,0,0,0,0,37,75,463,0,0,421,9,33,463,13,42,20,75
2014,Yuba County,December,622,17,13,4,33,8,8,607,48,3,3,0,3,0,3,48,34,49,6,6,11,8,36,55,4,16,20,40
2015,Alameda County,January,9680,178,101,101,153,246,71,9590,163,5,0,4,4,7,1,160,380,470,9,12,72,253,157,482,105,101,183,389
2015,Alpine County,January,22,1,0,0,1,1,1,20,34,6,3,0,0,0,1,42,1,3,9,1,2,1,1,4,0,3,7,10
2015,Amador County,January,311,6,4,9,6,13,0,311,991,30,0,5,34,1,0,991,19,19,35,35,0,14,40,54,14,4,36,54
2015,Butte County,January,1259,46,47,0,24,69,12,1247,351,45,12,0,9,32,1,366,93,105,57,42,13,101,33,147,0,59,91,150
2015,Calaveras County,January,320,3,3,3,8,9,7,305,130,6,1,0,4,3,0,130,9,24,7,7,7,12,12,31,3,4,9,16
2015,Colusa County,January,77,4,2,1,1,3,1,79,35,1,3,0,0,2,2,35,7,5,4,4,3,5,1,9,1,5,5,11
2015,Contra Costa County,January,3715,63,4,24,65,6,47,3688,2,0,0,0,0,0,0,2,91,118,0,0,47,6,65,118,24,4,63,91
2015,Del Norte County,January,162,4,5,0,3,4,4,160,81,8,1,4,4,2,1,87,9,11,13,7,5,6,7,18,4,6,12,22
2015,El Dorado County,January,1002,28,13,0,23,10,7,1003,112,7,2,0,10,2,0,109,41,40,9,12,7,12,33,52,0,15,35,50
2015,Fresno County,January,5923,195,101,0,246,218,31,5724,1980,67,47,22,53,68,1,1994,296,495,136,122,32,286,299,617,22,148,262,432
2015,Glenn County,January,181,3,1,1,11,1,6,168,52,6,0,1,2,4,1,52,5,18,7,7,7,5,13,25,2,1,9,12
2015,Humboldt County,January,1228,18,0,5,13,7,81,1150,22,0,0,0,0,0,1,21,23,101,0,1,82,7,13,102,5,0,18,23
2015,Imperial County,January,2722,33,11,0,5,3,0,2758,51,0,0,0,0,0,0,51,44,8,0,0,0,3,5,8,0,11,33,44
2015,Inyo County,January,137,7,4,2,9,6,2,133,165,5,6,0,12,5,2,157,13,17,11,19,4,11,21,36,2,10,12,24
2015,Kern County,January,8129,157,10,6,353,41,31,7877,0,0,0,0,0,0,0,0,173,425,0,0,31,41,353,425,6,10,157,173
2015,Kings County,January,2200,44,2,11,39,15,20,2183,1914,28,3,1,49,8,8,1881,57,74,32,65,28,23,88,139,12,5,72,89
2015,Lake County,January,668,10,1,0,10,10,2,657,132,1,0,0,2,0,0,131,11,22,1,2,2,10,12,24,0,1,11,12
2015,Lassen County,January,235,3,0,0,10,2,2,224,170,3,0,0,6,0,0,167,3,14,3,6,2,2,16,20,0,0,6,6
2015,Los Angeles County,January,53834,1126,213,0,609,627,50,53887,97,0,0,0,2,2,0,93,1339,1286,0,4,50,629,611,1290,0,213,1126,1339
2015,Madera County,January,2983,10,23,0,17,55,4,2940,484,18,9,0,1,23,1,486,33,76,27,25,5,78,18,101,0,32,28,60
2015,Marin County,January,1350,17,4,0,13,14,0,1344,923,20,5,0,20,19,0,909,21,27,25,39,0,33,33,66,0,9,37,46
2015,Mariposa County,January,109,5,3,0,2,3,0,112,160,2,7,0,6,10,0,153,8,5,9,16,0,13,8,21,0,10,7,17
2015,Mendocino County,January,727,13,9,0,8,18,9,714,110,5,7,0,3,7,0,112,22,35,12,10,9,25,11,45,0,16,18,34
2015,Merced County,January,2821,43,44,0,41,80,3,2784,0,0,0,0,0,0,0,0,87,124,0,0,3,80,41,124,0,44,43,87
2015,Modoc County,January,92,0,0,0,1,0,0,91,41,3,0,0,0,1,0,43,0,1,3,1,0,1,1,2,0,0,3,3
2015,Mono County,January,180,2,0,0,1,0,2,179,77,3,0,0,0,0,0,80,2,3,3,0,2,0,1,3,0,0,5,5
2015,Monterey County,January,2042,12,15,0,7,33,61,1968,229,6,3,4,1,6,0,235,27,101,13,7,61,39,8,108,4,18,18,40
2015,Napa County,January,1020,38,30,9,13,56,10,1018,1068,44,30,4,30,32,8,1076,77,79,78,70,18,88,43,149,13,60,82,155
2015,Nevada County,January,619,12,5,0,14,2,18,602,150,3,0,0,3,0,13,137,17,34,3,16,31,2,17,50,0,5,15,20
2015,Orange County,January,12065,455,350,0,902,379,107,11482,3382,46,13,0,29,11,2,3399,805,1388,59,42,109,390,931,1430,0,363,501,864
2015,Placer County,January,2318,68,0,0,22,11,11,2342,786,25,0,0,9,3,2,797,68,44,25,14,13,14,31,58,0,0,93,93
2015,Plumas County,January,142,3,2,0,4,2,0,141,124,6,4,0,6,7,1,120,5,6,10,14,1,9,10,20,0,6,9,15
2015,Riverside County,January,11453,279,152,14,384,300,0,11214,895,58,37,9,44,70,0,885,445,684,104,114,0,370,428,798,23,189,337,549
2015,Sacramento County,January,36696,442,394,109,101,404,109,37027,0,0,0,0,0,0,0,0,945,614,0,0,109,404,101,614,109,394,442,945
2015,San Benito County,January,190,18,2,45,3,8,9,235,174,4,1,8,8,1,105,73,65,20,13,114,114,9,11,134,53,3,22,78
2015,San Bernardino County,January,24469,537,287,5,601,416,0,24281,508,3,7,1,184,4,0,331,829,1017,11,188,0,420,785,1205,6,294,540,840
2015,San Diego County,January,11685,314,107,0,323,311,3,11469,729,21,8,0,39,22,0,697,421,637,29,61,3,333,362,698,0,115,335,450
2015,San Francisco County,January,3368,77,97,3,80,19,188,3258,1235,32,18,32,17,3,61,1236,177,287,82,81,249,22,97,368,35,115,109,259
2015,San Joaquin County,January,6701,91,187,32,196,139,16,6660,6865,88,182,2,47,102,1,6987,310,351,272,150,17,241,243,501,34,369,179,582
2015,San Luis Obispo County,January,1584,46,57,11,63,52,30,1553,774,28,16,17,45,22,4,764,114,145,61,71,34,74,108,216,28,73,74,175
2015,San Mateo County,January,3733,42,41,0,100,42,13,3661,1676,57,9,0,22,16,2,1702,83,155,66,40,15,58,122,195,0,50,99,149
2015,Santa Barbara County,January,2542,71,46,0,40,99,36,2484,1809,154,44,0,103,82,3,1819,117,175,198,188,39,181,143,363,0,90,225,315
2015,Santa Clara County,January,7317,456,182,210,353,205,507,7100,2259,260,160,277,192,208,240,2316,848,1065,697,640,747,413,545,1705,487,342,716,1545
2015,Santa Cruz County,January,1687,31,19,0,37,21,37,1642,471,14,11,26,14,14,0,494,50,95,51,28,37,35,51,123,26,30,45,101
2015,Shasta County,January,1439,52,17,0,77,17,0,1414,6,0,0,0,0,0,0,6,69,94,0,0,0,17,77,94,0,17,52,69
2015,Sierra County,January,24,0,0,0,0,0,0,24,8,1,0,0,0,0,0,9,0,0,1,0,0,0,0,0,0,0,1,1
2015,Siskiyou County,January,412,9,13,0,21,13,1,399,9,0,0,0,1,1,0,7,22,35,0,2,1,14,22,37,0,13,9,22
2015,Solano County,January,1997,41,0,0,19,14,10,1995,904,21,0,0,33,2,13,877,41,43,21,48,23,16,52,91,0,0,62,62
2015,Sonoma County,January,1977,58,42,0,72,65,3,1937,388,31,36,1,18,15,72,351,100,140,68,105,75,80,90,245,1,78,89,168
2015,Stanislaus County,January,4929,73,39,0,12,130,39,4860,405,97,59,0,20,54,1,486,112,181,156,75,40,184,32,256,0,98,170,268
2015,Sutter County,January,844,15,16,6,6,26,14,835,21,3,6,1,2,7,0,22,37,46,10,9,14,33,8,55,7,22,18,47
2015,Tehama County,January,682,17,1,0,10,2,17,671,57,2,0,0,0,1,0,58,18,29,2,1,17,3,10,30,0,1,19,20
2015,Trinity County,January,121,1,0,0,2,3,3,114,7,2,0,2,0,0,0,11,1,8,4,0,3,3,2,8,2,0,3,5
2015,Tulare County,January,4631,75,72,15,195,95,31,4472,320,23,12,0,40,18,2,295,162,321,35,60,33,113,235,381,15,84,98,197
2015,Tuolumne County,January,595,26,7,10,44,36,18,540,520,7,0,0,20,3,108,396,43,98,7,131,126,39,64,229,10,7,33,50
2015,Ventura County,January,2460,62,5,0,51,37,0,2439,7833,232,33,0,109,290,0,7699,67,88,265,399,0,327,160,487,0,38,294,332
2015,Yolo County,January,2380,19,27,2,16,3,29,2380,37,0,0,0,0,0,0,37,48,48,0,0,29,3,16,48,2,27,19,48
2015,Yuba County,January,607,16,11,2,18,34,6,578,48,6,3,0,3,0,4,50,29,58,9,7,10,34,21,65,2,14,22,38
2015,Alameda County,February,9590,158,108,83,162,290,86,9401,160,4,5,3,4,3,1,164,349,538,12,8,87,293,166,546,86,113,162,361
2015,Alpine County,February,20,0,0,0,1,2,0,17,42,0,2,0,0,2,0,42,0,3,2,2,0,4,1,5,0,2,0,2
2015,Amador County,February,311,5,2,0,21,4,0,293,991,29,3,0,28,4,0,991,7,25,32,32,0,8,49,57,0,5,34,39
2015,Butte County,February,1256,28,46,0,20,63,3,1244,368,13,18,0,9,24,2,364,74,86,31,35,5,87,29,121,0,64,41,105
2015,Calaveras County,February,305,5,3,1,6,7,3,298,130,10,3,0,0,3,0,140,9,16,13,3,3,10,6,19,1,6,15,22
2015,Colusa County,February,79,6,0,0,0,3,4,78,35,3,0,0,1,1,0,36,6,7,3,2,4,4,1,9,0,0,9,9
2015,Contra Costa County,February,3688,84,8,17,84,7,84,3622,2,0,0,0,0,0,0,2,109,175,0,0,84,7,84,175,17,8,84,109
2015,Del Norte County,February,160,9,2,0,2,5,3,161,87,6,1,3,3,8,2,84,11,10,10,13,5,13,5,23,3,3,15,21
2015,El Dorado County,February,994,18,10,0,19,9,3,991,110,5,1,0,3,2,0,111,28,31,6,5,3,11,22,36,0,11,23,34
2015,Fresno County,February,5724,151,118,2,137,186,24,5648,1994,42,27,19,29,31,1,2021,271,347,88,61,25,217,166,408,21,145,193,359
2015,Glenn County,February,168,1,1,0,4,5,6,155,52,4,1,1,1,1,1,55,2,15,6,3,7,6,5,18,1,2,5,8
2015,Humboldt County,February,1150,18,0,2,26,6,14,1124,21,0,0,1,0,0,0,22,20,46,1,0,14,6,26,46,3,0,18,21
2015,Imperial County,February,2758,32,23,0,15,8,0,2790,51,0,0,0,0,0,0,51,55,23,0,0,0,8,15,23,0,23,32,55
2015,Inyo County,February,133,9,3,1,3,6,1,136,157,3,7,0,10,7,1,149,13,10,10,18,2,13,13,28,1,10,12,23
2015,Kern County,February,7877,119,9,6,469,55,49,7438,0,0,0,0,0,0,0,0,134,573,0,0,49,55,469,573,6,9,119,134
2015,Kings County,February,2183,47,9,4,30,13,10,2190,1881,30,11,1,42,12,5,1864,60,53,42,59,15,25,72,112,5,20,77,102
2015,Lake County,February,652,15,4,0,9,9,1,652,130,2,0,0,3,3,0,126,19,19,2,6,1,12,12,25,0,4,17,21
2015,Lassen County,February,228,4,0,0,5,0,0,227,166,3,0,0,2,0,0,167,4,5,3,2,0,0,7,7,0,0,7,7
2015,Los Angeles County,February,52343,1071,220,0,530,575,23,52506,94,2,1,0,2,1,2,92,1291,1128,3,5,25,576,532,1133,0,221,1073,1294
2015,Madera County,February,2940,22,21,0,29,49,5,2900,486,28,17,0,7,20,0,504,43,83,45,27,5,69,36,110,0,38,50,88
2015,Marin County,February,1344,44,11,0,7,22,0,1370,909,38,10,0,22,27,0,908,55,29,48,49,0,49,29,78,0,21,82,103
2015,Mariposa County,February,112,1,2,0,0,2,0,113,153,4,9,0,9,8,0,149,3,2,13,17,0,10,9,19,0,11,5,16
2015,Mendocino County,February,718,18,13,0,7,21,7,714,114,7,4,0,7,6,0,112,31,35,11,13,7,27,14,48,0,17,25,42
2015,Merced County,February,2760,52,30,0,28,55,1,2758,0,0,0,0,0,0,0,0,82,84,0,0,1,55,28,84,0,30,52,82
2015,Modoc County,February,91,2,0,0,4,0,0,89,43,1,0,0,0,2,0,42,2,4,1,2,0,2,4,6,0,0,3,3
2015,Mono County,February,179,6,0,1,6,0,5,175,80,3,0,5,9,0,0,79,7,11,8,9,5,0,15,20,6,0,9,15
2015,Monterey County,February,1968,10,20,0,17,33,34,1914,235,2,4,2,6,6,0,231,30,84,8,12,34,39,23,96,2,24,12,38
2015,Napa County,February,1018,31,43,0,16,42,38,996,1076,36,38,19,41,36,6,1086,74,96,93,83,44,78,57,179,19,81,67,167
2015,Nevada County,February,602,8,4,0,12,0,17,585,137,8,0,0,1,0,8,136,12,29,8,9,25,0,13,38,0,4,16,20
2015,Orange County,February,11482,482,257,7,786,268,87,11087,3399,46,8,14,54,4,1,3408,746,1141,68,59,88,272,840,1200,21,265,528,814
2015,Placer County,February,2333,66,0,0,19,13,15,2352,807,36,0,0,6,1,2,834,66,47,36,9,17,14,25,56,0,0,102,102
2015,Plumas County,February,141,4,2,0,6,3,0,138,120,9,2,0,11,4,0,116,6,9,11,15,0,7,17,24,0,4,13,17
2015,Riverside County,February,11214,233,152,19,292,268,0,11058,885,45,44,0,42,35,3,894,404,560,89,80,3,303,334,640,19,196,278,493
2015,Sacramento County,February,37027,404,323,87,92,409,106,37234,0,0,0,0,0,0,0,0,814,607,0,0,106,409,92,607,87,323,404,814
2015,San Benito County,February,235,6,1,1,4,7,6,226,73,3,1,6,6,3,1,73,8,17,10,10,7,10,10,27,7,2,9,18
2015,San Bernardino County,February,24525,513,262,7,470,333,0,24504,640,5,11,1,167,12,0,478,782,803,17,179,0,345,637,982,8,273,518,799
2015,San Diego County,February,11469,254,113,0,295,300,6,11235,697,11,5,0,44,15,0,654,367,601,16,59,6,315,339,660,0,118,265,383
2015,San Francisco County,February,3258,49,99,19,101,10,201,3113,1236,23,20,43,16,2,49,1255,167,312,86,67,250,12,117,379,62,119,72,253
2015,San Joaquin County,February,6660,65,166,30,120,129,5,6667,6987,67,106,2,41,124,5,6992,261,254,175,170,10,253,161,424,32,272,132,436
2015,San Luis Obispo County,February,1553,36,48,9,69,36,7,1534,764,24,13,4,37,18,1,749,93,112,41,56,8,54,106,168,13,61,60,134
2015,San Mateo County,February,3661,51,21,0,82,55,20,3576,1702,61,5,0,27,14,3,1724,72,157,66,44,23,69,109,201,0,26,112,138
2015,Santa Barbara County,February,2419,70,71,0,52,73,37,2398,1830,147,70,0,75,69,4,1899,141,162,217,148,41,142,127,310,0,141,217,358
2015,Santa Clara County,February,7100,565,196,144,287,228,527,6963,2316,335,188,260,168,261,309,2361,905,1042,783,738,836,489,455,1780,404,384,900,1688
2015,Santa Cruz County,February,1642,17,27,0,29,27,22,1608,494,11,3,0,9,9,3,487,44,78,14,21,25,36,38,99,0,30,28,58
2015,Shasta County,February,1414,60,25,0,46,25,0,1428,6,0,0,0,0,0,0,6,85,71,0,0,0,25,46,71,0,25,60,85
2015,Sierra County,February,24,2,0,0,0,0,1,25,9,1,0,0,0,0,0,10,2,1,1,0,1,0,0,1,0,0,3,3
2015,Siskiyou County,February,399,14,6,0,13,15,7,384,7,0,0,0,0,0,0,7,20,35,0,0,7,15,13,35,0,6,14,20
2015,Solano County,February,1944,30,0,0,30,12,9,1923,912,14,0,0,24,2,7,893,30,51,14,33,16,14,54,84,0,0,44,44
2015,Sonoma County,February,1937,64,53,2,70,57,1,1928,351,20,33,1,18,13,54,320,119,128,54,85,55,70,88,213,3,86,84,173
2015,Stanislaus County,February,4860,67,40,2,21,62,48,4838,486,63,56,9,23,77,0,514,109,131,128,100,48,139,44,231,11,96,130,237
2015,Sutter County,February,835,15,13,3,1,33,21,811,22,4,3,1,2,2,1,25,31,55,8,5,22,35,3,60,4,16,19,39
2015,Tehama County,February,671,17,0,0,5,3,16,664,61,0,0,0,0,2,1,58,17,24,0,3,17,5,5,27,0,0,17,17
2015,Trinity County,February,127,3,0,0,4,8,5,113,11,3,0,0,1,1,0,12,3,17,3,2,5,9,5,19,0,0,6,6
2015,Tulare County,February,4472,82,62,5,114,84,20,4403,295,22,7,0,9,16,1,298,149,218,29,26,21,100,123,244,5,69,104,178
2015,Tuolumne County,February,540,15,8,5,23,37,9,499,396,11,0,0,194,4,0,209,28,69,11,198,9,41,217,267,5,8,26,39
2015,Ventura County,February,2275,60,10,0,34,1,0,2310,7606,264,28,0,111,257,0,7530,70,35,292,368,0,258,145,403,0,38,324,362
2015,Yolo County,February,2380,16,25,2,31,3,14,2375,37,0,0,0,0,0,0,37,43,48,0,0,14,3,31,48,2,25,16,43
2015,Yuba County,February,578,18,6,3,36,4,9,556,50,0,1,1,3,0,2,47,27,49,2,5,11,4,39,54,4,7,18,29
2015,Alameda County,March,9401,183,105,86,227,237,98,9213,164,11,0,3,10,3,4,161,374,562,14,17,102,240,237,579,89,105,194,388
2015,Alpine County,March,17,1,1,0,0,3,0,16,42,4,0,0,2,3,0,41,2,3,4,5,0,6,2,8,0,1,5,6
2015,Amador County,March,293,11,1,0,10,9,4,282,991,42,0,7,25,1,0,1014,12,23,49,26,4,10,35,49,7,1,53,61
2015,Butte County,March,1220,32,61,0,28,60,8,1217,368,21,12,0,12,24,3,362,93,96,33,39,11,84,40,135,0,73,53,126
2015,Calaveras County,March,298,8,3,2,9,6,3,293,140,8,3,0,4,5,0,142,13,18,11,9,3,11,13,27,2,6,16,24
2015,Colusa County,March,78,3,1,0,1,4,1,76,36,3,0,0,1,0,0,38,4,6,3,1,1,4,2,7,0,1,6,7
2015,Contra Costa County,March,3622,98,5,15,53,4,67,3616,2,0,0,0,0,0,0,2,118,124,0,0,67,4,53,124,15,5,98,118
2015,Del Norte County,March,161,4,2,0,7,1,1,158,84,7,1,0,2,1,1,88,6,9,8,4,2,2,9,13,0,3,11,14
2015,El Dorado County,March,1015,36,10,0,20,10,6,1025,111,6,3,0,5,6,0,109,46,36,9,11,6,16,25,47,0,13,42,55
2015,Fresno County,March,5648,188,136,0,185,216,22,5549,2021,64,43,10,40,82,2,2014,324,423,117,124,24,298,225,547,10,179,252,441
2015,Glenn County,March,155,4,0,1,9,4,2,145,55,5,2,1,2,1,1,59,5,15,8,4,3,5,11,19,2,2,9,13
2015,Humboldt County,March,1124,21,0,2,30,7,30,1080,22,0,0,0,3,0,0,19,23,67,0,3,30,7,33,70,2,0,21,23
2015,Imperial County,March,2790,51,17,0,48,30,0,2780,51,0,0,0,0,0,0,51,68,78,0,0,0,30,48,78,0,17,51,68
2015,Inyo County,March,136,7,5,2,6,12,3,129,149,10,7,0,10,9,1,146,14,21,17,20,4,21,16,41,2,12,17,31
2015,Kern County,March,7438,149,11,6,365,42,38,7159,0,0,0,0,0,0,0,0,166,445,0,0,38,42,365,445,6,11,149,166
2015,Kings County,March,2190,47,9,15,59,21,14,2167,1864,40,5,0,49,11,5,1844,71,94,45,65,19,32,108,159,15,14,87,116
2015,Lake County,March,648,22,1,0,11,2,0,658,131,1,1,0,0,0,0,133,23,13,2,0,0,2,11,13,0,2,23,25
2015,Lassen County,March,220,8,0,0,8,1,1,218,170,3,0,0,3,0,0,170,8,10,3,3,1,1,11,13,0,0,11,11
2015,Los Angeles County,March,51217,1270,329,0,626,762,27,51401,86,3,0,0,2,1,0,86,1599,1415,3,3,27,763,628,1418,0,329,1273,1602
2015,Madera County,March,2900,20,39,0,22,86,1,2850,504,17,16,0,10,34,0,493,59,109,33,44,1,120,32,153,0,55,37,92
2015,Marin County,March,1370,21,5,0,29,2,0,1365,908,13,3,0,35,20,0,869,26,31,16,55,0,22,64,86,0,8,34,42
2015,Mariposa County,March,113,2,2,0,7,2,0,108,149,8,5,0,8,6,0,148,4,9,13,14,0,8,15,23,0,7,10,17
2015,Mendocino County,March,712,9,17,0,13,15,6,704,114,6,7,0,1,11,1,114,26,34,13,13,7,26,14,47,0,24,15,39
2015,Merced County,March,2738,50,66,0,52,82,1,2719,0,0,0,0,0,0,0,0,116,135,0,0,1,82,52,135,0,66,50,116
2015,Modoc County,March,89,0,0,0,2,1,0,86,42,0,0,0,1,1,0,40,0,3,0,2,0,2,3,5,0,0,0,0
2015,Mono County,March,175,8,0,0,13,0,0,170,79,8,0,0,5,0,4,78,8,13,8,9,4,0,18,22,0,0,16,16
2015,Monterey County,March,1914,19,13,0,35,14,21,1876,231,4,2,0,4,3,3,227,32,70,6,10,24,17,39,80,0,15,23,38
2015,Napa County,March,996,43,54,0,27,67,29,970,1086,45,42,29,43,62,3,1094,97,123,116,108,32,129,70,231,29,96,88,213
2015,Nevada County,March,585,5,7,0,17,2,21,557,136,6,3,0,6,0,8,131,12,40,9,14,29,2,23,54,0,10,11,21
2015,Orange County,March,11087,392,401,0,774,372,335,10399,3408,33,5,13,23,9,3,3424,793,1481,51,35,338,381,797,1516,13,406,425,844
2015,Placer County,March,2322,80,0,0,33,31,26,2312,871,57,1,0,9,6,8,906,80,90,58,23,34,37,42,113,0,1,137,138
2015,Plumas County,March,138,1,3,0,7,4,0,131,116,13,5,0,4,5,0,125,4,11,18,9,0,9,11,20,0,8,14,22
2015,Riverside County,March,11058,342,167,13,450,260,0,10870,894,62,44,16,39,59,0,918,522,710,122,98,0,319,489,808,29,211,404,644
2015,Sacramento County,March,37234,479,347,88,118,429,158,37443,0,0,0,0,0,0,0,0,914,705,0,0,158,429,118,705,88,347,479,914
2015,San Benito County,March,226,8,55,5,5,8,4,277,73,3,9,3,0,1,2,85,68,17,15,3,6,9,5,20,8,64,11,83
2015,San Bernardino County,March,24421,628,358,5,625,419,0,24368,750,3,7,0,161,6,0,593,991,1044,10,167,0,425,786,1211,5,365,631,1001
2015,San Diego County,March,11235,283,122,0,264,364,2,11010,654,22,4,0,36,21,0,623,405,630,26,57,2,385,300,687,0,126,305,431
2015,San Francisco County,March,3113,45,93,13,67,14,172,3011,1255,37,27,11,38,2,62,1228,151,253,75,102,234,16,105,355,24,120,82,226
2015,San Joaquin County,March,6667,49,136,1,127,105,8,6613,6992,57,147,24,33,108,2,7077,186,240,228,143,10,213,160,383,25,283,106,414
2015,San Luis Obispo County,March,1534,49,32,10,68,61,14,1482,749,38,14,10,26,34,7,744,91,143,62,67,21,95,94,210,20,46,87,153
2015,San Mateo County,March,3576,64,35,0,100,56,11,3508,1724,48,5,0,62,23,3,1689,99,167,53,88,14,79,162,255,0,40,112,152
2015,Santa Barbara County,March,2357,66,57,0,57,61,48,2314,1856,122,69,0,109,84,9,1845,123,166,191,202,57,145,166,368,0,126,188,314
2015,Santa Clara County,March,6963,463,169,200,297,243,511,6744,2361,480,206,515,195,566,441,2360,832,1051,1201,1202,952,809,492,2253,715,375,943,2033
2015,Santa Cruz County,March,1608,30,27,0,25,23,22,1595,487,14,8,0,14,9,20,466,57,70,22,43,42,32,39,113,0,35,44,79
2015,Shasta County,March,1428,52,17,0,70,17,0,1410,6,0,0,0,0,0,0,6,69,87,0,0,0,17,70,87,0,17,52,69
2015,Sierra County,March,25,0,0,0,0,0,0,25,10,0,0,0,0,0,0,10,0,0,0,0,0,0,0,0,0,0,0,0
2015,Siskiyou County,March,397,22,8,0,14,12,3,398,7,0,1,0,0,1,0,7,30,29,1,1,3,13,14,30,0,9,22,31
2015,Solano County,March,1905,52,0,0,23,12,3,1919,929,30,0,0,22,0,9,928,52,38,30,31,12,12,45,69,0,0,82,82
2015,Sonoma County,March,1928,62,61,0,56,53,3,1939,320,35,20,1,25,7,38,306,123,112,56,70,41,60,81,182,1,81,97,179
2015,Stanislaus County,March,4838,68,45,1,19,98,53,4782,514,48,76,4,24,108,0,510,114,170,128,132,53,206,43,302,5,121,116,242
2015,Sutter County,March,811,30,5,2,4,36,29,779,25,4,6,0,2,6,3,24,37,69,10,11,32,42,6,80,2,11,34,47
2015,Tehama County,March,664,21,2,0,10,4,10,663,58,1,0,0,1,1,0,57,23,24,1,2,10,5,11,26,0,2,22,24
2015,Trinity County,March,113,2,2,0,8,6,1,102,12,2,5,0,1,2,0,16,4,15,7,3,1,8,9,18,0,7,4,11
2015,Tulare County,March,4403,92,42,2,126,62,17,4334,298,18,9,0,20,19,0,286,136,205,27,39,17,81,146,244,2,51,110,163
2015,Tuolumne County,March,499,26,10,2,33,53,14,437,209,8,0,0,118,12,0,87,38,100,8,130,14,65,151,230,2,10,34,46
2015,Ventura County,March,2157,57,14,0,57,0,0,2171,7558,270,28,0,135,174,0,7547,71,57,298,309,0,174,192,366,0,42,327,369
2015,Yolo County,March,2375,33,27,2,24,9,8,2396,37,8,61,0,0,0,37,69,62,41,69,37,45,9,24,78,2,88,41,131
2015,Yuba County,March,556,15,19,4,35,9,19,531,47,0,0,2,5,0,4,40,38,63,2,9,23,9,40,72,6,19,15,40
2015,Alameda County,April,9213,205,95,98,165,203,112,9131,161,3,0,1,2,5,3,155,398,480,4,10,115,208,167,490,99,95,208,402
2015,Alpine County,April,16,0,0,0,1,0,0,15,41,2,0,0,0,0,0,43,0,1,2,0,0,0,1,1,0,0,2,2
2015,Amador County,April,282,6,6,2,5,5,0,286,1014,41,0,0,18,0,3,1034,14,10,41,21,3,5,23,31,2,6,47,55
2015,Butte County,April,984,53,26,0,24,53,0,986,328,21,15,0,13,32,0,319,79,77,36,45,0,85,37,122,0,41,74,115
2015,Calaveras County,April,293,5,5,0,6,9,5,283,142,16,4,0,5,3,3,151,10,20,20,11,8,12,11,31,0,9,21,30
2015,Colusa County,April,76,5,3,0,0,4,1,79,38,1,0,0,5,6,0,28,8,5,1,11,1,10,5,16,0,3,6,9
2015,Contra Costa County,April,3616,82,7,8,132,6,53,3522,2,0,0,0,0,0,0,2,97,191,0,0,53,6,132,191,8,7,82,97
2015,Del Norte County,April,158,5,2,4,5,3,2,159,88,8,2,1,5,2,0,92,11,10,11,7,2,5,10,17,5,4,13,22
2015,El Dorado County,April,1004,22,10,0,28,11,5,992,108,5,2,0,7,1,0,107,32,44,7,8,5,12,35,52,0,12,27,39
2015,Fresno County,April,5549,202,134,0,155,188,14,5528,2014,38,37,6,24,44,2,2025,336,357,81,70,16,232,179,427,6,171,240,417
2015,Glenn County,April,145,13,2,1,2,1,3,155,59,7,0,0,0,2,3,61,16,6,7,5,6,3,2,11,1,2,20,23
2015,Humboldt County,April,1080,23,0,1,17,8,17,1062,19,0,0,1,0,0,0,20,24,42,1,0,17,8,17,42,2,0,23,25
2015,Imperial County,April,2780,73,19,0,24,25,0,2823,51,0,0,0,1,0,0,50,92,49,0,1,0,25,25,50,0,19,73,92
2015,Inyo County,April,129,6,3,0,8,6,2,122,146,2,4,0,18,13,1,120,9,16,6,32,3,19,26,48,0,7,8,15
2015,Kern County,April,7159,147,18,13,211,26,14,7086,0,0,0,0,0,0,0,0,178,251,0,0,14,26,211,251,13,18,147,178
2015,Kings County,April,2167,36,6,11,44,15,17,2144,1844,45,7,0,50,16,0,1830,53,76,52,66,17,31,94,142,11,13,81,105
2015,Lake County,April,649,6,0,0,14,14,0,627,135,2,1,0,4,0,0,134,6,28,3,4,0,14,18,32,0,1,8,9
2015,Lassen County,April,216,10,0,0,5,2,2,217,170,1,0,0,4,1,1,165,10,9,1,6,3,3,9,15,0,0,11,11
2015,Los Angeles County,April,50329,1300,292,0,586,713,26,50596,89,1,2,0,3,0,1,88,1592,1325,3,4,27,713,589,1329,0,294,1301,1595
2015,Madera County,April,2850,34,31,0,20,43,3,2849,493,20,14,0,12,33,1,481,65,66,34,46,4,76,32,112,0,45,54,99
2015,Marin County,April,1365,19,5,0,15,5,0,1369,869,18,5,0,27,6,0,859,24,20,23,33,0,11,42,53,0,10,37,47
2015,Mariposa County,April,108,6,6,0,7,6,0,107,148,5,7,0,7,11,0,142,12,13,12,18,0,17,14,31,0,13,11,24
2015,Mendocino County,April,703,15,11,0,15,12,8,694,116,4,9,0,3,7,1,118,26,35,13,11,9,19,18,46,0,20,19,39
2015,Merced County,April,2502,45,74,0,55,112,2,2452,0,0,0,0,0,0,0,0,119,169,0,0,2,112,55,169,0,74,45,119
2015,Modoc County,April,86,3,0,1,1,1,0,88,40,1,0,0,0,0,0,41,4,2,1,0,0,1,1,2,1,0,4,5
2015,Mono County,April,170,16,0,0,20,1,0,165,78,14,0,0,5,0,0,87,16,21,14,5,0,1,25,26,0,0,30,30
2015,Monterey County,April,1876,23,26,0,12,21,41,1851,227,1,3,1,3,4,0,225,49,74,5,7,41,25,15,81,1,29,24,54
2015,Napa County,April,970,46,27,0,16,20,38,969,1094,55,34,5,27,30,10,1121,73,74,94,67,48,50,43,141,5,61,101,167
2015,Nevada County,April,557,19,7,0,12,0,19,552,131,3,2,0,3,0,6,127,26,31,5,9,25,0,15,40,0,9,22,31
2015,Orange County,April,10399,375,251,14,822,243,306,9668,3424,55,14,49,19,18,0,3505,640,1371,118,37,306,261,841,1408,63,265,430,758
2015,Placer County,April,2324,75,0,0,34,12,41,2312,909,49,0,0,12,8,16,922,75,87,49,36,57,20,46,123,0,0,124,124
2015,Plumas County,April,131,8,0,0,10,2,0,127,125,7,2,0,8,2,0,124,8,12,9,10,0,4,18,22,0,2,15,17
2015,Riverside County,April,10870,351,149,12,323,216,0,10843,918,73,37,7,39,39,0,957,512,539,117,78,0,255,362,617,19,186,424,629
2015,Sacramento County,April,37443,522,338,110,139,406,133,37735,0,0,0,0,0,0,0,0,970,678,0,0,133,406,139,678,110,338,522,970
2015,San Benito County,April,277,13,1,0,4,7,5,275,85,4,0,1,1,5,0,84,14,16,5,6,5,12,5,22,1,1,17,19
2015,San Bernardino County,April,14532,850,0,59,436,260,5,14740,253,12,0,1,134,8,0,124,909,701,13,142,5,268,570,843,60,0,862,922
2015,San Diego County,April,11010,184,122,0,281,304,3,10728,623,11,0,0,29,7,0,598,306,588,11,36,3,311,310,624,0,122,195,317
2015,San Francisco County,April,3011,60,107,14,75,6,161,2950,1228,36,30,9,24,6,65,1208,181,242,75,95,226,12,99,337,23,137,96,256
2015,San Joaquin County,April,6613,79,125,25,66,110,9,6657,7077,80,151,1,117,98,4,7090,229,185,232,219,13,208,183,404,26,276,159,461
2015,San Luis Obispo County,April,1482,41,48,8,61,34,5,1479,744,46,17,0,50,18,3,736,97,100,63,71,8,52,111,171,8,65,87,160
2015,San Mateo County,April,3508,45,38,0,77,52,13,3449,1689,55,4,0,25,20,1,1702,83,142,59,46,14,72,102,188,0,42,100,142
2015,Santa Barbara County,April,2306,92,51,0,37,63,14,2335,1886,169,58,0,96,73,3,1941,143,114,227,172,17,136,133,286,0,109,261,370
2015,Santa Clara County,April,6744,526,234,279,351,274,555,6603,2360,302,214,349,224,287,432,2282,1039,1180,865,943,987,561,575,2123,628,448,828,1904
2015,Santa Cruz County,April,1595,30,35,0,38,29,22,1571,466,20,6,0,15,11,0,466,65,89,26,26,22,40,53,115,0,41,50,91
2015,Shasta County,April,1410,53,34,0,51,34,0,1412,6,0,0,0,0,0,0,6,87,85,0,0,0,34,51,85,0,34,53,87
2015,Sierra County,April,25,0,0,0,0,0,0,25,10,0,0,0,0,0,0,10,0,0,0,0,0,0,0,0,0,0,0,0
2015,Siskiyou County,April,398,10,19,0,4,29,5,389,7,0,1,0,0,0,0,8,29,38,1,0,5,29,4,38,0,20,10,30
2015,Solano County,April,1837,51,0,0,29,13,6,1840,933,22,0,0,25,1,5,924,51,48,22,31,11,14,54,79,0,0,73,73
2015,Sonoma County,April,1939,80,79,0,90,56,2,1950,306,32,26,1,17,12,42,294,159,148,59,71,44,68,107,219,1,105,112,218
2015,Stanislaus County,April,4782,84,60,72,8,75,56,4859,510,92,82,0,37,95,1,551,216,139,174,133,57,170,45,272,72,142,176,390
2015,Sutter County,April,779,18,13,1,4,26,25,756,24,3,2,0,0,4,1,24,32,55,5,5,26,30,4,60,1,15,21,37
2015,Tehama County,April,663,10,1,0,12,4,8,650,57,5,3,0,1,0,1,63,11,24,8,2,9,4,13,26,0,4,15,19
2015,Trinity County,April,102,4,3,1,7,9,1,93,16,4,0,0,1,4,0,15,8,17,4,5,1,13,8,22,1,3,8,12
2015,Tulare County,April,4334,91,81,4,216,38,16,4240,286,92,6,0,23,7,4,350,176,270,98,34,20,45,239,304,4,87,183,274
2015,Tuolumne County,April,646,36,10,5,15,36,15,631,473,10,0,1,13,1,0,470,51,66,11,14,15,37,28,80,6,10,46,62
2015,Ventura County,April,2034,60,5,0,53,6,0,2040,7515,340,29,0,98,215,0,7571,65,59,369,313,0,221,151,372,0,34,400,434
2015,Yolo County,April,2396,31,36,1,19,2,8,2435,69,0,0,0,0,0,0,69,68,29,0,0,8,2,19,29,1,36,31,68
2015,Yuba County,April,531,20,10,6,41,7,13,506,40,1,1,2,3,0,6,35,36,61,4,9,19,7,44,70,8,11,21,40
2015,Alameda County,May,9131,224,82,44,159,214,106,9002,155,10,1,1,4,1,1,161,350,479,12,6,107,215,163,485,45,83,234,362
2015,Alpine County,May,15,2,0,0,1,1,1,14,43,4,4,0,3,2,0,46,2,3,8,5,1,3,4,8,0,4,6,10
2015,Amador County,May,286,3,7,0,7,8,4,277,1034,40,3,19,48,2,0,1046,10,19,62,50,4,10,55,69,19,10,43,72
2015,Butte County,May,945,46,38,0,26,4,0,999,319,12,13,0,4,0,0,340,84,30,25,4,0,4,30,34,0,51,58,109
2015,Calaveras County,May,283,7,5,2,6,7,2,282,151,6,1,0,6,4,0,148,14,15,7,10,2,11,12,25,2,6,13,21
2015,Colusa County,May,79,7,2,0,1,6,3,78,28,5,7,0,1,3,1,35,9,10,12,5,4,9,2,15,0,9,12,21
2015,Contra Costa County,May,3522,113,11,25,91,1,86,3493,2,0,0,0,0,0,0,2,149,178,0,0,86,1,91,178,25,11,113,149
2015,Del Norte County,May,159,4,1,0,1,2,1,160,92,7,4,1,2,4,0,98,5,4,12,6,1,6,3,10,1,5,11,17
2015,El Dorado County,May,1005,27,6,0,14,5,7,1012,114,6,3,0,2,1,2,118,33,26,9,5,9,6,16,31,0,9,33,42
2015,Fresno County,May,5528,200,109,0,131,213,20,5473,2025,58,30,13,23,45,0,2058,309,364,101,68,20,258,154,432,13,139,258,410
2015,Glenn County,May,155,11,2,0,5,0,0,163,61,5,2,0,2,2,0,64,13,5,7,4,0,2,7,9,0,4,16,20
2015,Humboldt County,May,1062,24,0,6,15,10,11,1056,20,0,0,0,0,0,0,20,30,36,0,0,11,10,15,36,6,0,24,30
2015,Imperial County,May,2823,43,19,0,17,21,0,2847,50,0,0,0,0,0,0,50,62,38,0,0,0,21,17,38,0,19,43,62
2015,Inyo County,May,122,6,2,0,2,8,2,118,120,3,8,0,9,12,0,110,8,12,11,21,2,20,11,33,0,10,9,19
2015,Kern County,May,7086,141,20,12,151,22,16,7070,0,0,0,0,0,0,0,0,173,189,0,0,16,22,151,189,12,20,141,173
2015,Kings County,May,2144,35,3,13,33,17,13,2132,1830,41,9,0,51,23,6,1800,51,63,50,80,19,40,84,143,13,12,76,101
2015,Lake County,May,637,12,3,0,4,5,2,641,137,4,1,0,0,0,0,142,15,11,5,0,2,5,4,11,0,4,16,20
2015,Lassen County,May,220,12,0,0,3,2,2,225,166,6,0,0,0,1,1,170,12,7,6,2,3,3,3,9,0,0,18,18
2015,Los Angeles County,May,49609,1053,238,0,556,583,27,49734,87,0,1,0,4,1,0,83,1291,1166,1,5,27,584,560,1171,0,239,1053,1292
2015,Madera County,May,2849,18,29,0,18,47,7,2824,481,31,20,0,5,44,0,483,47,72,51,49,7,91,23,121,0,49,49,98
2015,Marin County,May,1369,13,3,0,27,2,0,1356,859,18,5,0,17,26,0,839,16,29,23,43,0,28,44,72,0,8,31,39
2015,Mariposa County,May,107,2,2,0,1,3,0,107,142,6,9,0,6,6,0,145,4,4,15,12,0,9,7,16,0,11,8,19
2015,Mendocino County,May,701,15,17,0,11,26,6,690,119,2,5,0,0,7,2,117,32,43,7,9,8,33,11,52,0,22,17,39
2015,Merced County,May,2400,44,86,0,61,88,0,2381,0,0,0,0,0,0,0,0,130,149,0,0,0,88,61,149,0,86,44,130
2015,Modoc County,May,88,0,0,0,1,0,0,87,41,1,0,0,1,2,0,39,0,1,1,3,0,2,2,4,0,0,1,1
2015,Mono County,May,165,3,0,2,8,0,2,160,87,4,0,2,6,0,1,86,5,10,6,7,3,0,14,17,4,0,7,11
2015,Monterey County,May,1851,17,19,0,36,23,12,1816,225,5,4,0,4,2,1,227,36,71,9,7,13,25,40,78,0,23,22,45
2015,Napa County,May,969,32,35,0,18,39,15,964,1121,34,35,44,28,69,11,1126,67,72,113,108,26,108,46,180,44,70,66,180
2015,Nevada County,May,552,11,4,0,16,0,16,535,127,0,2,0,15,0,12,102,15,32,2,27,28,0,31,59,0,6,11,17
2015,Orange County,May,9668,374,204,462,625,217,225,9641,3505,64,6,30,23,10,3,3569,1040,1067,100,36,228,227,648,1103,492,210,438,1140
2015,Placer County,May,2289,68,0,0,29,16,19,2293,935,43,0,0,13,2,7,956,68,64,43,22,26,18,42,86,0,0,111,111
2015,Plumas County,May,127,5,7,0,5,6,0,128,124,2,6,0,9,12,0,111,12,11,8,21,0,18,14,32,0,13,7,20
2015,Riverside County,May,10843,302,130,14,358,235,0,10696,957,42,31,9,36,58,0,945,446,593,82,94,0,293,394,687,23,161,344,528
2015,Sacramento County,May,37735,485,308,82,135,410,105,37960,0,0,0,0,0,0,0,0,875,650,0,0,105,410,135,650,82,308,485,875
2015,San Benito County,May,275,11,4,0,7,3,15,265,84,8,0,9,2,2,2,95,15,25,17,6,17,5,9,31,9,4,19,32
2015,San Bernardino County,May,14523,784,41,0,436,233,2,14677,192,4,2,0,90,2,0,106,825,671,6,92,2,235,526,763,0,43,788,831
2015,San Diego County,May,10772,257,89,0,346,243,3,10526,672,17,2,0,53,22,0,616,346,592,19,75,3,265,399,667,0,91,274,365
2015,San Francisco County,May,2950,72,88,8,51,8,135,2924,1208,34,33,5,16,4,47,1213,168,194,72,67,182,12,67,261,13,121,106,240
2015,San Joaquin County,May,6657,75,171,25,172,111,10,6635,7090,68,173,0,237,131,2,6961,271,293,241,370,12,242,409,663,25,344,143,512
2015,San Luis Obispo County,May,1479,42,71,8,83,54,19,1444,736,52,29,27,28,29,8,779,121,156,108,65,27,83,111,221,35,100,94,229
2015,San Mateo County,May,3449,59,27,0,78,30,20,3407,1702,56,7,0,20,21,1,1723,86,128,63,42,21,51,98,170,0,34,115,149
2015,Santa Barbara County,May,2307,74,59,0,55,64,35,2286,1890,158,62,0,152,81,5,1872,133,154,220,238,40,145,207,392,0,121,232,353
2015,Santa Clara County,May,6603,498,200,233,330,239,509,6456,2282,268,169,279,179,228,332,2259,931,1078,716,739,841,467,509,1817,512,369,766,1647
2015,Santa Cruz County,May,1571,21,32,0,27,36,0,1561,466,20,11,0,11,13,3,470,53,63,31,27,3,49,38,90,0,43,41,84
2015,Shasta County,May,1412,38,29,0,45,29,0,1405,6,0,0,0,0,0,0,6,67,74,0,0,0,29,45,74,0,29,38,67
2015,Sierra County,May,25,1,0,0,1,1,0,24,10,0,0,0,0,1,0,9,1,2,0,1,0,2,1,3,0,0,1,1
2015,Siskiyou County,May,389,15,4,0,5,11,3,389,8,0,1,0,0,0,0,9,19,19,1,0,3,11,5,19,0,5,15,20
2015,Solano County,May,1787,47,0,0,35,16,7,1776,918,24,0,0,21,1,4,916,47,58,24,26,11,17,56,84,0,0,71,71
2015,Sonoma County,May,1950,68,51,1,63,54,0,1953,294,32,9,0,16,16,24,279,120,117,41,56,24,70,79,173,1,60,100,161
2015,Stanislaus County,May,4859,68,48,45,12,56,44,4908,551,55,81,0,37,109,0,541,161,112,136,146,44,165,49,258,45,129,123,297
2015,Sutter County,May,756,10,12,2,2,26,20,732,24,3,5,0,1,3,0,28,24,48,8,4,20,29,3,52,2,17,13,32
2015,Tehama County,May,650,19,4,0,15,0,10,648,62,0,0,0,0,0,0,62,23,25,0,0,10,0,15,25,0,4,19,23
2015,Trinity County,May,93,4,5,0,3,5,1,93,15,1,1,0,1,1,0,15,9,9,2,2,1,6,4,11,0,6,5,11
2015,Tulare County,May,4240,78,44,3,230,47,18,4070,350,45,10,0,21,28,8,348,125,295,55,57,26,75,251,352,3,54,123,180
2015,Tuolumne County,May,631,25,4,3,40,27,3,593,470,7,0,0,32,11,0,434,32,70,7,43,3,38,72,113,3,4,32,39
2015,Ventura County,May,1947,88,39,0,41,0,0,2033,7450,267,22,0,89,216,0,7434,127,41,289,305,0,216,130,346,0,61,355,416
2015,Yolo County,May,2435,37,37,0,30,12,0,2467,69,0,0,0,0,0,0,69,74,42,0,0,0,12,30,42,0,37,37,74
2015,Yuba County,May,506,18,15,7,100,9,7,430,35,1,2,1,4,0,5,30,40,116,4,9,12,9,104,125,8,17,19,44
2015,Alameda County,June,9002,194,219,99,215,220,96,8983,161,12,2,0,5,1,2,167,512,531,14,8,98,221,220,539,99,221,206,526
2015,Alpine County,June,14,0,0,0,0,0,0,14,46,0,2,0,0,0,0,48,0,0,2,0,0,0,0,0,0,2,0,2
2015,Amador County,June,277,4,6,0,14,2,4,267,1046,32,6,0,11,3,15,1055,10,20,38,29,19,5,25,49,0,12,36,48
2015,Butte County,June,977,49,30,0,29,35,0,992,255,15,7,0,9,12,0,256,79,64,22,21,0,47,38,85,0,37,64,101
2015,Calaveras County,June,282,8,2,8,4,9,11,276,148,12,2,1,7,6,5,145,18,24,15,18,16,15,11,42,9,4,20,33
2015,Colusa County,June,78,2,4,0,0,7,1,76,35,4,3,0,2,5,2,33,6,8,7,9,3,12,2,17,0,7,6,13
2015,Contra Costa County,June,3493,115,9,15,95,2,55,3480,2,0,0,0,0,0,0,2,139,152,0,0,55,2,95,152,15,9,115,139
2015,Del Norte County,June,160,1,3,0,6,4,1,153,98,4,3,1,6,6,1,93,4,11,8,13,2,10,12,24,1,6,5,12
2015,El Dorado County,June,991,24,1,0,21,5,3,987,112,6,0,0,2,4,1,111,25,29,6,7,4,9,23,36,0,1,30,31
2015,Fresno County,June,5473,200,132,0,176,195,7,5427,2058,32,20,23,24,26,1,2082,332,378,75,51,8,221,200,429,23,152,232,407
2015,Glenn County,June,163,8,3,0,12,4,3,155,64,5,1,0,1,4,1,64,11,19,6,6,4,8,13,25,0,4,13,17
2015,Humboldt County,June,1056,23,0,1,25,10,12,1033,20,0,0,0,0,0,0,20,24,47,0,0,12,10,25,47,1,0,23,24
2015,Imperial County,June,2847,54,22,0,22,28,0,2873,50,1,0,0,0,0,0,51,76,50,1,0,0,28,22,50,0,22,55,77
2015,Inyo County,June,118,11,9,3,9,9,1,122,110,6,8,0,9,12,1,102,23,19,14,22,2,21,18,41,3,17,17,37
2015,Kern County,June,7070,174,23,17,199,24,17,7044,0,0,0,0,0,0,0,0,214,240,0,0,17,24,199,240,17,23,174,214
2015,Kings County,June,2360,0,0,0,0,0,0,2360,1817,0,0,0,0,0,0,1817,0,0,0,0,0,0,0,0,0,0,0,0
2015,Lake County,June,635,29,7,0,7,12,2,650,139,3,0,0,1,1,0,140,36,21,3,2,2,13,8,23,0,7,32,39
2015,Lassen County,June,228,10,0,0,3,3,2,230,169,3,0,0,6,1,1,164,10,8,3,8,3,4,9,16,0,0,13,13
2015,Los Angeles County,June,48842,1153,296,0,588,614,32,49057,82,0,0,0,1,1,1,79,1449,1234,0,3,33,615,589,1237,0,296,1153,1449
2015,Madera County,June,2824,40,33,0,8,44,2,2843,483,34,33,0,3,24,0,523,73,54,67,27,2,68,11,81,0,66,74,140
2015,Marin County,June,1356,24,6,0,2,12,0,1372,839,24,6,0,13,3,0,853,30,14,30,16,0,15,15,30,0,12,48,60
2015,Mariposa County,June,107,6,4,0,2,3,0,112,145,8,5,0,2,1,0,155,10,5,13,3,0,4,4,8,0,9,14,23
2015,Mendocino County,June,688,15,14,0,13,30,10,664,117,9,5,0,5,7,0,119,29,53,14,12,10,37,18,65,0,19,24,43
2015,Merced County,June,2386,63,57,1,58,78,1,2370,0,0,0,0,0,0,0,0,121,137,0,0,1,78,58,137,1,57,63,121
2015,Modoc County,June,87,0,0,1,1,1,1,85,39,1,0,0,1,2,0,37,1,3,1,3,1,3,2,6,1,0,1,2
2015,Mono County,June,160,10,0,0,23,0,3,144,86,1,0,0,9,0,0,78,10,26,1,9,3,0,32,35,0,0,11,11
2015,Monterey County,June,1816,24,34,0,41,21,20,1792,227,3,3,7,4,4,0,232,58,82,13,8,20,25,45,90,7,37,27,71
2015,Napa County,June,964,33,19,0,16,36,20,944,1126,49,28,0,26,52,10,1115,52,72,77,88,30,88,42,160,0,47,82,129
2015,Nevada County,June,535,15,5,0,8,0,8,539,102,2,5,0,2,0,15,92,20,16,7,17,23,0,10,33,0,10,17,27
2015,Orange County,June,9641,430,208,492,568,267,232,9704,3569,71,5,10,17,19,5,3614,1130,1067,86,41,237,286,585,1108,502,213,501,1216
2015,Placer County,June,2266,62,0,0,32,20,3,2273,964,47,0,0,12,8,2,989,62,55,47,22,5,28,44,77,0,0,109,109
2015,Plumas County,June,128,6,4,0,5,7,0,126,111,9,6,0,3,9,2,112,10,12,15,14,2,16,8,26,0,10,15,25
2015,Riverside County,June,10696,320,162,15,383,276,0,10534,945,63,30,5,34,58,0,951,497,659,98,92,0,334,417,751,20,192,383,595
2015,Sacramento County,June,37960,578,375,75,166,471,122,38229,0,0,0,0,0,0,0,0,1028,759,0,0,122,471,166,759,75,375,578,1028
2015,San Benito County,June,265,12,1,0,7,1,1,269,95,4,1,1,3,1,1,96,13,9,6,5,2,2,10,14,1,2,16,19
2015,San Bernardino County,June,14334,805,0,67,330,269,7,14600,203,8,0,0,88,2,0,121,872,606,8,90,7,271,418,696,67,0,813,880
2015,San Diego County,June,10445,283,103,0,273,319,9,10230,669,18,1,0,57,37,0,594,386,601,19,94,9,356,330,695,0,104,301,405
2015,San Francisco County,June,2924,55,105,2,73,6,186,2821,1213,27,27,33,17,3,60,1220,162,265,87,80,246,9,90,345,35,132,82,249
2015,San Joaquin County,June,6635,99,202,21,112,128,11,6706,6961,78,204,0,221,138,2,6882,322,251,282,361,13,266,333,612,21,406,177,604
2015,San Luis Obispo County,June,1444,24,52,7,67,57,4,1399,779,36,22,23,22,31,0,807,83,128,81,53,4,88,89,181,30,74,60,164
2015,San Mateo County,June,3407,63,21,0,67,44,16,3364,1723,70,3,0,29,25,1,1741,84,127,73,55,17,69,96,182,0,24,133,157
2015,Santa Barbara County,June,2272,75,63,0,34,60,15,2301,1835,157,64,0,101,78,7,1870,138,109,221,186,22,138,135,295,0,127,232,359
2015,Santa Clara County,June,6456,501,217,350,329,259,594,6342,2259,255,196,229,199,192,305,2243,1068,1182,680,696,899,451,528,1878,579,413,756,1748
2015,Santa Cruz County,June,1561,35,27,12,33,28,0,1574,470,13,5,9,9,4,0,484,74,61,27,13,0,32,42,74,21,32,48,101
2015,Shasta County,June,1405,59,15,0,42,15,0,1422,6,0,0,0,0,0,0,6,74,57,0,0,0,15,42,57,0,15,59,74
2015,Sierra County,June,24,1,0,0,0,0,0,25,9,1,0,0,0,0,0,10,1,0,1,0,0,0,0,0,0,0,2,2
2015,Siskiyou County,June,389,14,9,0,11,16,6,379,9,0,0,0,0,0,0,9,23,33,0,0,6,16,11,33,0,9,14,23
2015,Solano County,June,1748,47,0,0,22,18,5,1750,933,38,0,0,28,2,5,936,47,45,38,35,10,20,50,80,0,0,85,85
2015,Sonoma County,June,1953,73,38,0,65,57,1,1941,279,21,23,0,17,19,28,259,111,123,44,64,29,76,82,187,0,61,94,155
2015,Stanislaus County,June,4908,71,63,36,8,70,51,4949,541,94,66,0,21,102,2,576,170,129,160,125,53,172,29,254,36,129,165,330
2015,Sutter County,June,732,19,22,1,2,23,13,736,28,0,0,0,2,1,2,23,42,38,0,5,15,24,4,43,1,22,19,42
2015,Tehama County,June,648,22,0,0,15,5,11,639,63,5,0,0,0,0,0,68,22,31,5,0,11,5,15,31,0,0,27,27
2015,Trinity County,June,93,3,4,0,5,1,1,93,15,1,2,0,0,1,1,16,7,7,3,2,2,2,5,9,0,6,4,10
2015,Tulare County,June,4070,97,49,3,133,39,19,4028,348,52,7,0,26,38,10,333,149,191,59,74,29,77,159,265,3,56,149,208
2015,Tuolumne County,June,593,36,8,13,21,32,10,587,434,6,3,4,32,8,0,407,57,63,13,40,10,40,53,103,17,11,42,70
2015,Ventura County,June,1949,71,54,0,58,0,0,2016,7356,307,7135,0,7378,0,0,7420,125,58,7442,7378,0,0,7436,7436,0,7189,378,7567
2015,Yolo County,June,2467,48,32,3,28,8,12,2502,69,0,0,0,0,0,0,69,83,48,0,0,12,8,28,48,3,32,48,83
2015,Yuba County,June,430,31,10,10,106,20,9,346,30,0,0,1,4,0,8,19,51,135,1,12,17,20,110,147,11,10,31,52
2015,Alameda County,July,8983,207,88,78,167,176,85,8928,167,6,2,0,6,2,1,166,373,428,8,9,86,178,173,437,78,90,213,381
2015,Alpine County,July,14,0,2,0,0,0,0,16,48,4,2,0,2,1,0,51,2,0,6,3,0,1,2,3,0,4,4,8
2015,Amador County,July,267,6,5,3,9,8,0,264,1055,23,4,9,25,10,0,1056,14,17,36,35,0,18,34,52,12,9,29,50
2015,Butte County,July,1000,49,37,0,20,62,11,993,293,20,13,0,13,26,4,283,86,93,33,43,15,88,33,136,0,50,69,119
2015,Calaveras County,July,276,5,4,0,4,4,2,275,145,8,2,0,4,11,1,139,9,10,10,16,3,15,8,26,0,6,13,19
2015,Colusa County,July,76,6,2,2,1,1,0,84,33,0,2,0,0,1,0,34,10,2,2,1,0,2,1,3,2,4,6,12
2015,Contra Costa County,July,3480,109,5,16,46,3,31,3530,2,0,0,0,0,0,0,2,130,80,0,0,31,3,46,80,16,5,109,130
2015,Del Norte County,July,153,0,1,2,4,3,1,148,93,5,3,1,0,4,1,97,3,8,9,5,2,7,4,13,3,4,5,12
2015,El Dorado County,July,984,27,2,0,11,11,4,987,106,7,0,0,5,0,3,105,29,26,7,8,7,11,16,34,0,2,34,36
2015,Fresno County,July,5427,214,164,0,184,201,16,5404,2082,97,66,38,45,71,4,2163,378,401,201,120,20,272,229,521,38,230,311,579
2015,Glenn County,July,155,7,0,0,5,3,2,152,64,4,2,1,2,0,1,68,7,10,7,3,3,3,7,13,1,2,11,14
2015,Humboldt County,July,1033,38,0,3,23,7,14,1030,20,0,0,0,0,0,0,20,41,44,0,0,14,7,23,44,3,0,38,41
2015,Imperial County,July,2873,71,26,0,31,29,0,2910,51,0,0,0,0,0,0,51,97,60,0,0,0,29,31,60,0,26,71,97
2015,Inyo County,July,122,9,5,0,4,7,2,123,102,7,8,0,9,13,0,95,14,13,15,22,2,20,13,35,0,13,16,29
2015,Kern County,July,7044,128,42,20,141,21,16,7056,0,0,0,0,0,0,0,0,190,178,0,0,16,21,141,178,20,42,128,190
2015,Kings County,July,2360,36,0,19,48,1,18,2348,1817,44,0,6,59,0,1,1807,55,67,50,60,19,1,107,127,25,0,80,105
2015,Lake County,July,627,12,1,0,5,9,0,626,139,1,0,0,1,0,0,139,13,14,1,1,0,9,6,15,0,1,13,14
2015,Lassen County,July,85,0,0,0,0,0,0,85,49,1,0,0,0,0,0,50,0,0,1,0,0,0,0,0,0,0,1,1
2015,Los Angeles County,July,48235,1157,267,0,575,614,25,48445,77,1,0,0,4,2,0,72,1424,1214,1,6,25,616,579,1220,0,267,1158,1425
2015,Madera County,July,2843,35,46,0,28,53,6,2837,523,24,26,0,11,31,3,528,81,87,50,45,9,84,39,132,0,72,59,131
2015,Marin County,July,1372,18,5,0,24,1,0,1370,853,26,7,0,26,20,0,840,23,25,33,46,0,21,50,71,0,12,44,56
2015,Mariposa County,July,112,2,1,0,3,1,0,111,155,7,6,0,5,9,0,154,3,4,13,14,0,10,8,18,0,7,9,16
2015,Mendocino County,July,651,19,11,0,8,13,3,657,119,9,3,0,2,4,0,125,30,24,12,6,3,17,10,30,0,14,28,42
2015,Merced County,July,2368,71,55,2,50,75,1,2370,0,0,0,0,0,0,0,0,128,126,0,0,1,75,50,126,2,55,71,128
2015,Modoc County,July,85,0,0,1,1,1,0,84,37,0,0,0,1,0,0,36,1,2,0,1,0,1,2,3,1,0,0,1
2015,Mono County,July,144,0,2,0,14,2,1,129,78,4,0,0,3,1,1,77,2,17,4,5,2,3,17,22,0,2,4,6
2015,Monterey County,July,1792,28,29,0,18,24,69,1738,232,5,4,6,3,1,0,243,57,111,15,4,69,25,21,115,6,33,33,72
2015,Napa County,July,944,30,23,0,16,45,16,920,1115,43,49,21,26,73,8,1121,53,77,113,107,24,118,42,184,21,72,73,166
2015,Nevada County,July,539,19,7,0,9,2,17,537,92,1,4,0,1,0,8,88,26,28,5,9,25,2,10,37,0,11,20,31
2015,Orange County,July,9704,559,195,267,462,207,165,9891,3614,64,5,0,56,6,4,3617,1021,834,69,66,169,213,518,900,267,200,623,1090
2015,Placer County,July,2284,73,0,0,29,24,45,2259,989,51,0,0,15,14,25,986,73,98,51,54,70,38,44,152,0,0,124,124
2015,Plumas County,July,126,5,3,0,4,3,0,127,112,6,5,0,3,6,0,114,8,7,11,9,0,9,7,16,0,8,11,19
2015,Riverside County,July,10534,345,143,8,395,295,0,10340,951,69,33,0,63,61,2,927,496,690,102,126,2,356,458,816,8,176,414,598
2015,Sacramento County,July,38229,564,362,103,163,449,131,38515,0,0,0,0,0,0,0,0,1029,743,0,0,131,449,163,743,103,362,564,1029
2015,San Benito County,July,269,11,2,0,7,2,3,270,96,3,0,4,1,2,0,100,13,12,7,3,3,4,8,15,4,2,14,20
2015,San Bernardino County,July,14294,862,1,56,377,267,5,14564,197,4,0,3,76,5,0,123,919,649,7,81,5,272,453,730,59,1,866,926
2015,San Diego County,July,10140,305,124,0,268,271,3,10027,740,26,2,0,91,26,0,651,429,542,28,117,3,297,359,659,0,126,331,457
2015,San Francisco County,July,2821,91,92,8,55,8,149,2800,1220,32,34,24,18,6,58,1228,191,212,90,82,207,14,73,294,32,126,123,281
2015,San Joaquin County,July,6706,104,208,20,143,98,15,6782,6882,94,228,5,84,154,5,6966,332,256,327,243,20,252,227,499,25,436,198,659
2015,San Luis Obispo County,July,1399,44,43,6,60,40,40,1352,807,48,29,20,31,29,7,837,93,140,97,67,47,69,91,207,26,72,92,190
2015,San Mateo County,July,3364,91,23,0,78,33,14,3353,1741,51,13,0,17,30,3,1755,114,125,64,50,17,63,95,175,0,36,142,178
2015,Santa Barbara County,July,2272,64,65,0,49,79,20,2253,1863,118,75,0,123,114,6,1813,129,148,193,243,26,193,172,391,0,140,182,322
2015,Santa Clara County,July,6342,609,266,362,321,269,728,6261,2243,308,233,218,173,230,388,2211,1237,1318,759,791,1116,499,494,2109,580,499,917,1996
2015,Santa Cruz County,July,1574,31,47,0,49,32,21,1550,484,15,6,17,17,20,0,485,78,102,38,37,21,52,66,139,17,53,46,116
2015,Shasta County,July,1422,59,24,0,35,24,0,1446,6,0,0,0,0,0,0,6,83,59,0,0,0,24,35,59,0,24,59,83
2015,Sierra County,July,25,0,0,0,1,0,0,24,10,1,0,0,0,0,0,11,0,1,1,0,0,0,1,1,0,0,1,1
2015,Siskiyou County,July,379,14,19,0,10,15,6,381,9,0,0,0,0,0,1,8,33,31,0,1,7,15,10,32,0,19,14,33
2015,Solano County,July,1724,45,0,0,19,10,7,1733,953,20,0,0,18,0,1,954,45,36,20,19,8,10,37,55,0,0,65,65
2015,Sonoma County,July,1941,59,68,0,63,80,2,1923,259,34,16,0,18,18,34,239,127,145,50,70,36,98,81,215,0,84,93,177
2015,Stanislaus County,July,4949,79,67,10,15,107,4,4979,576,65,48,27,4,120,0,592,156,126,140,124,4,227,19,250,37,115,144,296
2015,Sutter County,July,736,21,11,1,1,18,15,735,23,5,1,0,1,3,1,24,33,34,6,5,16,21,2,39,1,12,26,39
2015,Tehama County,July,639,11,2,0,4,2,9,637,68,1,0,0,0,0,0,69,13,15,1,0,9,2,4,15,0,2,12,14
2015,Trinity County,July,93,2,3,1,5,7,1,86,16,0,2,0,0,0,0,18,6,13,2,0,1,7,5,13,1,5,2,8
2015,Tulare County,July,4028,98,52,16,159,68,31,3936,333,60,15,0,24,40,8,336,166,258,75,72,39,108,183,330,16,67,158,241
2015,Tuolumne County,July,587,16,4,5,18,19,27,548,407,8,0,1,17,7,0,392,25,64,9,24,27,26,35,88,6,4,24,34
2015,Ventura County,July,1933,71,25,0,49,0,0,1980,7379,255,200,0,408,0,0,7426,96,49,455,408,0,0,457,457,0,225,326,551
2015,Yolo County,July,2502,26,23,0,29,10,10,2502,69,0,0,0,0,0,0,69,49,49,0,0,10,10,29,49,0,23,26,49
2015,Yuba County,July,346,20,10,9,34,14,7,330,19,0,0,0,1,0,4,14,39,55,0,5,11,14,35,60,9,10,20,39
2015,Alameda County,August,8928,222,62,43,189,198,124,8744,166,10,2,0,1,3,1,173,327,511,12,5,125,201,190,516,43,64,232,339
2015,Alpine County,August,16,0,0,1,0,0,0,17,51,3,2,0,1,0,0,55,1,0,5,1,0,0,1,1,1,2,3,6
2015,Amador County,August,264,5,2,0,4,6,4,257,1056,27,6,3,33,6,0,1053,7,14,36,39,4,12,37,53,3,8,32,43
2015,Butte County,August,981,28,26,0,19,34,7,975,283,18,14,0,11,27,3,274,54,60,32,41,10,61,30,101,0,40,46,86
2015,Calaveras County,August,275,4,2,3,5,6,3,270,139,10,6,0,5,4,0,146,9,14,16,9,3,10,10,23,3,8,14,25
2015,Colusa County,August,84,3,4,5,2,6,1,87,34,7,0,0,2,2,0,37,12,9,7,4,1,8,4,13,5,4,10,19
2015,Contra Costa County,August,3530,98,13,20,88,4,57,3512,2,0,0,0,0,0,0,2,131,149,0,0,57,4,88,149,20,13,98,131
2015,Del Norte County,August,148,4,1,2,3,1,1,150,97,3,3,1,1,5,2,96,7,5,7,8,3,6,4,13,3,4,7,14
2015,El Dorado County,August,993,29,5,0,18,7,10,992,100,10,1,0,4,1,1,105,34,35,11,6,11,8,22,41,0,6,39,45
2015,Fresno County,August,5404,210,122,0,147,197,8,5384,2163,75,62,53,57,76,3,2217,332,352,190,136,11,273,204,488,53,184,285,522
2015,Glenn County,August,152,4,4,2,7,4,4,147,68,2,0,0,3,3,1,63,10,15,2,7,5,7,10,22,2,4,6,12
2015,Humboldt County,August,1030,22,0,0,21,5,12,1014,20,1,0,0,0,0,0,21,22,38,1,0,12,5,21,38,0,0,23,23
2015,Imperial County,August,2910,41,25,0,17,39,0,2920,51,0,0,0,0,0,0,51,66,56,0,0,0,39,17,56,0,25,41,66
2015,Inyo County,August,123,9,8,2,6,12,2,122,95,5,6,1,10,7,0,90,19,20,12,17,2,19,16,37,3,14,14,31
2015,Kern County,August,7056,153,36,26,177,17,12,7065,0,0,0,0,0,0,0,0,215,206,0,0,12,17,177,206,26,36,153,215
2015,Kings County,August,2348,40,0,15,39,0,9,2355,1807,57,0,0,61,0,0,1803,55,48,57,61,9,0,100,109,15,0,97,112
2015,Lake County,August,623,15,1,0,14,14,4,607,138,3,0,0,0,3,0,138,16,32,3,3,4,17,14,35,0,1,18,19
2015,Lassen County,August,85,5,0,0,0,0,0,90,51,1,0,0,0,0,0,52,5,0,1,0,0,0,0,0,0,0,6,6
2015,Los Angeles County,August,47612,1237,264,0,579,610,27,47897,73,0,0,0,1,1,0,71,1501,1216,0,2,27,611,580,1218,0,264,1237,1501
2015,Madera County,August,2837,30,33,0,28,20,12,2840,528,24,15,0,8,12,0,547,63,60,39,20,12,32,36,80,0,48,54,102
2015,Marin County,August,1370,13,3,0,15,11,0,1360,840,26,7,0,15,17,0,841,16,26,33,32,0,28,30,58,0,10,39,49
2015,Mariposa County,August,111,3,1,0,2,4,0,109,154,7,9,0,3,11,0,156,4,6,16,14,0,15,5,20,0,10,10,20
2015,Mendocino County,August,644,19,14,0,13,18,10,636,126,6,6,0,4,4,1,129,33,41,12,9,11,22,17,50,0,20,25,45
2015,Merced County,August,2350,63,72,0,59,73,2,2351,0,0,0,0,0,0,0,0,135,134,0,0,2,73,59,134,0,72,63,135
2015,Modoc County,August,84,0,0,2,0,1,0,85,36,0,0,0,0,0,0,36,2,1,0,0,0,1,0,1,2,0,0,2
2015,Mono County,August,129,4,0,0,1,1,2,129,77,1,0,0,0,1,1,76,4,4,1,2,3,2,1,6,0,0,5,5
2015,Monterey County,August,1738,31,29,0,25,22,43,1708,243,3,4,10,5,5,0,250,60,90,17,10,43,27,30,100,10,33,34,77
2015,Napa County,August,920,28,25,9,14,45,0,923,1121,50,43,12,37,65,1,1123,62,59,105,103,1,110,51,162,21,68,78,167
2015,Nevada County,August,537,8,8,0,10,1,10,532,88,4,1,0,3,0,6,84,16,21,5,9,16,1,13,30,0,9,12,21
2015,Orange County,August,9891,357,192,209,513,183,169,9784,3617,40,7,0,33,12,3,3616,758,865,47,48,172,195,546,913,209,199,397,805
2015,Placer County,August,2231,42,1,0,48,23,0,2203,1002,46,0,0,10,10,2,1026,43,71,46,22,2,33,58,93,0,1,88,89
2015,Plumas County,August,127,1,4,0,8,6,0,118,114,9,3,0,7,6,0,113,5,14,12,13,0,12,15,27,0,7,10,17
2015,Riverside County,August,10340,333,127,2,352,297,0,10153,927,48,18,0,33,36,2,922,462,649,66,71,2,333,385,720,2,145,381,528
2015,Sacramento County,August,38515,502,364,79,157,444,89,38770,0,0,0,0,0,0,0,0,945,690,0,0,89,444,157,690,79,364,502,945
2015,San Benito County,August,270,14,3,0,7,6,4,270,100,5,0,3,1,3,0,104,17,17,8,4,4,9,8,21,3,3,19,25
2015,San Bernardino County,August,14247,852,0,47,383,300,1,14462,179,9,0,2,50,3,0,137,899,684,11,53,1,303,433,737,49,0,861,910
2015,San Diego County,August,9910,310,112,0,283,239,6,9804,851,27,4,0,148,28,1,705,422,528,31,177,7,267,431,705,0,116,337,453
2015,San Francisco County,August,2800,69,88,9,62,10,121,2773,1228,34,33,3,15,1,74,1208,166,193,70,90,195,11,77,283,12,121,103,236
2015,San Joaquin County,August,6782,72,136,28,154,79,6,6779,6966,110,140,2,152,70,4,6992,236,239,252,226,10,149,306,465,30,276,182,488
2015,San Luis Obispo County,August,1352,43,38,14,49,48,32,1318,837,31,33,20,23,38,5,855,95,129,84,66,37,86,72,195,34,71,74,179
2015,San Mateo County,August,3353,68,19,0,88,33,16,3303,1755,71,6,0,7,15,4,1806,87,137,77,26,20,48,95,163,0,25,139,164
2015,Santa Barbara County,August,2237,76,47,0,37,62,16,2245,1823,150,52,0,139,86,2,1798,123,115,202,227,18,148,176,342,0,99,226,325
2015,Santa Clara County,August,6261,440,160,256,266,233,480,6138,2211,256,164,304,155,253,347,2180,856,979,724,755,827,486,421,1734,560,324,696,1580
2015,Santa Cruz County,August,1550,17,26,0,26,30,35,1502,485,17,5,0,8,8,8,483,43,91,22,24,43,38,34,115,0,31,34,65
2015,Shasta County,August,1446,72,24,0,40,24,0,1478,6,0,0,0,0,0,0,6,96,64,0,0,0,24,40,64,0,24,72,96
2015,Sierra County,August,24,2,0,0,0,0,0,26,11,1,0,0,0,0,0,12,2,0,1,0,0,0,0,0,0,0,3,3
2015,Siskiyou County,August,381,14,15,0,4,11,3,392,8,1,0,0,0,0,0,9,29,18,1,0,3,11,4,18,0,15,15,30
2015,Solano County,August,1688,39,0,0,26,17,11,1673,963,23,0,0,18,3,8,957,39,54,23,29,19,20,44,83,0,0,62,62
2015,Sonoma County,August,1923,61,57,1,72,59,4,1907,239,22,16,2,16,13,19,231,119,135,40,48,23,72,88,183,3,73,83,159
2015,Stanislaus County,August,4979,70,53,24,17,80,33,4996,592,65,74,15,35,126,1,584,147,130,154,162,34,206,52,292,39,127,135,301
2015,Sutter County,August,735,40,12,5,3,20,9,760,24,5,0,1,0,1,2,27,57,32,6,3,11,21,3,35,6,12,45,63
2015,Tehama County,August,637,6,2,0,1,0,6,638,71,0,0,0,1,0,1,69,8,7,0,2,7,0,2,9,0,2,6,8
2015,Trinity County,August,86,4,1,1,3,6,4,79,18,0,2,0,1,1,0,18,6,13,2,2,4,7,4,15,1,3,4,8
2015,Tulare County,August,3936,105,48,1,198,73,33,3786,336,78,11,0,21,34,0,370,154,304,89,55,33,107,219,359,1,59,183,243
2015,Tuolumne County,August,548,23,13,26,20,37,5,548,392,6,1,1,24,11,1,364,62,62,8,36,6,48,44,98,27,14,29,70
2015,Ventura County,August,1930,59,12,0,37,9,0,1955,7334,237,23,0,78,221,0,7295,71,46,260,299,0,230,115,345,0,35,296,331
2015,Yolo County,August,2502,18,31,0,21,3,2,2525,69,0,0,0,0,0,0,69,49,26,0,0,2,3,21,26,0,31,18,49
2015,Yuba County,August,330,30,9,7,39,13,18,306,14,0,1,1,2,0,2,12,46,70,2,4,20,13,41,74,8,10,30,48
2015,Alameda County,September,8744,211,72,96,191,263,121,8548,173,18,0,2,3,5,1,184,379,575,20,9,122,268,194,584,98,72,229,399
2015,Alpine County,September,17,0,0,0,0,0,0,17,55,1,0,0,0,3,0,53,0,0,1,3,0,3,0,3,0,0,1,1
2015,Amador County,September,257,3,4,0,8,5,2,249,1053,17,5,1,18,5,0,1053,7,15,23,23,2,10,26,38,1,9,20,30
2015,Butte County,September,982,55,27,0,26,41,6,991,274,24,11,0,12,36,1,260,82,73,35,49,7,77,38,122,0,38,79,117
2015,Calaveras County,September,270,13,1,2,6,10,1,269,146,5,2,0,0,2,0,151,16,17,7,2,1,12,6,19,2,3,18,23
2015,Colusa County,September,87,6,1,0,1,4,0,89,37,4,0,0,0,9,0,32,7,5,4,9,0,13,1,14,0,1,10,11
2015,Contra Costa County,September,3512,111,12,18,81,8,50,3514,2,0,0,0,0,0,0,2,141,139,0,0,50,8,81,139,18,12,111,141
2015,Del Norte County,September,150,1,3,0,2,7,1,144,96,2,0,1,2,3,1,93,4,10,3,6,2,10,4,16,1,3,3,7
2015,El Dorado County,September,994,16,10,0,15,11,5,989,99,3,1,0,6,3,0,94,26,31,4,9,5,14,21,40,0,11,19,30
2015,Fresno County,September,5384,187,138,0,260,176,14,5259,2217,71,46,47,80,45,1,2255,325,450,164,126,15,221,340,576,47,184,258,489
2015,Glenn County,September,147,8,2,0,1,3,3,150,63,2,1,1,5,2,0,60,10,7,4,7,3,5,6,14,1,3,10,14
2015,Humboldt County,September,1014,29,0,4,13,2,8,1024,21,0,0,2,0,0,0,23,33,23,2,0,8,2,13,23,6,0,29,35
2015,Imperial County,September,2920,50,35,0,23,49,0,2933,51,0,0,0,0,0,0,51,85,72,0,0,0,49,23,72,0,35,50,85
2015,Inyo County,September,122,9,14,2,5,15,2,125,90,1,11,0,10,20,1,71,25,22,12,31,3,35,15,53,2,25,10,37
2015,Kern County,September,7065,164,38,27,181,22,14,7077,0,0,0,0,0,0,0,0,229,217,0,0,14,22,181,217,27,38,164,229
2015,Kings County,September,2355,45,1,8,61,1,29,2318,1803,62,0,14,71,0,1,1807,54,91,76,72,30,1,132,163,22,1,107,130
2015,Lake County,September,608,17,4,0,2,12,0,615,139,3,0,0,0,0,0,142,21,14,3,0,0,12,2,14,0,4,20,24
2015,Lassen County,September,91,2,0,0,0,0,0,93,53,3,0,0,0,0,0,56,2,0,3,0,0,0,0,0,0,0,5,5
2015,Los Angeles County,September,47245,1176,252,0,630,636,28,47379,71,1,2,0,4,0,0,70,1428,1294,3,4,28,636,634,1298,0,254,1177,1431
2015,Madera County,September,2840,19,21,0,10,48,7,2815,547,17,17,0,5,41,2,533,40,65,34,48,9,89,15,113,0,38,36,74
2015,Marin County,September,1360,27,7,0,10,17,0,1367,841,26,7,0,24,15,0,835,34,27,33,39,0,32,34,66,0,14,53,67
2015,Mariposa County,September,109,2,5,0,5,4,0,107,156,9,5,0,5,6,0,159,7,9,14,11,0,10,10,20,0,10,11,21
2015,Mendocino County,September,636,16,13,0,16,18,7,624,129,2,4,0,1,5,1,128,29,41,6,7,8,23,17,48,0,17,18,35
2015,Merced County,September,2331,52,52,0,58,77,2,2298,0,0,0,0,0,0,0,0,104,137,0,0,2,77,58,137,0,52,52,104
2015,Modoc County,September,85,0,0,1,0,0,0,86,36,3,0,0,1,1,0,37,1,0,3,2,0,1,1,2,1,0,3,4
2015,Mono County,September,129,5,1,0,42,1,1,91,76,1,0,0,16,2,0,59,6,44,1,18,1,3,58,62,0,1,6,7
2015,Monterey County,September,1708,33,39,0,33,17,27,1703,250,4,6,0,5,0,12,243,72,77,10,17,39,17,38,94,0,45,37,82
2015,Napa County,September,923,37,22,0,13,40,2,927,1123,49,35,58,23,67,2,1173,59,55,142,92,4,107,36,147,58,57,86,201
2015,Nevada County,September,532,2,2,0,4,1,9,522,84,2,1,0,0,0,2,85,4,14,3,2,11,1,4,16,0,3,4,7
2015,Orange County,September,9784,430,209,69,500,219,155,9618,3616,66,5,0,14,9,3,3661,708,874,71,26,158,228,514,900,69,214,496,779
2015,Placer County,September,2226,61,0,0,30,27,15,2215,1037,45,0,0,12,8,10,1052,61,72,45,30,25,35,42,102,0,0,106,106
2015,Plumas County,September,118,2,1,2,7,4,1,111,113,9,4,0,9,5,0,112,5,12,13,14,1,9,16,26,2,5,11,18
2015,Riverside County,September,10153,329,147,5,363,261,0,10010,922,69,27,3,41,35,0,945,481,624,99,76,0,296,404,700,8,174,398,580
2015,Sacramento County,September,38770,494,365,83,151,441,96,39024,0,0,0,0,0,0,0,0,942,688,0,0,96,441,151,688,83,365,494,942
2015,San Benito County,September,270,5,1,0,4,0,4,268,104,3,0,2,1,3,0,105,6,8,5,4,4,3,5,12,2,1,8,11
2015,San Bernardino County,September,14185,903,0,67,421,289,3,14442,175,10,0,0,51,2,0,132,970,713,10,53,3,291,472,766,67,0,913,980
2015,San Diego County,September,9828,249,108,0,220,242,1,9722,669,22,3,0,26,15,0,653,357,463,25,41,1,257,246,504,0,111,271,382
2015,San Francisco County,September,2773,69,100,5,50,7,149,2741,1208,39,30,4,24,4,57,1196,174,206,73,85,206,11,74,291,9,130,108,247
2015,San Joaquin County,September,6779,92,102,17,63,63,1,6863,6992,125,120,0,89,76,4,7068,211,127,245,169,5,139,152,296,17,222,217,456
2015,San Luis Obispo County,September,1318,52,46,8,41,44,33,1306,855,40,30,12,37,65,7,828,106,118,82,109,40,109,78,227,20,76,92,188
2015,San Mateo County,September,3303,73,18,0,103,30,9,3252,1806,57,5,0,15,20,3,1830,91,142,62,38,12,50,118,180,0,23,130,153
2015,Santa Barbara County,September,2201,72,49,0,40,72,17,2193,1784,167,63,0,111,96,5,1802,121,129,230,212,22,168,151,341,0,112,239,351
2015,Santa Clara County,September,6138,545,205,381,271,251,683,6064,2180,265,207,288,135,260,343,2202,1131,1205,760,738,1026,511,406,1943,669,412,810,1891
2015,Santa Cruz County,September,1502,37,26,0,19,20,26,1500,483,14,11,0,7,8,11,482,63,65,25,26,37,28,26,91,0,37,51,88
2015,Shasta County,September,1478,31,23,0,52,23,0,1457,6,0,0,0,0,0,0,6,54,75,0,0,0,23,52,75,0,23,31,54
2015,Sierra County,September,26,1,0,0,0,0,0,27,12,0,0,0,0,0,0,12,1,0,0,0,0,0,0,0,0,0,1,1
2015,Siskiyou County,September,392,16,14,0,13,18,2,389,9,0,0,0,0,0,0,9,30,33,0,0,2,18,13,33,0,14,16,30
2015,Solano County,September,1676,36,0,0,12,4,6,1690,970,21,0,0,18,0,5,968,36,22,21,23,11,4,30,45,0,0,57,57
2015,Sonoma County,September,1907,74,52,1,62,74,3,1895,231,32,21,1,11,14,33,227,127,139,54,58,36,88,73,197,2,73,106,181
2015,Stanislaus County,September,4996,64,40,31,8,79,30,5014,584,75,74,16,15,141,3,590,135,117,165,159,33,220,23,276,47,114,139,300
2015,Sutter County,September,760,22,6,1,2,30,13,744,27,1,1,1,1,4,1,24,29,45,3,6,14,34,3,51,2,7,23,32
2015,Tehama County,September,638,25,1,0,1,1,5,657,67,1,1,0,0,0,0,69,26,7,2,0,5,1,1,7,0,2,26,28
2015,Trinity County,September,79,0,5,0,6,7,0,71,18,0,1,0,2,1,0,16,5,13,1,3,0,8,8,16,0,6,0,6
2015,Tulare County,September,3786,94,42,8,182,37,23,3688,370,21,14,0,24,24,3,354,144,242,35,51,26,61,206,293,8,56,115,179
2015,Tuolumne County,September,548,17,6,23,28,44,50,472,364,3,0,7,20,4,0,350,46,122,10,24,50,48,48,146,30,6,20,56
2015,Ventura County,September,1917,80,28,0,39,0,0,1986,7238,222,43,0,58,55,0,7390,108,39,265,113,0,55,97,152,0,71,302,373
2015,Yolo County,September,2525,34,39,1,14,2,5,2578,69,0,0,0,0,0,0,69,74,21,0,0,5,2,14,21,1,39,34,74
2015,Yuba County,September,306,29,12,5,47,10,17,278,12,0,2,1,0,0,1,14,46,74,3,1,18,10,47,75,6,14,29,49
2015,Alameda County,October,8548,246,79,75,164,258,102,8424,184,14,0,0,4,3,3,188,400,524,14,10,105,261,168,534,75,79,260,414
2015,Alpine County,October,17,0,0,0,0,0,0,17,53,1,1,0,0,1,0,54,0,0,2,1,0,1,0,1,0,1,1,2
2015,Amador County,October,249,5,2,6,11,5,0,246,1053,29,4,7,27,2,0,1064,13,16,40,29,0,7,38,45,13,6,34,53
2015,Butte County,October,927,45,25,0,26,54,11,906,332,25,11,0,19,28,3,318,70,91,36,50,14,82,45,141,0,36,70,106
2015,Calaveras County,October,269,10,6,3,8,8,1,271,151,11,2,0,3,6,3,152,19,17,13,12,4,14,11,29,3,8,21,32
2015,Colusa County,October,89,4,4,1,2,5,2,89,32,1,2,0,2,2,3,28,9,9,3,7,5,7,4,16,1,6,5,12
2015,Contra Costa County,October,3514,102,5,15,62,3,33,3538,2,0,0,0,0,0,0,2,122,98,0,0,33,3,62,98,15,5,102,122
2015,Del Norte County,October,144,8,2,0,2,6,1,145,93,2,2,1,5,4,0,89,10,9,5,9,1,10,7,18,1,4,10,15
2015,El Dorado County,October,988,17,6,0,12,4,11,984,94,2,1,0,2,0,0,95,23,27,3,2,11,4,14,29,0,7,19,26
2015,Fresno County,October,5259,204,126,0,171,175,9,5234,2255,86,42,21,43,79,1,2281,330,355,149,123,10,254,214,478,21,168,290,479
2015,Glenn County,October,150,5,3,0,1,4,6,147,60,3,1,1,1,2,1,61,8,11,5,4,7,6,2,15,1,4,8,13
2015,Humboldt County,October,1024,37,0,7,24,7,3,1034,23,0,0,0,1,0,1,21,44,34,0,2,4,7,25,36,7,0,37,44
2015,Imperial County,October,2933,47,24,0,17,33,0,2954,51,0,0,0,0,0,0,51,71,50,0,0,0,33,17,50,0,24,47,71
2015,Inyo County,October,125,4,9,0,6,10,3,119,71,1,7,0,7,8,0,64,13,19,8,15,3,18,13,34,0,16,5,21
2015,Kern County,October,7077,189,39,31,159,19,11,7147,0,0,0,0,0,0,0,0,259,189,0,0,11,19,159,189,31,39,189,259
2015,Kings County,October,2318,45,1,8,44,0,25,2303,1807,59,2,5,60,0,2,1811,54,69,66,62,27,0,104,131,13,3,104,120
2015,Lake County,October,618,21,4,0,5,8,1,629,143,1,0,0,2,1,0,141,25,14,1,3,1,9,7,17,0,4,22,26
2015,Lassen County,October,94,4,0,0,0,0,0,98,56,3,0,0,2,0,0,57,4,0,3,2,0,0,2,2,0,0,7,7
2015,Los Angeles County,October,46786,1152,270,0,539,621,25,47023,74,0,3,0,0,1,2,74,1422,1185,3,3,27,622,539,1188,0,273,1152,1425
2015,Madera County,October,2815,27,34,0,18,30,7,2821,533,18,25,0,4,20,0,552,61,55,43,24,7,50,22,79,0,59,45,104
2015,Marin County,October,1367,19,5,0,12,12,0,1367,835,21,5,0,16,5,0,840,24,24,26,21,0,17,28,45,0,10,40,50
2015,Mariposa County,October,107,4,4,0,4,3,0,108,159,10,10,0,6,7,0,166,8,7,20,13,0,10,10,20,0,14,14,28
2015,Mendocino County,October,625,13,18,0,13,16,2,625,126,4,7,0,1,8,1,127,31,31,11,10,3,24,14,41,0,25,17,42
2015,Merced County,October,2312,58,68,0,73,103,0,2262,0,0,0,0,0,0,0,0,126,176,0,0,0,103,73,176,0,68,58,126
2015,Modoc County,October,86,2,0,2,3,0,0,87,37,0,0,0,2,2,0,33,4,3,0,4,0,2,5,7,2,0,2,4
2015,Mono County,October,91,1,0,1,10,0,0,83,59,2,0,0,0,0,0,61,2,10,2,0,0,0,10,10,1,0,3,4
2015,Monterey County,October,1703,16,22,0,34,12,30,1665,243,1,4,0,2,1,2,243,38,76,5,5,32,13,36,81,0,26,17,43
2015,Napa County,October,927,35,40,10,15,66,0,931,1173,65,48,51,32,89,0,1216,85,81,164,121,0,155,47,202,61,88,100,249
2015,Nevada County,October,522,7,8,0,5,0,11,521,85,1,5,0,1,1,3,86,15,16,6,5,14,1,6,21,0,13,8,21
2015,Orange County,October,9618,512,139,122,413,212,158,9608,3661,68,1,1,20,5,3,3703,773,783,70,28,161,217,433,811,123,140,580,843
2015,Placer County,October,2224,65,0,0,20,27,14,2228,1052,45,0,0,14,8,9,1066,65,61,45,31,23,35,34,92,0,0,110,110
2015,Plumas County,October,111,4,1,0,5,3,0,108,112,4,6,0,10,5,0,107,5,8,10,15,0,8,15,23,0,7,8,15
2015,Riverside County,October,10010,337,144,25,406,241,0,9869,945,61,18,0,51,42,11,920,506,647,79,104,11,283,457,751,25,162,398,585
2015,Sacramento County,October,39024,497,385,98,149,483,96,39276,0,0,0,0,0,0,0,0,980,728,0,0,96,483,149,728,98,385,497,980
2015,San Benito County,October,268,5,0,1,3,5,0,266,105,4,0,0,1,3,1,104,6,8,4,5,1,8,4,13,1,0,9,10
2015,San Bernardino County,October,14201,842,0,81,419,335,2,14368,182,6,0,0,59,5,0,124,923,756,6,64,2,340,478,820,81,0,848,929
2015,San Diego County,October,9696,163,94,0,212,219,1,9521,666,20,4,0,14,18,1,657,257,432,24,33,2,237,226,465,0,98,183,281
2015,San Francisco County,October,2741,61,96,14,46,7,154,2705,1196,45,33,2,24,4,55,1193,171,207,80,83,209,11,70,290,16,129,106,251
2015,San Joaquin County,October,6863,81,180,25,31,91,2,7025,7068,67,114,3,18,100,4,7130,286,124,184,122,6,191,49,246,28,294,148,470
2015,San Luis Obispo County,October,1306,52,40,10,50,43,16,1299,828,41,36,3,45,39,4,820,102,109,80,88,20,82,95,197,13,76,93,182
2015,San Mateo County,October,3252,61,31,0,83,34,12,3215,1830,21,4,0,11,26,2,1816,92,129,25,39,14,60,94,168,0,35,82,117
2015,Santa Barbara County,October,2174,99,44,0,44,55,15,2203,1773,169,58,0,85,67,5,1843,143,114,227,157,20,122,129,271,0,102,268,370
2015,Santa Clara County,October,6064,443,187,307,242,265,488,6006,2202,245,176,241,154,221,311,2178,937,995,662,686,799,486,396,1681,548,363,688,1599
2015,Santa Cruz County,October,1500,25,27,0,37,18,20,1477,482,14,3,2,8,7,0,486,52,75,19,15,20,25,45,90,2,30,39,71
2015,Shasta County,October,1457,71,19,0,56,19,0,1472,6,0,0,0,0,0,0,6,90,75,0,0,0,19,56,75,0,19,71,90
2015,Sierra County,October,27,1,0,0,1,0,0,27,12,0,0,0,1,0,0,11,1,1,0,1,0,0,2,2,0,0,1,1
2015,Siskiyou County,October,389,14,25,0,15,8,3,402,9,1,0,0,1,0,0,9,39,26,1,1,3,8,16,27,0,25,15,40
2015,Solano County,October,1666,40,0,0,16,6,3,1681,972,19,0,0,13,1,6,971,40,25,19,20,9,7,29,45,0,0,59,59
2015,Sonoma County,October,1895,62,75,2,68,48,3,1915,227,32,21,2,13,16,20,233,139,119,55,49,23,64,81,168,4,96,94,194
2015,Stanislaus County,October,5014,76,50,14,13,66,25,5050,590,114,68,0,10,132,2,628,140,104,182,144,27,198,23,248,14,118,190,322
2015,Sutter County,October,744,18,11,1,1,20,24,729,24,4,1,1,0,1,4,25,30,45,6,5,28,21,1,50,2,12,22,36
2015,Tehama County,October,657,17,0,0,1,0,2,671,68,0,0,0,0,0,0,68,17,3,0,0,2,0,1,3,0,0,17,17
2015,Trinity County,October,71,3,7,0,2,3,3,73,16,2,2,0,0,3,0,17,10,8,4,3,3,6,2,11,0,9,5,14
2015,Tulare County,October,3688,90,39,1,95,52,20,3651,354,48,7,0,17,24,0,368,130,167,55,41,20,76,112,208,1,46,138,185
2015,Tuolumne County,October,472,15,3,18,13,27,11,457,350,4,0,2,29,5,5,317,36,51,6,39,16,32,42,90,20,3,19,42
2015,Ventura County,October,1941,84,38,0,45,0,0,2018,7280,201,46,0,58,118,0,7351,122,45,247,176,0,118,103,221,0,84,285,369
2015,Yolo County,October,2578,28,22,1,25,5,2,2597,69,0,0,141,0,0,0,210,51,32,141,0,2,5,25,32,142,22,28,192
2015,Yuba County,October,278,31,12,0,57,12,10,242,14,0,1,0,3,0,2,10,43,79,1,5,12,12,60,84,0,13,31,44
2015,Alameda County,November,8424,136,80,71,140,157,56,8358,188,8,1,0,4,5,0,188,287,353,9,9,56,162,144,362,71,81,144,296
2015,Alpine County,November,17,2,1,1,0,0,0,21,54,2,1,0,1,0,0,56,4,0,3,1,0,0,1,1,1,2,4,7
2015,Amador County,November,246,6,3,0,4,5,3,243,1064,37,4,0,23,3,4,1075,9,12,41,30,7,8,27,42,0,7,43,50
2015,Butte County,November,940,49,27,0,13,29,9,965,322,16,12,0,13,21,2,314,76,51,28,36,11,50,26,87,0,39,65,104
2015,Calaveras County,November,271,4,3,0,7,8,1,262,152,3,1,0,2,11,0,143,7,16,4,13,1,19,9,29,0,4,7,11
2015,Colusa County,November,89,5,4,0,1,1,1,95,28,1,2,1,0,4,0,28,9,3,4,4,1,5,1,7,1,6,6,13
2015,Contra Costa County,November,3538,94,7,13,38,4,23,3587,2,0,0,0,0,0,0,2,114,65,0,0,23,4,38,65,13,7,94,114
2015,Del Norte County,November,145,4,2,1,1,5,0,146,89,2,2,0,2,3,1,87,7,6,4,6,1,8,3,12,1,4,6,11
2015,El Dorado County,November,970,18,6,0,11,9,2,972,99,8,1,0,2,1,0,105,24,22,9,3,2,10,13,25,0,7,26,33
2015,Fresno County,November,5234,169,88,0,134,122,6,5229,2281,179,36,7,25,48,2,2428,257,262,222,75,8,170,159,337,7,124,348,479
2015,Glenn County,November,147,4,0,0,1,3,3,144,61,4,1,0,2,2,0,62,4,7,5,4,3,5,3,11,0,1,8,9
2015,Humboldt County,November,1034,20,0,0,10,3,5,1036,21,0,0,1,1,0,0,21,20,18,1,1,5,3,11,19,1,0,20,21
2015,Imperial County,November,2954,48,17,0,22,20,0,2977,51,0,0,0,0,0,0,51,65,42,0,0,0,20,22,42,0,17,48,65
2015,Inyo County,November,119,7,6,1,2,6,1,124,64,5,8,0,4,10,0,63,14,9,13,14,1,16,6,23,1,14,12,27
2015,Kern County,November,7147,116,22,17,119,16,9,7158,0,0,0,0,0,0,0,0,155,144,0,0,9,16,119,144,17,22,116,155
2015,Kings County,November,2303,40,0,9,27,3,55,2267,1811,27,0,0,36,3,8,1791,49,85,27,47,63,6,63,132,9,0,67,76
2015,Lake County,November,620,14,1,0,2,9,0,624,139,0,0,0,0,2,0,137,15,11,0,2,0,11,2,13,0,1,14,15
2015,Lassen County,November,98,7,0,0,0,0,2,103,58,2,0,0,3,0,0,57,7,2,2,3,2,0,3,5,0,0,9,9
2015,Los Angeles County,November,46518,1013,223,0,425,498,29,46802,74,1,0,0,0,0,1,74,1236,952,1,1,30,498,425,953,0,223,1014,1237
2015,Madera County,November,2821,25,23,0,16,38,1,2814,552,13,12,0,5,27,0,545,48,55,25,32,1,65,21,87,0,35,38,73
2015,Marin County,November,1367,14,3,0,15,10,0,1359,840,19,5,0,10,25,0,829,17,25,24,35,0,35,25,60,0,8,33,41
2015,Mariposa County,November,108,6,1,0,5,2,0,108,166,4,7,0,8,4,0,165,7,7,11,12,0,6,13,19,0,8,10,18
2015,Mendocino County,November,630,9,13,0,8,16,3,625,127,3,4,0,2,5,0,127,22,27,7,7,3,21,10,34,0,17,12,29
2015,Merced County,November,2267,52,70,0,67,63,3,2256,0,0,0,0,0,0,0,0,122,133,0,0,3,63,67,133,0,70,52,122
2015,Modoc County,November,87,5,0,0,1,0,1,90,33,2,0,0,1,0,0,34,5,2,2,1,1,0,2,3,0,0,7,7
2015,Mono County,November,83,3,1,0,9,0,2,76,61,4,0,2,7,0,0,60,4,11,6,7,2,0,16,18,2,1,7,10
2015,Monterey County,November,1665,28,18,3,21,27,0,1666,243,1,2,6,2,1,0,249,49,48,9,3,0,28,23,51,9,20,29,58
2015,Napa County,November,931,26,23,0,14,36,2,928,1216,36,38,37,37,84,0,1206,49,52,111,121,2,120,51,173,37,61,62,160
2015,Nevada County,November,553,8,3,0,7,1,14,542,92,1,1,0,1,0,6,87,11,22,2,7,20,1,8,29,0,4,9,13
2015,Orange County,November,9608,408,186,76,394,249,162,9473,3703,69,3,0,9,7,2,3757,670,805,72,18,164,256,403,823,76,189,477,742
2015,Placer County,November,2195,45,0,0,18,46,30,2146,1068,57,0,0,7,16,9,1093,45,94,57,32,39,62,25,126,0,0,102,102
2015,Plumas County,November,108,2,1,2,4,2,0,107,107,13,6,0,2,9,0,115,5,6,19,11,0,11,6,17,2,7,15,24
2015,Riverside County,November,9869,265,118,7,345,220,0,9694,920,51,27,0,31,53,0,914,390,565,78,84,0,273,376,649,7,145,316,468
2015,Sacramento County,November,39276,488,376,90,98,427,70,39635,0,0,0,0,0,0,0,0,954,595,0,0,70,427,98,595,90,376,488,954
2015,San Benito County,November,266,6,0,1,10,0,2,261,104,7,0,1,1,1,0,110,7,12,8,2,2,1,11,14,2,0,13,15
2015,San Bernardino County,November,14192,752,0,79,305,285,2,14431,159,9,0,0,41,1,0,126,831,592,9,42,2,286,346,634,79,0,761,840
2015,San Diego County,November,9385,198,93,0,160,180,4,9332,673,20,0,0,13,17,0,663,291,344,20,30,4,197,173,374,0,93,218,311
2015,San Francisco County,November,2705,76,89,8,46,7,156,2669,1193,33,27,3,23,4,46,1183,173,209,63,73,202,11,69,282,11,116,109,236
2015,San Joaquin County,November,7025,47,41,19,10,57,0,7065,7130,49,24,4,20,83,1,7103,107,67,77,104,1,140,30,171,23,65,96,184
2015,San Luis Obispo County,November,1299,46,37,11,43,22,17,1311,820,50,28,0,30,27,4,837,94,82,78,61,21,49,73,143,11,65,96,172
2015,San Mateo County,November,3215,42,15,0,60,4,12,3196,1816,6,3,0,7,12,3,1803,57,76,9,22,15,16,67,98,0,18,48,66
2015,Santa Barbara County,November,2185,77,43,0,42,64,11,2188,1835,133,60,0,73,87,1,1867,120,117,193,161,12,151,115,278,0,103,210,313
2015,Santa Clara County,November,6006,424,173,277,214,218,477,5971,2178,248,125,243,146,200,273,2175,874,909,616,619,750,418,360,1528,520,298,672,1490
2015,Santa Cruz County,November,1477,21,22,1,33,17,0,1471,486,15,3,10,4,4,0,506,44,50,28,8,0,21,37,58,11,25,36,72
2015,Shasta County,November,1472,50,15,0,32,15,0,1490,6,0,0,0,0,0,0,6,65,47,0,0,0,15,32,47,0,15,50,65
2015,Sierra County,November,27,0,0,0,0,0,0,27,11,0,0,0,0,0,0,11,0,0,0,0,0,0,0,0,0,0,0,0
2015,Siskiyou County,November,402,14,20,0,17,34,3,382,9,1,0,0,1,0,0,9,34,54,1,1,3,34,18,55,0,20,15,35
2015,Solano County,November,1679,34,0,0,10,7,6,1690,976,24,0,0,15,2,1,982,34,23,24,18,7,9,25,41,0,0,58,58
2015,Sonoma County,November,1915,55,47,0,61,52,0,1904,233,32,12,2,16,17,18,228,102,113,46,51,18,69,77,164,2,59,87,148
2015,Stanislaus County,November,5050,82,53,13,10,45,45,5098,628,43,46,0,10,94,1,612,148,100,89,105,46,139,20,205,13,99,125,237
2015,Sutter County,November,729,25,18,2,4,16,3,751,25,1,0,0,2,2,2,20,45,23,1,6,5,18,6,29,2,18,26,46
2015,Tehama County,November,671,18,2,0,0,0,2,689,70,1,0,0,0,0,0,71,20,2,1,0,2,0,0,2,0,2,19,21
2015,Trinity County,November,73,4,6,1,2,2,0,80,17,1,1,0,2,2,0,15,11,4,2,4,0,4,4,8,1,7,5,13
2015,Tulare County,November,3651,82,38,1,104,52,10,3606,368,27,8,0,21,10,1,371,121,166,35,32,11,62,125,198,1,46,109,156
2015,Tuolumne County,November,457,11,13,15,6,28,16,446,317,1,0,6,20,2,0,302,39,50,7,22,16,30,26,72,21,13,12,46
2015,Ventura County,November,1986,57,24,0,42,0,0,2025,7280,187,27,0,58,176,0,7260,81,42,214,234,0,176,100,276,0,51,244,295
2015,Yolo County,November,2597,19,23,0,16,4,7,2612,210,0,0,0,0,0,0,210,42,27,0,0,7,4,16,27,0,23,19,42
2015,Yuba County,November,242,21,17,0,41,9,9,221,10,1,1,0,2,0,1,9,38,59,2,3,10,9,43,62,0,18,22,40
2015,Alameda County,December,8358,193,90,100,118,214,59,8350,188,7,2,2,3,1,2,193,383,391,11,6,61,215,121,397,102,92,200,394
2015,Alpine County,December,21,0,0,0,0,1,0,20,56,0,1,0,2,1,0,54,0,1,1,3,0,2,2,4,0,1,0,1
2015,Amador County,December,243,11,3,1,8,3,0,247,1075,26,3,7,24,7,0,1080,15,11,36,31,0,10,32,42,8,6,37,51
2015,Butte County,December,940,58,24,0,27,39,8,948,321,26,14,0,25,27,2,307,82,74,40,54,10,66,52,128,0,38,84,122
2015,Calaveras County,December,262,0,5,0,4,5,0,258,143,8,2,0,1,8,0,144,5,9,10,9,0,13,5,18,0,7,8,15
2015,Colusa County,December,95,4,4,0,0,2,1,100,28,3,1,0,1,2,1,28,8,3,4,4,2,4,1,7,0,5,7,12
2015,Contra Costa County,December,3587,97,9,20,58,5,26,3624,2,0,0,0,0,0,0,2,126,89,0,0,26,5,58,89,20,9,97,126
2015,Del Norte County,December,146,6,2,1,4,3,0,148,87,5,1,1,2,1,1,90,9,7,7,4,1,4,6,11,2,3,11,16
2015,El Dorado County,December,981,18,3,0,3,12,0,987,110,11,2,0,1,2,0,120,21,15,13,3,0,14,4,18,0,5,29,34
2015,Fresno County,December,5229,214,112,0,144,174,10,5227,2428,99,37,17,30,62,1,2488,326,328,153,93,11,236,174,421,17,149,313,479
2015,Glenn County,December,144,7,1,0,1,2,3,146,62,5,0,1,3,3,2,60,8,6,6,8,5,5,4,14,1,1,12,14
2015,Humboldt County,December,1036,29,0,2,5,3,5,1054,21,0,0,1,0,0,0,22,31,13,1,0,5,3,5,13,3,0,29,32
2015,Imperial County,December,2977,55,31,0,19,44,0,3000,51,0,0,0,0,0,0,51,86,63,0,0,0,44,19,63,0,31,55,86
2015,Inyo County,December,124,4,8,0,4,9,0,123,63,1,7,0,5,8,0,58,12,13,8,13,0,17,9,26,0,15,5,20
2015,Kern County,December,7158,164,27,19,116,19,15,7218,0,0,0,0,0,0,0,0,210,150,0,0,15,19,116,150,19,27,164,210
2015,Kings County,December,2267,41,0,5,44,0,12,2257,1791,23,0,1,34,0,1,1780,46,56,24,35,13,0,78,91,6,0,64,70
2015,Lake County,December,620,16,3,0,3,18,0,618,140,1,0,0,0,0,0,141,19,21,1,0,0,18,3,21,0,3,17,20
2015,Lassen County,December,103,3,0,0,4,0,1,101,57,4,0,0,2,0,0,59,3,5,4,2,1,0,6,7,0,0,7,7
2015,Los Angeles County,December,46255,1095,241,0,500,638,41,46412,75,2,0,0,2,0,1,74,1336,1179,2,3,42,638,502,1182,0,241,1097,1338
2015,Madera County,December,2814,26,24,0,22,31,0,2811,545,17,14,0,7,31,0,538,50,53,31,38,0,62,29,91,0,38,43,81
2015,Marin County,December,1359,15,4,0,17,2,0,1359,829,27,7,0,15,22,0,826,19,19,34,37,0,24,32,56,0,11,42,53
2015,Mariposa County,December,108,2,3,0,3,2,0,108,165,9,6,0,6,5,0,169,5,5,15,11,0,7,9,16,0,9,11,20
2015,Mendocino County,December,625,16,19,0,6,19,0,635,126,5,4,0,3,3,0,129,35,25,9,6,0,22,9,31,0,23,21,44
2015,Merced County,December,2264,45,57,0,37,104,2,2223,0,0,0,0,0,0,0,0,102,143,0,0,2,104,37,143,0,57,45,102
2015,Modoc County,December,90,0,0,0,4,0,0,86,34,1,0,0,4,1,0,30,0,4,1,5,0,1,8,9,0,0,1,1
2015,Mono County,December,76,3,0,0,3,0,0,76,60,0,0,0,2,0,0,58,3,3,0,2,0,0,5,5,0,0,3,3
2015,Monterey County,December,1666,28,20,0,34,13,1,1666,249,9,3,0,6,1,6,248,48,48,12,13,7,14,40,61,0,23,37,60
2015,Napa County,December,928,33,27,18,16,58,2,930,1206,56,41,2,29,62,8,1206,78,76,99,99,10,120,45,175,20,68,89,177
2015,Nevada County,December,542,0,0,0,0,0,0,542,87,0,0,0,0,0,0,87,0,0,0,0,0,0,0,0,0,0,0,0
2015,Orange County,December,9473,384,137,154,375,205,112,9456,3757,68,10,0,22,18,0,3795,675,692,78,40,112,223,397,732,154,147,452,753
2015,Placer County,December,2201,61,0,0,38,32,40,2152,1089,37,0,0,23,9,14,1080,61,110,37,46,54,41,61,156,0,0,98,98
2015,Plumas County,December,107,1,3,2,8,4,0,101,115,15,0,0,12,3,0,115,6,12,15,15,0,7,20,27,2,3,16,21
2015,Riverside County,December,9694,318,157,7,355,294,0,9527,914,73,21,0,37,38,0,933,482,649,94,75,0,332,392,724,7,178,391,576
2015,Sacramento County,December,39635,488,349,97,123,485,94,39867,0,0,0,0,0,0,0,0,934,702,0,0,94,485,123,702,97,349,488,934
2015,San Benito County,December,261,4,4,1,7,8,0,255,110,8,0,0,0,7,0,111,9,15,8,7,0,15,7,22,1,4,12,17
2015,San Bernardino County,December,14181,815,0,59,300,233,1,14521,156,6,0,1,33,1,0,129,874,534,7,34,1,234,333,568,60,0,821,881
2015,San Diego County,December,9328,255,92,0,187,270,4,9214,688,23,4,0,19,15,1,680,347,461,27,35,5,285,206,496,0,96,278,374
2015,San Francisco County,December,2669,72,120,8,59,4,151,2655,1183,31,41,6,14,0,48,1199,200,214,78,62,199,4,73,276,14,161,103,278
2015,San Joaquin County,December,7065,49,37,32,27,73,1,7082,7103,58,23,12,21,79,1,7095,118,101,93,101,2,152,48,202,44,60,107,211
2015,San Luis Obispo County,December,1311,28,34,9,38,40,13,1291,837,45,27,0,28,30,3,848,71,91,72,61,16,70,66,152,9,61,73,143
2015,San Mateo County,December,3196,53,18,0,64,23,15,3165,1803,13,6,0,4,33,1,1784,71,102,19,38,16,56,68,140,0,24,66,90
2015,Santa Barbara County,December,2187,81,64,0,23,58,29,2222,1805,150,72,0,152,69,6,1800,145,110,222,227,35,127,175,337,0,136,231,367
2015,Santa Clara County,December,5971,549,181,353,259,255,609,5931,2175,280,161,313,160,216,386,2167,1083,1123,754,762,995,471,419,1885,666,342,829,1837
2015,Santa Cruz County,December,1471,16,20,0,11,11,6,1479,506,14,2,3,7,5,0,513,36,28,19,12,6,16,18,40,3,22,30,55
2015,Shasta County,December,1490,60,21,0,21,21,0,1529,6,0,0,0,0,0,0,6,81,42,0,0,0,21,21,42,0,21,60,81
2015,Sierra County,December,27,0,0,0,3,0,0,24,11,0,0,0,0,0,0,11,0,3,0,0,0,0,3,3,0,0,0,0
2015,Siskiyou County,December,382,11,23,0,7,3,0,406,9,0,0,0,0,0,0,9,34,10,0,0,0,3,7,10,0,23,11,34
2015,Solano County,December,1664,48,0,0,29,10,2,1671,980,24,0,0,16,0,4,984,48,41,24,20,6,10,45,61,0,0,72,72
2015,Sonoma County,December,1904,80,68,1,76,52,1,1924,228,30,14,0,11,11,27,223,149,129,44,49,28,63,87,178,1,82,110,193
2015,Stanislaus County,December,5098,82,55,44,19,61,46,5153,612,74,48,0,22,118,2,592,181,126,122,142,48,179,41,268,44,103,156,303
2015,Sutter County,December,751,21,9,1,4,29,15,734,20,3,1,0,1,1,1,21,31,48,4,3,16,30,5,51,1,10,24,35
2015,Tehama County,December,689,17,3,0,3,1,2,703,68,0,0,0,1,0,0,67,20,6,0,1,2,1,4,7,0,3,17,20
2015,Trinity County,December,80,6,1,0,2,3,2,80,15,3,0,0,0,3,1,14,7,7,3,4,3,6,2,11,0,1,9,10
2015,Tulare County,December,3606,93,32,1,69,42,17,3604,371,20,6,0,11,26,2,358,126,128,26,39,19,68,80,167,1,38,113,152
2015,Tuolumne County,December,446,13,3,8,17,36,24,393,302,16,0,5,10,4,0,309,24,77,21,14,24,40,27,91,13,3,29,45
2015,Ventura County,December,1992,72,13,0,46,8,0,2023,7191,220,41,0,56,212,0,7184,85,54,261,268,0,220,102,322,0,54,292,346
2015,Yolo County,December,2612,17,33,1,15,9,11,2628,210,0,0,0,0,0,0,210,51,35,0,0,11,9,15,35,1,33,17,51
2015,Yuba County,December,221,22,6,1,45,18,8,179,9,2,0,1,1,0,2,9,29,71,3,3,10,18,46,74,2,6,24,32
2016,Alameda County,April,8222,196,58,111,117,206,260,8004,199,13,1,3,1,7,5,203,365,583,17,13,265,213,118,596,114,59,209,382
2016,Alpine County,April,25,0,0,1,0,0,0,26,63,1,0,0,4,3,0,57,1,0,1,7,0,3,4,7,1,0,1,2
2016,Amador County,April,240,8,6,0,9,8,0,237,1074,12,8,4,31,9,0,1058,14,17,24,40,0,17,40,57,4,14,20,38
2016,Butte County,April,1285,50,71,0,37,69,11,1289,390,28,16,0,29,29,1,375,121,117,44,59,12,98,66,176,0,87,78,165
2016,Calaveras County,April,238,7,7,0,7,8,0,237,150,4,6,1,4,8,0,149,14,15,11,12,0,16,11,27,1,13,11,25
2016,Colusa County,April,102,12,2,0,1,6,2,107,28,6,0,0,0,3,0,31,14,9,6,3,2,9,1,12,0,2,18,20
2016,Contra Costa County,April,3526,83,5,53,102,5,31,3529,2,0,0,0,0,0,0,2,141,138,0,0,31,5,102,138,53,5,83,141
2016,Del Norte County,April,171,5,6,0,2,8,0,172,106,4,4,0,2,5,0,107,11,10,8,7,0,13,4,17,0,10,9,19
2016,El Dorado County,April,961,13,6,0,7,6,0,967,108,3,3,0,0,1,0,113,19,13,6,1,0,7,7,14,0,9,16,25
2016,Fresno County,April,4958,167,119,0,142,195,0,4907,2850,147,66,20,54,35,0,2994,286,337,233,89,0,230,196,426,20,185,314,519
2016,Glenn County,April,144,6,5,2,3,9,2,143,60,3,1,0,2,2,2,58,13,14,4,6,4,11,5,20,2,6,9,17
2016,Humboldt County,April,1074,20,0,2,21,11,0,1064,24,0,0,0,3,0,0,21,22,32,0,3,0,11,24,35,2,0,20,22
2016,Imperial County,April,3039,56,28,0,17,32,0,3074,51,0,0,0,0,0,0,51,84,49,0,0,0,32,17,49,0,28,56,84
2016,Inyo County,April,143,10,9,1,3,9,0,151,100,10,8,0,8,5,0,105,20,12,18,13,0,14,11,25,1,17,20,38
2016,Kern County,April,7186,146,22,17,165,27,18,7161,0,0,0,0,0,0,0,0,185,210,0,0,18,27,165,210,17,22,146,185
2016,Kings County,April,2252,39,0,23,62,0,183,2069,1801,41,0,49,60,0,12,1819,62,245,90,72,195,0,122,317,72,0,80,152
2016,Lake County,April,596,13,2,0,7,26,0,578,124,1,0,0,1,0,0,124,15,33,1,1,0,26,8,34,0,2,14,16
2016,Lassen County,April,96,5,0,0,3,1,0,97,56,3,0,0,2,0,0,57,5,4,3,2,0,1,5,6,0,0,8,8
2016,Los Angeles County,April,45322,1119,301,0,527,654,65,45496,76,2,0,0,1,2,0,75,1420,1246,2,3,65,656,528,1249,0,301,1121,1422
2016,Madera County,April,2768,24,19,0,21,21,5,2764,514,16,14,0,6,22,0,516,43,47,30,28,5,43,27,75,0,33,40,73
2016,Marin County,April,1380,30,8,0,8,6,0,1404,833,35,9,0,13,2,0,862,38,14,44,15,0,8,21,29,0,17,65,82
2016,Mariposa County,April,111,1,1,0,4,2,0,107,166,8,9,0,4,8,0,171,2,6,17,12,0,10,8,18,0,10,9,19
2016,Mendocino County,April,651,24,11,0,8,27,2,649,131,3,6,0,1,6,0,133,35,37,9,7,2,33,9,44,0,17,27,44
2016,Merced County,April,2220,46,57,0,41,70,1,2211,0,0,0,0,0,0,0,0,103,112,0,0,1,70,41,112,0,57,46,103
2016,Modoc County,April,72,0,0,0,0,1,0,71,34,3,0,0,2,0,0,35,0,1,3,2,0,1,2,3,0,0,3,3
2016,Mono County,April,86,3,0,0,4,0,0,85,56,6,0,0,6,0,0,56,3,4,6,6,0,0,10,10,0,0,9,9
2016,Monterey County,April,1606,28,21,0,37,28,7,1583,243,12,3,0,8,6,13,231,49,72,15,27,20,34,45,99,0,24,40,64
2016,Napa County,April,904,27,31,0,26,46,20,870,1192,59,44,25,52,61,3,1204,58,92,128,116,23,107,78,208,25,75,86,186
2016,Nevada County,April,554,20,7,0,7,2,17,555,117,2,3,0,1,0,6,115,27,26,5,7,23,2,8,33,0,10,22,32
2016,Orange County,April,9223,932,217,7,296,274,69,9740,3876,88,43,0,36,47,2,3922,1156,639,131,85,71,321,332,724,7,260,1020,1287
2016,Placer County,April,2070,51,0,0,26,35,17,2043,1176,58,0,0,8,16,15,1195,51,78,58,39,32,51,34,117,0,0,109,109
2016,Plumas County,April,92,5,2,0,11,4,0,84,111,12,4,0,10,8,0,109,7,15,16,18,0,12,21,33,0,6,17,23
2016,Riverside County,April,9089,371,128,11,336,299,0,8964,919,56,24,0,50,36,5,908,510,635,80,91,5,335,386,726,11,152,427,590
2016,Sacramento County,April,15112,293,0,0,301,0,0,15104,4900,106,0,3,114,0,0,4895,293,301,109,114,0,0,415,415,3,0,399,402
2016,San Benito County,April,271,13,4,1,2,11,0,276,123,6,1,1,0,6,0,125,18,13,8,6,0,17,2,19,2,5,19,26
2016,San Bernardino County,April,13934,802,0,64,376,223,1,14200,170,8,0,4,29,1,0,152,866,600,12,30,1,224,405,630,68,0,810,878
2016,San Diego County,April,8874,306,114,0,197,228,3,8866,623,25,5,0,20,11,0,622,420,428,30,31,3,239,217,459,0,119,331,450
2016,San Francisco County,April,2584,77,126,19,60,9,155,2582,1179,36,32,4,10,4,45,1192,222,224,72,59,200,13,70,283,23,158,113,294
2016,San Joaquin County,April,7279,114,93,25,35,61,3,7412,7313,82,79,6,37,80,3,7360,232,99,167,120,6,141,72,219,31,172,196,399
2016,San Luis Obispo County,April,1237,49,34,2,50,31,6,1235,829,53,26,0,37,38,3,830,85,87,79,78,9,69,87,165,2,60,102,164
2016,San Mateo County,April,3042,58,20,0,83,28,13,2996,1804,36,13,0,36,27,2,1788,78,124,49,65,15,55,119,189,0,33,94,127
2016,Santa Barbara County,April,2213,85,30,0,28,39,9,2252,1804,149,42,0,98,62,3,1832,115,76,191,163,12,101,126,239,0,72,234,306
2016,Santa Clara County,April,5753,473,168,256,200,249,527,5674,2104,287,129,226,102,184,372,2088,897,976,642,658,899,433,302,1634,482,297,760,1539
2016,Santa Cruz County,April,1372,30,22,6,27,26,0,1377,522,11,3,17,20,7,0,526,58,53,31,27,0,33,47,80,23,25,41,89
2016,Shasta County,April,1614,49,16,0,33,16,0,1630,6,0,0,0,0,0,0,6,65,49,0,0,0,16,33,49,0,16,49,65
2016,Sierra County,April,26,1,0,0,0,0,0,27,11,1,0,0,0,0,0,12,1,0,1,0,0,0,0,0,0,0,2,2
2016,Siskiyou County,April,428,17,9,0,10,7,2,435,8,0,0,0,0,0,0,8,26,19,0,0,2,7,10,19,0,9,17,26
2016,Solano County,April,1693,58,0,0,20,14,4,1713,988,27,0,0,13,5,3,994,58,38,27,21,7,19,33,59,0,0,85,85
2016,Sonoma County,April,1923,66,63,1,76,57,4,1916,177,34,23,4,10,24,21,183,130,137,61,55,25,81,86,192,5,86,100,191
2016,Stanislaus County,April,5310,67,67,47,15,78,17,5381,563,95,70,0,29,178,2,519,181,110,165,209,19,256,44,319,47,137,162,346
2016,Sutter County,April,734,27,14,1,3,17,22,734,19,1,0,1,0,5,0,16,42,42,2,5,22,22,3,47,2,14,28,44
2016,Tehama County,April,741,28,7,0,0,0,0,776,70,0,0,0,0,0,1,69,35,0,0,1,1,0,0,1,0,7,28,35
2016,Trinity County,April,94,8,4,1,3,7,1,96,20,1,1,0,1,1,1,19,13,11,2,3,2,8,4,14,1,5,9,15
2016,Tulare County,April,3406,109,46,5,99,67,27,3373,377,56,27,0,52,39,1,368,160,193,83,92,28,106,151,285,5,73,165,243
2016,Tuolumne County,April,315,14,20,18,18,35,15,299,260,1,2,8,24,7,3,237,52,68,11,34,18,42,42,102,26,22,15,63
2016,Ventura County,April,2051,86,50,0,61,0,0,2126,6933,260,30,0,107,183,0,6933,136,61,290,290,0,183,168,351,0,80,346,426
2016,Yolo County,April,2666,13,11,2,25,4,0,2663,295,0,0,0,0,0,0,295,26,29,0,0,0,4,25,29,2,11,13,26
2016,Yuba County,April,113,27,8,1,24,14,11,100,3,1,0,0,1,0,0,3,36,49,1,1,11,14,25,50,1,8,28,37
2016,Alameda County,August,7769,198,63,57,147,175,110,7655,203,7,5,7,2,6,3,211,318,432,19,11,113,181,149,443,64,68,205,337
2016,Alpine County,August,25,0,1,0,0,2,0,24,60,4,0,0,3,4,0,57,1,2,4,7,0,6,3,9,0,1,4,5
2016,Amador County,August,236,4,1,1,12,4,0,226,1051,29,0,7,15,5,0,1067,6,16,36,20,0,9,27,36,8,1,33,42
2016,Butte County,August,1316,39,57,0,24,83,10,1295,367,38,14,0,19,26,3,371,96,117,52,48,13,109,43,165,0,71,77,148
2016,Calaveras County,August,235,11,6,0,4,11,0,237,160,9,1,0,5,14,0,151,17,15,10,19,0,25,9,34,0,7,20,27
2016,Colusa County,August,109,7,1,2,3,7,4,105,31,2,4,0,1,1,1,34,10,14,6,3,5,8,4,17,2,5,9,16
2016,Contra Costa County,August,3503,70,14,13,97,2,35,3466,1,0,0,0,0,0,0,1,97,134,0,0,35,2,97,134,13,14,70,97
2016,Del Norte County,August,164,4,3,2,7,10,2,154,92,3,4,5,2,7,0,95,9,19,12,9,2,17,9,28,7,7,7,21
2016,El Dorado County,August,934,22,4,0,19,7,0,934,115,8,1,0,4,0,0,120,26,26,9,4,0,7,23,30,0,5,30,35
2016,Fresno County,August,4909,233,164,1,179,190,12,4926,3611,177,173,17,54,47,3,3874,398,381,367,104,15,237,233,485,18,337,410,765
2016,Glenn County,August,171,6,3,0,5,5,4,166,52,7,2,1,3,3,1,55,9,14,10,7,5,8,8,21,1,5,13,19
2016,Humboldt County,August,1069,31,0,5,13,10,5,1077,19,1,0,1,0,0,2,19,36,28,2,2,7,10,13,30,6,0,32,38
2016,Imperial County,August,3136,40,34,0,22,40,0,3148,51,0,0,0,0,0,0,51,74,62,0,0,0,40,22,62,0,34,40,74
2016,Inyo County,August,160,7,8,1,1,5,0,170,111,3,5,0,4,1,0,114,16,6,8,5,0,6,5,11,1,13,10,24
2016,Kern County,August,7148,137,16,12,140,21,17,7135,0,0,0,0,0,0,0,0,165,178,0,0,17,21,140,178,12,16,137,165
2016,Kings County,August,2027,26,0,6,28,0,17,2014,1810,60,0,5,57,0,4,1814,32,45,65,61,21,0,85,106,11,0,86,97
2016,Lake County,August,552,10,5,4,12,0,1,558,106,1,0,0,3,0,0,104,19,13,1,3,1,0,15,16,4,5,11,20
2016,Lassen County,August,98,0,0,0,5,1,0,92,59,0,0,0,2,0,0,57,0,6,0,2,0,1,7,8,0,0,0,0
2016,Los Angeles County,August,44850,1308,369,0,579,806,71,45071,73,2,0,0,2,0,0,73,1677,1456,2,2,71,806,581,1458,0,369,1310,1679
2016,Madera County,August,2788,25,16,0,25,34,10,2760,534,17,10,0,15,23,1,522,41,69,27,39,11,57,40,108,0,26,42,68
2016,Marin County,August,1409,30,8,0,32,11,0,1404,848,25,6,0,16,24,0,839,38,43,31,40,0,35,48,83,0,14,55,69
2016,Mariposa County,August,103,1,5,0,2,6,0,101,174,8,9,0,9,10,0,172,6,8,17,19,0,16,11,27,0,14,9,23
2016,Mendocino County,August,650,35,17,0,14,29,4,655,134,6,9,0,5,14,0,130,52,47,15,19,4,43,19,66,0,26,41,67
2016,Merced County,August,2232,178,0,1,47,105,7,2252,0,0,0,0,0,0,0,0,179,159,0,0,7,105,47,159,1,0,178,179
2016,Modoc County,August,76,0,0,0,3,0,0,73,41,2,0,0,5,0,0,38,0,3,2,5,0,0,8,8,0,0,2,2
2016,Mono County,August,95,7,0,2,2,1,0,101,54,1,0,0,2,0,1,52,9,3,1,3,1,1,4,6,2,0,8,10
2016,Monterey County,August,1531,23,24,0,18,24,14,1522,212,3,4,0,1,1,13,204,47,56,7,15,27,25,19,71,0,28,26,54
2016,Napa County,August,734,44,27,0,12,36,33,724,1263,54,36,19,28,57,7,1280,71,81,109,92,40,93,40,173,19,63,98,180
2016,Nevada County,August,547,11,6,0,1,0,7,556,115,5,4,0,0,0,3,121,17,8,9,3,10,0,1,11,0,10,16,26
2016,Orange County,August,10434,673,376,28,355,277,147,10732,4137,76,31,0,22,60,0,4162,1077,779,107,82,147,337,377,861,28,407,749,1184
2016,Placer County,August,1994,64,0,0,18,20,4,2016,1234,59,1,0,16,14,4,1260,64,42,60,34,8,34,34,76,0,1,123,124
2016,Plumas County,August,82,4,7,0,3,7,1,82,110,16,3,1,3,12,5,110,11,11,20,20,6,19,6,31,1,10,20,31
2016,Riverside County,August,8797,407,218,1,331,346,0,8746,841,65,28,6,39,51,0,850,626,677,99,90,0,397,370,767,7,246,472,725
2016,Sacramento County,August,15166,339,0,0,315,0,0,15190,4888,107,0,8,131,0,0,4872,339,315,115,131,0,0,446,446,8,0,446,454
2016,San Benito County,August,268,5,2,3,8,9,0,261,131,10,0,0,3,8,1,129,10,17,10,12,1,17,11,29,3,2,15,20
2016,San Bernardino County,August,13814,794,0,92,377,237,2,14084,158,4,0,2,21,2,0,141,886,616,6,23,2,239,398,639,94,0,798,892
2016,San Diego County,August,9350,322,106,0,275,237,7,9259,1486,36,10,0,196,48,1,1287,428,519,46,245,8,285,471,764,0,116,358,474
2016,San Francisco County,August,2513,93,130,6,44,11,203,2484,1166,30,33,5,25,3,64,1142,229,258,68,92,267,14,69,350,11,163,123,297
2016,San Joaquin County,August,7507,96,82,30,12,28,5,7670,7313,91,72,2,11,65,0,7402,208,45,165,76,5,93,23,121,32,154,187,373
2016,San Luis Obispo County,August,1216,36,33,8,49,45,18,1181,833,60,33,0,39,42,14,831,77,112,93,95,32,87,88,207,8,66,96,170
2016,San Mateo County,August,2861,52,14,0,61,26,8,2832,1800,56,8,0,29,23,0,1812,66,95,64,52,8,49,90,147,0,22,108,130
2016,Santa Barbara County,August,2272,83,54,0,31,74,17,2287,1814,178,69,0,108,94,7,1852,137,122,247,209,24,168,139,331,0,123,261,384
2016,Santa Clara County,August,5719,695,154,359,204,254,831,5638,2020,255,112,230,92,177,363,1985,1208,1289,597,632,1194,431,296,1921,589,266,950,1805
2016,Santa Cruz County,August,1262,29,21,0,25,17,9,1261,494,12,3,11,21,18,0,481,50,51,26,39,9,35,46,90,11,24,41,76
2016,Shasta County,August,1699,21,26,0,16,26,0,1704,1,0,0,0,0,0,0,1,47,42,0,0,0,26,16,42,0,26,21,47
2016,Sierra County,August,26,0,0,0,2,0,0,24,11,0,0,0,0,0,0,11,0,2,0,0,0,0,2,2,0,0,0,0
2016,Siskiyou County,August,406,15,8,0,8,26,1,394,9,0,0,0,1,1,0,7,23,35,0,2,1,27,9,37,0,8,15,23
2016,Solano County,August,1699,45,0,0,4,10,6,1724,988,25,0,0,14,2,1,996,45,20,25,17,7,12,18,37,0,0,70,70
2016,Sonoma County,August,1951,86,67,2,78,68,5,1955,164,36,18,2,10,27,17,166,155,151,56,54,22,95,88,205,4,85,122,211
2016,Stanislaus County,August,5468,77,70,11,20,75,13,5518,450,109,91,0,12,185,2,451,158,108,200,199,15,260,32,307,11,161,186,358
2016,Sutter County,August,728,26,10,1,2,21,17,725,18,2,2,2,0,2,0,22,37,40,6,2,17,23,2,42,3,12,28,43
2016,Tehama County,August,807,30,2,0,1,1,5,832,71,2,0,0,0,0,0,73,32,7,2,0,5,1,1,7,0,2,32,34
2016,Trinity County,August,90,2,4,0,1,1,0,94,21,1,1,0,3,0,0,20,6,2,2,3,0,1,4,5,0,5,3,8
2016,Tulare County,August,3199,110,38,1,95,33,1,3219,387,44,57,0,41,50,0,397,149,129,101,91,1,83,136,220,1,95,154,250
2016,Tuolumne County,August,564,11,6,4,12,10,14,549,145,1,0,5,5,0,4,142,21,36,6,9,18,10,17,45,9,6,12,27
2016,Ventura County,August,2026,69,15,0,80,0,0,2030,6746,175,16,0,106,133,0,6698,84,80,191,239,0,133,186,319,0,31,244,275
2016,Yolo County,August,2695,36,18,0,35,16,340,2358,295,0,0,0,0,0,0,295,54,391,0,0,340,16,35,391,0,18,36,54
2016,Yuba County,August,19,31,11,4,56,0,7,2,8,0,0,0,2,0,0,6,46,63,0,2,7,0,58,65,4,11,31,46
2016,Alameda County,December,7453,106,39,104,132,175,32,7363,213,9,3,2,2,6,0,219,249,339,14,8,32,181,134,347,106,42,115,263
2016,Alpine County,December,24,0,0,0,0,1,0,23,66,1,1,0,0,0,0,68,0,1,2,0,0,1,0,1,0,1,1,2
2016,Amador County,December,230,10,2,7,6,7,0,236,1056,21,5,8,27,6,0,1057,19,13,34,33,0,13,33,46,15,7,31,53
2016,Butte County,December,1304,40,61,0,23,78,9,1295,363,21,19,0,14,29,1,359,101,110,40,44,10,107,37,154,0,80,61,141
2016,Calaveras County,December,239,9,7,1,5,8,4,239,144,7,6,0,3,7,2,145,17,17,13,12,6,15,8,29,1,13,16,30
2016,Colusa County,December,110,2,4,0,0,8,0,108,35,6,0,0,1,0,0,40,6,8,6,1,0,8,1,9,0,4,8,12
2016,Contra Costa County,December,3473,62,5,7,54,6,18,3469,0,0,0,0,0,0,0,0,74,78,0,0,18,6,54,78,7,5,62,74
2016,Del Norte County,December,156,0,0,0,0,0,0,156,104,0,0,0,0,0,0,104,0,0,0,0,0,0,0,0,0,0,0,0
2016,El Dorado County,December,929,31,4,0,35,14,0,915,117,6,0,0,2,1,0,120,35,49,6,3,0,15,37,52,0,4,37,41
2016,Fresno County,December,4948,132,100,0,95,150,2,4933,4337,104,97,3,35,101,1,4404,232,247,204,137,3,251,130,384,3,197,236,436
2016,Glenn County,December,161,15,3,6,3,6,4,172,78,9,2,0,1,4,1,83,24,13,11,6,5,10,4,19,6,5,24,35
2016,Humboldt County,December,1080,26,0,2,15,5,3,1085,19,0,0,0,0,0,0,19,28,23,0,0,3,5,15,23,2,0,26,28
2016,Imperial County,December,3173,25,31,0,28,34,0,3167,51,0,0,0,0,0,0,51,56,62,0,0,0,34,28,62,0,31,25,56
2016,Inyo County,December,172,4,8,1,0,4,1,180,124,7,6,0,5,3,0,129,13,5,13,8,1,7,5,13,1,14,11,26
2016,Kern County,December,7122,118,18,12,105,21,17,7127,0,0,0,0,0,0,0,0,148,143,0,0,17,21,105,143,12,18,118,148
2016,Kings County,December,1476,28,0,16,43,5,5,1467,1933,31,0,2,39,0,0,1927,44,53,33,39,5,5,82,92,18,0,59,77
2016,Lake County,December,550,15,4,2,25,1,2,543,81,4,0,0,3,0,0,82,21,28,4,3,2,1,28,31,2,4,19,25
2016,Lassen County,December,94,3,0,0,3,0,1,93,50,3,0,0,1,0,0,52,3,4,3,1,1,0,4,5,0,0,6,6
2016,Los Angeles County,December,44822,1023,295,0,484,653,56,44947,85,1,0,0,3,0,2,81,1318,1193,1,5,58,653,487,1198,0,295,1024,1319
2016,Madera County,December,2791,22,30,0,13,35,3,2792,531,23,11,0,4,13,0,548,52,51,34,17,3,48,17,68,0,41,45,86
2016,Marin County,December,1401,20,5,0,18,4,0,1404,796,14,7,0,22,12,0,783,25,22,21,34,0,16,40,56,0,12,34,46
2016,Mariposa County,December,99,5,1,4,0,1,1,107,169,8,6,0,1,5,1,176,10,2,14,7,2,6,1,9,4,7,13,24
2016,Mendocino County,December,701,18,20,0,13,13,15,698,145,3,3,0,4,3,1,143,38,41,6,8,16,16,17,49,0,23,21,44
2016,Merced County,December,2150,122,7,1,33,89,5,2153,0,0,0,0,0,0,0,0,130,127,0,0,5,89,33,127,1,7,122,130
2016,Modoc County,December,82,3,0,0,0,3,0,82,39,0,0,0,0,2,0,37,3,3,0,2,0,5,0,5,0,0,3,3
2016,Mono County,December,94,1,0,1,4,1,1,90,60,0,0,0,3,1,0,56,2,6,0,4,1,2,7,10,1,0,1,2
2016,Monterey County,December,1493,17,21,0,11,15,13,1492,213,4,0,1,10,0,1,207,38,39,5,11,14,15,21,50,1,21,21,43
2016,Napa County,December,708,20,34,0,17,38,13,694,1294,47,27,9,38,66,4,1269,54,68,83,108,17,104,55,176,9,61,67,137
2016,Nevada County,December,591,9,6,0,0,0,3,603,134,0,2,0,0,0,0,136,15,3,2,0,3,0,0,3,0,8,9,17
2016,Orange County,December,10312,367,329,26,468,224,182,10160,4172,48,13,0,7,17,0,4209,722,874,61,24,182,241,475,898,26,342,415,783
2016,Placer County,December,1951,52,1,0,13,12,20,1959,1264,44,1,0,8,10,22,1269,53,45,45,40,42,22,21,85,0,2,96,98
2016,Plumas County,December,72,3,2,0,1,3,2,71,114,4,3,1,2,6,1,113,5,6,8,9,3,9,3,15,1,5,7,13
2016,Riverside County,December,8583,384,172,11,242,337,0,8571,819,40,24,6,64,56,0,769,567,579,70,120,0,393,306,699,17,196,424,637
2016,Sacramento County,December,15059,249,0,0,242,0,0,15066,4734,76,0,1,93,0,0,4718,249,242,77,93,0,0,335,335,1,0,325,326
2016,San Benito County,December,281,6,5,1,1,13,2,277,135,5,1,1,2,4,0,136,12,16,7,6,2,17,3,22,2,6,11,19
2016,San Bernardino County,December,13576,643,1,72,448,262,0,13582,146,9,0,1,25,0,0,131,716,710,10,25,0,262,473,735,73,1,652,726
2016,San Diego County,December,9033,299,93,0,191,287,4,8943,829,26,4,0,36,25,1,797,392,482,30,62,5,312,227,544,0,97,325,422
2016,San Francisco County,December,2477,58,106,10,50,6,133,2462,1155,29,26,8,25,2,54,1137,174,189,63,81,187,8,75,270,18,132,87,237
2016,San Joaquin County,December,7994,103,37,9,21,65,4,8053,7537,106,65,1,21,89,1,7598,149,90,172,111,5,154,42,201,10,102,209,321
2016,San Luis Obispo County,December,1148,38,34,8,49,47,10,1122,826,40,48,0,36,67,11,800,80,106,88,114,21,114,85,220,8,82,78,168
2016,San Mateo County,December,2661,62,8,0,79,15,16,2621,1749,65,8,0,38,24,2,1758,70,110,73,64,18,39,117,174,0,16,127,143
2016,Santa Barbara County,December,2271,82,33,0,27,50,16,2293,1758,123,59,0,85,61,7,1787,115,93,182,153,23,111,112,246,0,92,205,297
2016,Santa Clara County,December,5584,492,196,354,172,225,616,5613,1983,282,136,266,85,167,377,2038,1042,1013,684,629,993,392,257,1642,620,332,774,1726
2016,Santa Cruz County,December,1215,18,19,0,24,14,14,1200,494,17,5,14,10,14,0,506,37,52,36,24,14,28,34,76,14,24,35,73
2016,Shasta County,December,1631,109,20,0,32,20,0,1708,1,0,0,0,0,0,0,1,129,52,0,0,0,20,32,52,0,20,109,129
2016,Sierra County,December,29,0,0,0,0,0,0,29,12,0,0,0,0,0,0,12,0,0,0,0,0,0,0,0,0,0,0,0
2016,Siskiyou County,December,381,12,11,0,7,24,0,373,8,0,0,0,0,0,0,8,23,31,0,0,0,24,7,31,0,11,12,23
2016,Solano County,December,1682,48,0,0,21,4,5,1700,991,17,0,0,11,2,0,995,48,30,17,13,5,6,32,43,0,0,65,65
2016,Sonoma County,December,1947,64,64,0,68,52,2,1953,163,25,13,1,13,18,19,152,128,122,39,50,21,70,81,172,1,77,89,167
2016,Stanislaus County,December,5619,78,63,23,20,60,9,5694,319,99,61,0,24,179,2,274,164,89,160,205,11,239,44,294,23,124,177,324
2016,Sutter County,December,723,17,9,2,0,20,17,714,16,1,2,0,1,5,0,13,28,37,3,6,17,25,1,43,2,11,18,31
2016,Tehama County,December,850,10,2,0,11,1,2,848,70,0,0,0,0,0,0,70,12,14,0,0,2,1,11,14,0,2,10,12
2016,Trinity County,December,87,1,3,0,2,5,2,82,21,0,1,0,1,1,0,20,4,9,1,2,2,6,3,11,0,4,1,5
2016,Tulare County,December,3146,57,57,21,129,46,4,3102,455,35,34,1,58,49,0,418,135,179,70,107,4,95,187,286,22,91,92,205
2016,Tuolumne County,December,505,12,1,4,2,13,1,506,129,1,0,3,7,1,0,125,17,16,4,8,1,14,9,24,7,1,13,21
2016,Ventura County,December,1981,46,25,0,54,0,0,1998,6625,184,19,0,126,168,0,6534,71,54,203,294,0,168,180,348,0,44,230,274
2016,Yolo County,December,2331,19,23,0,30,5,1,2337,287,0,0,77,0,8,0,356,42,36,77,8,1,13,30,44,77,23,19,119
2016,Yuba County,December,13,27,17,4,30,7,8,16,10,3,0,0,0,0,3,10,48,45,3,3,11,7,30,48,4,17,30,51
2016,Alameda County,February,8302,177,79,88,124,229,70,8223,191,9,3,5,5,6,0,197,344,423,17,11,70,235,129,434,93,82,186,361
2016,Alpine County,February,18,1,1,1,2,0,1,18,54,7,2,0,1,1,0,61,3,3,9,2,1,1,3,5,1,3,8,12
2016,Amador County,February,249,7,3,2,10,7,0,244,1084,30,5,0,24,7,7,1081,12,17,35,38,7,14,34,55,2,8,37,47
2016,Butte County,February,1008,35,17,0,17,38,10,995,311,25,11,0,19,23,2,303,52,65,36,44,12,61,36,109,0,28,60,88
2016,Calaveras County,February,243,5,3,1,1,9,1,241,154,5,5,0,4,10,1,149,9,11,10,15,2,19,5,26,1,8,10,19
2016,Colusa County,February,97,3,2,0,0,2,1,99,28,1,0,0,0,2,0,27,5,3,1,2,1,4,0,5,0,2,4,6
2016,Contra Costa County,February,3592,73,8,15,112,4,40,3532,2,0,0,0,0,0,0,2,96,156,0,0,40,4,112,156,15,8,73,96
2016,Del Norte County,February,170,5,4,1,1,5,1,173,108,5,6,1,4,7,0,109,10,7,12,11,1,12,5,18,2,10,10,22
2016,El Dorado County,February,970,9,7,0,0,1,0,985,115,5,0,0,0,1,0,119,16,1,5,1,0,2,0,2,0,7,14,21
2016,Fresno County,February,5141,117,122,0,115,171,1,5093,2595,132,59,23,111,31,1,2666,239,287,214,143,2,202,226,430,23,181,249,453
2016,Glenn County,February,149,8,2,3,6,5,1,150,58,4,2,0,0,4,1,59,13,12,6,5,2,9,6,17,3,4,12,19
2016,Humboldt County,February,1064,28,0,0,22,2,6,1062,22,1,0,0,0,0,0,23,28,30,1,0,6,2,22,30,0,0,29,29
2016,Imperial County,February,3012,31,14,0,10,14,0,3033,51,0,0,0,0,0,0,51,45,24,0,0,0,14,10,24,0,14,31,45
2016,Inyo County,February,137,4,6,2,6,11,1,131,101,4,12,0,8,9,0,100,12,18,16,17,1,20,14,35,2,18,8,28
2016,Kern County,February,7193,146,24,19,174,28,20,7160,0,0,0,0,0,0,0,0,189,222,0,0,20,28,174,222,19,24,146,189
2016,Kings County,February,2261,42,0,53,36,1,20,2299,1792,34,0,11,31,0,0,1806,95,57,45,31,20,1,67,88,64,0,76,140
2016,Lake County,February,619,22,1,0,0,5,0,637,145,1,0,0,1,0,0,145,23,5,1,1,0,5,1,6,0,1,23,24
2016,Lassen County,February,98,5,0,0,1,2,4,96,54,1,0,0,3,0,0,52,5,7,1,3,4,2,4,10,0,0,6,6
2016,Los Angeles County,February,45787,1066,324,0,501,654,30,45992,74,0,1,0,1,1,0,73,1390,1185,1,2,30,655,502,1187,0,325,1066,1391
2016,Madera County,February,2801,21,18,0,17,19,10,2794,516,18,11,0,2,23,1,519,39,46,29,26,11,42,19,72,0,29,39,68
2016,Marin County,February,1368,25,6,0,11,13,0,1375,832,22,5,0,33,5,0,821,31,24,27,38,0,18,44,62,0,11,47,58
2016,Mariposa County,February,117,3,4,0,6,4,0,114,169,6,7,0,5,8,0,169,7,10,13,13,0,12,11,23,0,11,9,20
2016,Mendocino County,February,636,22,11,0,11,12,0,646,132,4,9,0,1,12,0,132,33,23,13,13,0,24,12,36,0,20,26,46
2016,Merced County,February,2228,50,47,0,42,56,0,2227,0,0,0,0,0,0,0,0,97,98,0,0,0,56,42,98,0,47,50,97
2016,Modoc County,February,83,0,0,0,2,1,1,79,30,1,0,0,1,0,0,30,0,4,1,1,1,1,3,5,0,0,1,1
2016,Mono County,February,78,1,2,0,3,1,0,77,56,3,0,0,1,0,0,58,3,4,3,1,0,1,4,5,0,2,4,6
2016,Monterey County,February,1649,34,31,0,39,34,45,1596,245,2,3,2,6,8,0,238,65,118,7,14,45,42,45,132,2,34,36,72
2016,Napa County,February,915,29,32,0,17,42,14,903,1212,40,31,1,20,59,6,1199,61,73,72,85,20,101,37,158,1,63,69,133
2016,Nevada County,February,569,9,5,0,8,0,17,558,119,7,4,0,6,0,7,117,14,25,11,13,24,0,14,38,0,9,16,25
2016,Orange County,February,9359,362,248,4,337,321,95,9220,3821,68,7,0,22,31,0,3843,614,753,75,53,95,352,359,806,4,255,430,689
2016,Placer County,February,2109,50,2,0,25,45,25,2066,1117,56,0,0,9,14,13,1137,52,95,56,36,38,59,34,131,0,2,106,108
2016,Plumas County,February,93,2,6,1,4,5,0,93,113,6,4,0,5,9,0,109,9,9,10,14,0,14,9,23,1,10,8,19
2016,Riverside County,February,9370,338,155,6,370,256,0,9243,922,61,16,7,43,34,0,929,499,626,84,77,0,290,413,703,13,171,399,583
2016,Sacramento County,February,15205,277,0,0,313,0,0,15169,4939,122,0,0,124,0,4,4933,277,313,122,128,4,0,437,441,0,0,399,399
2016,San Benito County,February,259,9,2,0,3,8,2,257,112,8,1,0,3,3,2,113,11,13,9,8,4,11,6,21,0,3,17,20
2016,San Bernardino County,February,14138,591,0,87,357,267,2,14190,162,9,0,1,29,2,0,141,678,626,10,31,2,269,386,657,88,0,600,688
2016,San Diego County,February,9111,264,83,0,196,280,4,8978,640,27,7,0,25,15,2,632,347,480,34,42,6,295,221,522,0,90,291,381
2016,San Francisco County,February,2624,70,102,4,49,6,142,2603,1184,43,29,1,18,4,46,1189,176,197,73,68,188,10,67,265,5,131,113,249
2016,San Joaquin County,February,7158,79,86,16,0,105,2,7232,7159,100,64,0,1,60,1,7261,181,107,164,62,3,165,1,169,16,150,179,345
2016,San Luis Obispo County,February,1263,38,32,7,39,25,19,1257,848,44,31,0,26,39,7,851,77,83,75,72,26,64,65,155,7,63,82,152
2016,San Mateo County,February,3124,53,7,0,66,19,10,3089,1784,35,8,0,14,12,1,1800,60,95,43,27,11,31,80,122,0,15,88,103
2016,Santa Barbara County,February,2210,65,48,0,37,63,6,2217,1775,156,63,0,138,80,2,1774,113,106,219,220,8,143,175,326,0,111,221,332
2016,Santa Clara County,February,5916,572,175,167,216,184,521,5909,2165,300,152,161,135,139,323,2181,914,921,613,597,844,323,351,1518,328,327,872,1527
2016,Santa Cruz County,February,1470,27,25,0,25,22,64,1411,514,23,3,0,7,5,24,504,52,111,26,36,88,27,32,147,0,28,50,78
2016,Shasta County,February,1560,68,18,0,35,18,0,1593,6,0,0,0,0,0,0,6,86,53,0,0,0,18,35,53,0,18,68,86
2016,Sierra County,February,25,2,0,0,1,0,1,25,11,1,0,0,0,0,0,12,2,2,1,0,1,0,1,2,0,0,3,3
2016,Siskiyou County,February,419,8,20,0,7,10,1,429,8,0,0,0,0,0,0,8,28,18,0,0,1,10,7,18,0,20,8,28
2016,Solano County,February,1655,49,0,0,17,16,5,1666,983,20,0,0,15,0,3,985,49,38,20,18,8,16,32,56,0,0,69,69
2016,Sonoma County,February,1919,53,59,0,55,54,2,1920,216,22,14,1,19,20,22,192,112,111,37,61,24,74,74,172,1,73,75,149
2016,Stanislaus County,February,5178,72,51,67,12,68,33,5255,589,97,54,0,7,105,3,625,190,113,151,115,36,173,19,228,67,105,169,341
2016,Sutter County,February,728,25,7,3,1,15,15,732,18,0,2,1,0,2,2,17,35,31,3,4,17,17,1,35,4,9,25,38
2016,Tehama County,February,716,19,4,0,0,0,2,737,69,0,0,0,0,0,0,69,23,2,0,0,2,0,0,2,0,4,19,23
2016,Trinity County,February,98,4,1,0,4,5,1,93,18,1,2,0,1,2,0,18,5,10,3,3,1,7,5,13,0,3,5,8
2016,Tulare County,February,3491,77,34,25,121,51,19,3436,393,37,16,3,33,51,2,363,136,191,56,86,21,102,154,277,28,50,114,192
2016,Tuolumne County,February,372,10,22,16,25,39,18,338,297,3,0,4,21,9,0,274,48,82,7,30,18,48,46,112,20,22,13,55
2016,Ventura County,February,2011,64,56,0,55,0,0,2076,7121,208,28,0,85,68,0,7204,120,55,236,153,0,68,140,208,0,84,272,356
2016,Yolo County,February,2645,19,28,0,21,6,9,2656,210,0,0,0,0,0,0,210,47,36,0,0,9,6,21,36,0,28,19,47
2016,Yuba County,February,155,20,14,1,34,14,14,128,8,0,1,0,1,0,5,3,35,62,1,6,19,14,35,68,1,15,20,36
2016,Alameda County,January,8350,168,82,102,117,235,48,8302,193,9,1,0,4,5,3,191,352,400,10,12,51,240,121,412,102,83,177,362
2016,Alpine County,January,20,0,0,0,0,1,1,18,54,2,0,0,0,2,0,54,0,2,2,2,1,3,0,4,0,0,2,2
2016,Amador County,January,247,9,5,0,6,4,2,249,1080,21,3,6,21,5,0,1084,14,12,30,26,2,9,27,38,6,8,30,44
2016,Butte County,January,1001,56,20,0,33,46,9,989,317,26,14,0,17,32,1,307,76,88,40,50,10,78,50,138,0,34,82,116
2016,Calaveras County,January,244,4,4,1,5,3,2,243,154,7,5,1,3,10,0,154,9,10,13,13,2,13,8,23,2,9,11,22
2016,Colusa County,January,100,6,1,0,1,3,6,97,28,0,3,0,1,2,0,28,7,10,3,3,6,5,2,13,0,4,6,10
2016,Contra Costa County,January,3624,82,4,13,95,4,32,3592,2,0,0,0,0,0,0,2,99,131,0,0,32,4,95,131,13,4,82,99
2016,Del Norte County,January,148,8,0,16,1,0,1,170,90,5,0,18,5,0,0,108,24,2,23,5,1,0,6,7,34,0,13,47
2016,El Dorado County,January,968,23,8,0,0,6,1,992,114,4,0,0,0,3,0,115,31,7,4,3,1,9,0,10,0,8,27,35
2016,Fresno County,January,5227,179,131,0,177,218,1,5141,2488,94,56,32,28,42,5,2595,310,396,182,75,6,260,205,471,32,187,273,492
2016,Glenn County,January,146,11,2,0,1,6,3,149,60,2,3,0,1,5,1,58,13,10,5,7,4,11,2,17,0,5,13,18
2016,Humboldt County,January,1054,23,0,3,6,5,5,1064,22,0,0,0,0,0,0,22,26,16,0,0,5,5,6,16,3,0,23,26
2016,Imperial County,January,3000,35,29,0,17,35,0,3012,51,0,0,0,0,0,0,51,64,52,0,0,0,35,17,52,0,29,35,64
2016,Inyo County,January,152,4,12,0,7,21,3,137,107,3,11,0,6,14,0,101,16,31,14,20,3,35,13,51,0,23,7,30
2016,Kern County,January,7218,125,23,20,153,23,17,7193,0,0,0,0,0,0,0,0,168,193,0,0,17,23,153,193,20,23,125,168
2016,Kings County,January,2257,42,0,12,38,0,12,2261,1780,45,0,3,34,0,2,1792,54,50,48,36,14,0,72,86,15,0,87,102
2016,Lake County,January,619,13,4,0,2,16,0,618,140,4,1,0,0,0,0,145,17,18,5,0,0,16,2,18,0,5,17,22
2016,Lassen County,January,101,4,0,0,0,0,2,103,60,3,0,0,1,0,1,61,4,2,3,2,3,0,1,4,0,0,7,7
2016,Los Angeles County,January,45913,1164,277,0,585,578,71,46120,73,0,0,0,3,0,0,70,1441,1234,0,3,71,578,588,1237,0,277,1164,1441
2016,Madera County,January,2811,19,11,0,16,16,8,2801,538,9,3,0,9,21,4,516,30,40,12,34,12,37,25,74,0,14,28,42
2016,Marin County,January,1359,22,6,0,11,8,0,1368,826,22,5,0,13,8,0,832,28,19,27,21,0,16,24,40,0,11,44,55
2016,Mariposa County,January,110,9,3,0,2,3,0,117,169,8,6,0,7,7,0,169,12,5,14,14,0,10,9,19,0,9,17,26
2016,Mendocino County,January,636,19,7,0,8,18,0,636,128,5,7,0,2,6,0,132,26,26,12,8,0,24,10,34,0,14,24,38
2016,Merced County,January,2228,51,68,1,52,64,4,2228,0,0,0,0,0,0,0,0,120,120,0,0,4,64,52,120,1,68,51,120
2016,Modoc County,January,86,0,0,0,1,1,1,83,30,3,0,1,3,0,1,30,0,3,4,4,2,1,4,7,1,0,3,4
2016,Mono County,January,76,2,0,3,3,0,0,78,58,3,0,0,5,0,0,56,5,3,3,5,0,0,8,8,3,0,5,8
2016,Monterey County,January,1666,38,33,0,47,28,13,1649,248,7,3,0,11,2,0,245,71,88,10,13,13,30,58,101,0,36,45,81
2016,Napa County,January,930,22,14,10,13,42,6,915,1206,46,33,29,16,76,10,1212,46,61,108,102,16,118,29,163,39,47,68,154
2016,Nevada County,January,576,14,6,0,6,3,18,569,112,6,4,0,0,0,3,119,20,27,10,3,21,3,6,30,0,10,20,30
2016,Orange County,January,9456,435,162,2,306,255,135,9359,3795,56,6,0,11,25,0,3821,599,696,62,36,135,280,317,732,2,168,491,661
2016,Placer County,January,2165,58,0,0,14,21,36,2152,1094,49,0,0,3,9,18,1113,58,71,49,30,54,30,17,101,0,0,107,107
2016,Plumas County,January,101,2,4,0,7,7,0,93,115,6,6,0,5,7,2,113,6,14,12,14,2,14,12,28,0,10,8,18
2016,Riverside County,January,9527,308,142,0,362,245,0,9370,933,47,21,6,43,42,0,922,450,607,74,85,0,287,405,692,6,163,355,524
2016,Sacramento County,January,15217,316,0,0,328,0,0,15205,4935,109,0,14,119,0,0,4939,316,328,123,119,0,0,447,447,14,0,425,439
2016,San Benito County,January,255,13,0,0,5,3,1,259,111,4,1,0,0,4,0,112,13,9,5,4,1,7,5,13,0,1,17,18
2016,San Bernardino County,January,14250,752,1,74,319,303,2,14453,142,9,0,1,24,2,0,126,827,624,10,26,2,305,343,650,75,1,761,837
2016,San Diego County,January,9094,330,103,0,210,203,3,9111,665,22,4,0,31,20,0,640,433,416,26,51,3,223,241,467,0,107,352,459
2016,San Francisco County,January,2655,71,94,3,40,8,151,2624,1199,33,24,2,16,4,54,1184,168,199,59,74,205,12,56,273,5,118,104,227
2016,San Joaquin County,January,7082,94,73,15,30,71,5,7158,7095,83,58,3,13,65,2,7159,182,106,144,80,7,136,43,186,18,131,177,326
2016,San Luis Obispo County,January,1291,35,30,5,39,47,12,1263,848,41,28,0,27,39,3,848,70,98,69,69,15,86,66,167,5,58,76,139
2016,San Mateo County,January,3165,45,15,0,72,17,12,3124,1784,37,0,0,19,16,2,1784,60,101,37,37,14,33,91,138,0,15,82,97
2016,Santa Barbara County,January,2218,84,48,0,31,59,8,2252,1820,135,57,0,100,63,3,1846,132,98,192,166,11,122,131,264,0,105,219,324
2016,Santa Clara County,January,5931,471,172,346,243,224,537,5916,2167,240,156,200,111,186,301,2165,989,1004,596,598,838,410,354,1602,546,328,711,1585
2016,Santa Cruz County,January,1479,26,28,0,31,8,24,1470,513,22,4,0,17,2,6,514,54,63,26,25,30,10,48,88,0,32,48,80
2016,Shasta County,January,1529,63,11,0,32,11,0,1560,6,0,0,0,0,0,0,6,74,43,0,0,0,11,32,43,0,11,63,74
2016,Sierra County,January,24,0,0,1,0,0,0,25,11,0,0,0,0,0,0,11,1,0,0,0,0,0,0,0,1,0,0,1
2016,Siskiyou County,January,406,21,13,0,7,14,0,419,9,0,0,0,0,1,0,8,34,21,0,1,0,15,7,22,0,13,21,34
2016,Solano County,January,1649,48,0,0,18,6,3,1670,986,18,0,0,16,3,3,982,48,27,18,22,6,9,34,49,0,0,66,66
2016,Sonoma County,January,1924,57,37,0,55,44,0,1919,223,24,12,3,11,21,14,216,94,99,39,46,14,65,66,145,3,49,81,133
2016,Stanislaus County,January,5153,88,43,41,8,57,82,5178,592,60,61,0,8,114,2,589,172,147,121,124,84,171,16,271,41,104,148,293
2016,Sutter County,January,734,19,12,4,0,23,18,728,21,2,0,0,0,3,2,18,35,41,2,5,20,26,0,46,4,12,21,37
2016,Tehama County,January,703,15,1,0,0,1,2,716,66,2,1,0,0,0,0,69,16,3,3,0,2,1,0,3,0,2,17,19
2016,Trinity County,January,101,4,1,0,1,5,2,98,17,1,2,0,0,2,0,18,5,8,3,2,2,7,1,10,0,3,5,8
2016,Tulare County,January,3604,64,38,2,112,66,39,3491,358,78,17,0,36,11,13,393,104,217,95,60,52,77,148,277,2,55,142,199
2016,Tuolumne County,January,393,18,16,8,19,27,17,372,309,3,0,13,24,2,2,297,42,63,16,28,19,29,43,91,21,16,21,58
2016,Ventura County,January,1988,97,5,0,36,34,0,2020,7116,186,39,0,64,125,0,7152,102,70,225,189,0,159,100,259,0,44,283,327
2016,Yolo County,January,2628,28,31,2,30,12,2,2645,210,0,0,0,0,0,0,210,61,44,0,0,2,12,30,44,2,31,28,61
2016,Yuba County,January,179,26,10,1,35,14,12,155,9,1,0,0,1,0,1,8,37,61,1,2,13,14,36,63,1,10,27,38
2016,Alameda County,July,7801,209,69,93,113,227,63,7769,210,9,1,1,6,12,0,203,371,403,11,18,63,239,119,421,94,70,218,382
2016,Alpine County,July,24,1,0,1,0,1,0,25,59,1,1,0,1,0,0,60,2,1,2,1,0,1,1,2,1,1,2,4
2016,Amador County,July,234,5,4,4,2,9,0,236,1046,21,2,3,16,5,0,1051,13,11,26,21,0,14,18,32,7,6,26,39
2016,Butte County,July,1314,35,57,0,29,77,9,1291,363,21,11,0,15,25,2,353,92,115,32,42,11,102,44,157,0,68,56,124
2016,Calaveras County,July,247,7,3,0,9,11,2,235,160,6,7,0,3,10,0,160,10,22,13,13,2,21,12,35,0,10,13,23
2016,Colusa County,July,108,5,4,2,1,6,3,109,28,2,2,0,0,1,0,31,11,10,4,1,3,7,1,11,2,6,7,15
2016,Contra Costa County,July,3538,94,7,14,88,6,56,3503,1,0,0,0,0,0,0,1,115,150,0,0,56,6,88,150,14,7,94,115
2016,Del Norte County,July,169,3,2,0,4,6,0,164,101,0,0,0,4,5,0,92,5,10,0,9,0,11,8,19,0,2,3,5
2016,El Dorado County,July,933,32,1,0,18,8,0,940,113,8,1,0,3,2,0,117,33,26,9,5,0,10,21,31,0,2,40,42
2016,Fresno County,July,4941,160,128,1,151,167,3,4909,3415,137,122,13,32,43,1,3611,289,321,272,76,4,210,183,397,14,250,297,561
2016,Glenn County,July,141,7,1,27,2,3,0,171,49,7,1,1,4,2,0,52,35,5,9,6,0,5,6,11,28,2,14,44
2016,Humboldt County,July,1065,27,0,2,20,4,1,1069,19,0,0,0,0,0,0,19,29,25,0,0,1,4,20,25,2,0,27,29
2016,Imperial County,July,3116,42,18,0,20,20,0,3136,51,0,0,0,0,0,0,51,60,40,0,0,0,20,20,40,0,18,42,60
2016,Inyo County,July,158,5,2,0,1,2,2,160,113,6,0,0,3,1,4,111,7,5,6,8,6,3,4,13,0,2,11,13
2016,Kern County,July,7186,130,18,14,156,24,21,7147,0,0,0,0,0,0,0,0,162,201,0,0,21,24,156,201,14,18,130,162
2016,Kings County,July,2032,36,0,36,40,0,37,2027,1814,49,0,3,51,0,5,1810,72,77,52,56,42,0,91,133,39,0,85,124
2016,Lake County,July,544,16,5,0,7,4,0,554,110,0,0,0,2,0,0,108,21,11,0,2,0,4,9,13,0,5,16,21
2016,Lassen County,July,95,4,0,0,2,0,0,97,59,0,0,0,2,0,0,57,4,2,0,2,0,0,4,4,0,0,4,4
2016,Los Angeles County,July,45010,1050,257,0,548,677,38,45054,74,1,0,0,1,2,0,72,1307,1263,1,3,38,679,549,1266,0,257,1051,1308
2016,Madera County,July,2764,43,24,0,7,33,3,2788,512,25,11,0,1,12,1,534,67,43,36,14,4,45,8,57,0,35,68,103
2016,Marin County,July,1413,22,6,0,22,10,0,1409,865,11,3,0,4,27,0,848,28,32,14,31,0,37,26,63,0,9,33,42
2016,Mariposa County,July,107,1,2,1,3,3,2,103,170,7,7,0,4,5,1,174,4,8,14,10,3,8,7,18,1,9,8,18
2016,Mendocino County,July,645,22,16,0,10,19,6,648,133,6,6,0,6,5,0,134,38,35,12,11,6,24,16,46,0,22,28,50
2016,Merced County,July,2247,149,11,0,41,109,7,2250,0,0,0,0,0,0,0,0,160,157,0,0,7,109,41,157,0,11,149,160
2016,Modoc County,July,77,1,0,0,2,0,0,76,36,6,0,0,1,0,0,41,1,2,6,1,0,0,3,3,0,0,7,7
2016,Mono County,July,95,5,0,0,0,2,3,95,55,3,0,0,1,0,3,54,5,5,3,4,6,2,1,9,0,0,8,8
2016,Monterey County,July,1550,15,20,0,11,18,25,1531,220,3,3,0,10,3,1,212,35,54,6,14,26,21,21,68,0,23,18,41
2016,Napa County,July,744,18,21,14,12,44,7,734,1255,51,23,33,22,66,11,1263,53,63,107,99,18,110,34,162,47,44,69,160
2016,Nevada County,July,544,12,8,0,6,1,10,547,117,5,3,0,2,0,8,115,20,17,8,10,18,1,8,27,0,11,17,28
2016,Orange County,July,10175,630,250,28,256,304,89,10434,4097,95,29,0,31,53,0,4137,908,649,124,84,89,357,287,733,28,279,725,1032
2016,Placer County,July,1979,42,1,0,9,30,27,1956,1215,53,0,0,11,11,12,1234,43,66,53,34,39,41,20,100,0,1,95,96
2016,Plumas County,July,85,0,4,0,1,5,1,82,122,2,8,0,9,11,2,110,4,7,10,22,3,16,10,29,0,12,2,14
2016,Riverside County,July,8859,331,197,6,260,336,0,8797,859,61,21,0,37,58,5,841,534,596,82,100,5,394,297,696,6,218,392,616
2016,Sacramento County,July,15190,267,0,0,291,0,0,15166,4881,96,0,0,89,0,0,4888,267,291,96,89,0,0,380,380,0,0,363,363
2016,San Benito County,July,273,5,2,0,2,6,4,268,132,4,1,2,2,5,1,131,7,12,7,8,5,11,4,20,2,3,9,14
2016,San Bernardino County,July,13936,735,0,62,371,225,1,14136,171,0,0,1,0,0,28,144,797,597,1,28,29,225,371,625,63,0,735,798
2016,San Diego County,July,8863,298,70,0,189,202,6,8834,662,32,1,0,24,11,0,660,368,397,33,35,6,213,213,432,0,71,330,401
2016,San Francisco County,July,2550,73,110,7,43,15,169,2513,1166,28,30,4,11,1,50,1166,190,227,62,62,219,16,54,289,11,140,101,252
2016,San Joaquin County,July,7430,115,51,27,56,53,7,7507,7286,93,23,0,40,48,1,7313,193,116,116,89,8,101,96,205,27,74,208,309
2016,San Luis Obispo County,July,1196,50,30,14,41,32,1,1216,828,48,38,0,38,41,2,833,94,74,86,81,3,73,79,155,14,68,98,180
2016,San Mateo County,July,2906,46,20,0,73,29,9,2861,1786,42,8,0,22,13,1,1800,66,111,50,36,10,42,95,147,0,28,88,116
2016,Santa Barbara County,July,2253,85,50,0,34,43,24,2287,1806,157,55,0,94,72,4,1848,135,101,212,170,28,115,128,271,0,105,242,347
2016,Santa Clara County,July,5686,527,187,460,185,240,716,5719,2013,255,133,247,124,180,324,2020,1174,1141,635,628,1040,420,309,1769,707,320,782,1809
2016,Santa Cruz County,July,1285,27,21,0,26,16,29,1262,493,21,6,8,11,23,0,494,48,71,35,34,29,39,37,105,8,27,48,83
2016,Shasta County,July,1699,37,16,0,37,16,0,1699,1,0,0,0,0,0,0,1,53,53,0,0,0,16,37,53,0,16,37,53
2016,Sierra County,July,26,0,0,0,0,0,0,26,12,0,0,0,1,0,0,11,0,0,0,1,0,0,1,1,0,0,0,0
2016,Siskiyou County,July,419,10,9,0,12,17,3,406,10,0,0,0,1,0,0,9,19,32,0,1,3,17,13,33,0,9,10,19
2016,Solano County,July,1694,42,0,0,17,11,10,1698,985,26,0,0,16,1,3,991,42,38,26,20,13,12,33,58,0,0,68,68
2016,Sonoma County,July,1960,63,55,0,58,68,1,1951,168,25,28,1,15,20,23,164,118,127,54,58,24,88,73,185,1,83,88,172
2016,Stanislaus County,July,5450,27,55,16,11,51,18,5468,494,62,81,0,12,174,1,450,98,80,143,187,19,225,23,267,16,136,89,241
2016,Sutter County,July,733,14,7,0,1,15,10,728,21,0,0,0,1,2,0,18,21,26,0,3,10,17,2,29,0,7,14,21
2016,Tehama County,July,802,7,0,0,1,0,1,807,71,0,0,0,0,0,0,71,7,2,0,0,1,0,1,2,0,0,7,7
2016,Trinity County,July,96,2,2,0,2,4,4,90,20,3,0,0,0,2,0,21,4,10,3,2,4,6,2,12,0,2,5,7
2016,Tulare County,July,3222,83,41,6,95,58,0,3199,388,60,20,0,34,47,0,387,130,153,80,81,0,105,129,234,6,61,143,210
2016,Tuolumne County,July,277,17,4,23,16,19,13,273,210,3,0,8,12,5,1,203,44,48,11,18,14,24,28,66,31,4,20,55
2016,Ventura County,July,2036,69,22,0,77,0,0,2050,6783,175,17,0,103,109,0,6763,91,77,192,212,0,109,180,289,0,39,244,283
2016,Yolo County,July,2702,17,17,0,40,1,0,2695,295,0,0,0,0,0,0,295,34,41,0,0,0,1,40,41,0,17,17,34
2016,Yuba County,July,48,27,0,0,44,0,12,19,10,1,0,0,1,0,2,8,27,56,1,3,14,0,45,59,0,0,28,28
2016,Alameda County,June,7898,188,89,113,128,263,96,7801,213,8,1,1,6,5,2,210,390,487,10,13,98,268,134,500,114,90,196,400
2016,Alpine County,June,26,1,0,0,2,1,0,24,59,1,2,0,3,0,0,59,1,3,3,3,0,1,5,6,0,2,2,4
2016,Amador County,June,235,6,7,0,6,8,0,234,1061,27,3,1,42,4,0,1046,13,14,31,46,0,12,48,60,1,10,33,44
2016,Butte County,June,1309,38,55,0,29,69,11,1293,362,23,15,0,23,28,3,346,93,109,38,54,14,97,52,163,0,70,61,131
2016,Calaveras County,June,243,6,9,4,5,6,4,247,157,7,4,0,3,3,2,160,19,15,11,8,6,9,8,23,4,13,13,30
2016,Colusa County,June,110,1,2,5,3,3,4,108,28,1,1,1,0,3,0,28,8,10,3,3,4,6,3,13,6,3,2,11
2016,Contra Costa County,June,3511,94,8,13,51,7,30,3538,2,0,0,0,1,0,0,1,115,88,0,1,30,7,52,89,13,8,94,115
2016,Del Norte County,June,169,5,6,0,4,6,1,169,99,5,3,1,1,5,1,101,11,11,9,7,2,11,5,18,1,9,10,20
2016,El Dorado County,June,941,25,2,0,26,5,1,936,110,6,1,0,5,3,0,109,27,32,7,8,1,8,31,40,0,3,31,34
2016,Fresno County,June,4858,211,118,0,106,140,0,4941,3113,195,149,22,22,41,1,3415,329,246,366,64,1,181,128,310,22,267,406,695
2016,Glenn County,June,146,4,1,0,1,7,2,141,54,1,0,0,1,4,1,49,5,10,1,6,3,11,2,16,0,1,5,6
2016,Humboldt County,June,1053,32,0,4,16,8,0,1065,22,0,0,0,2,0,1,19,36,24,0,3,1,8,18,27,4,0,32,36
2016,Imperial County,June,3105,46,30,0,29,36,0,3116,51,0,0,0,0,0,0,51,76,65,0,0,0,36,29,65,0,30,46,76
2016,Inyo County,June,153,6,2,1,0,3,1,158,108,6,2,0,1,2,0,113,9,4,8,3,1,5,1,7,1,4,12,17
2016,Kern County,June,7186,151,21,18,147,23,19,7187,0,0,0,0,0,0,0,0,190,189,0,0,19,23,147,189,18,21,151,190
2016,Kings County,June,2067,28,12,0,50,0,25,2032,1807,59,0,10,45,0,17,1814,40,75,69,62,42,0,95,137,10,12,87,109
2016,Lake County,June,553,15,7,0,10,20,1,544,113,3,0,0,3,2,0,111,22,31,3,5,1,22,13,36,0,7,18,25
2016,Lassen County,June,97,1,0,1,3,4,2,90,56,0,1,0,0,3,1,53,2,9,1,4,3,7,3,13,1,1,1,3
2016,Los Angeles County,June,45130,1234,340,0,599,752,50,45303,76,5,0,0,2,0,0,79,1574,1401,5,2,50,752,601,1403,0,340,1239,1579
2016,Madera County,June,2761,33,27,0,19,30,8,2764,509,21,10,0,8,19,1,512,60,57,31,28,9,49,27,85,0,37,54,91
2016,Marin County,June,1408,32,8,0,31,4,0,1413,854,26,7,0,15,7,0,865,40,35,33,22,0,11,46,57,0,15,58,73
2016,Mariposa County,June,104,3,4,5,3,4,2,107,174,3,7,0,5,7,2,170,12,9,10,14,4,11,8,23,5,11,6,22
2016,Mendocino County,June,637,24,15,0,10,18,3,645,127,8,6,0,0,6,1,134,39,31,14,7,4,24,10,38,0,21,32,53
2016,Merced County,June,2197,63,83,2,61,85,3,2196,0,0,0,0,0,0,0,0,148,149,0,0,3,85,61,149,2,83,63,148
2016,Modoc County,June,76,5,0,2,5,0,1,77,37,2,0,0,1,2,0,36,7,6,2,3,1,2,6,9,2,0,7,9
2016,Mono County,June,92,4,0,0,1,0,0,95,53,3,0,0,1,0,0,55,4,1,3,1,0,0,2,2,0,0,7,7
2016,Monterey County,June,1582,27,21,0,35,32,13,1550,225,1,4,0,6,0,4,220,48,80,5,10,17,32,41,90,0,25,28,53
2016,Napa County,June,796,31,26,0,15,48,46,744,1244,45,33,52,41,78,0,1255,57,109,130,119,46,126,56,228,52,59,76,187
2016,Nevada County,June,551,7,3,0,4,4,9,544,115,4,3,0,1,0,4,117,10,17,7,5,13,4,5,22,0,6,11,17
2016,Orange County,June,9788,670,309,11,276,229,98,10175,3984,112,39,0,20,18,0,4097,990,603,151,38,98,247,296,641,11,348,782,1141
2016,Placer County,June,2035,43,1,0,14,27,30,2008,1192,47,1,0,3,19,18,1200,44,71,48,40,48,46,17,111,0,2,90,92
2016,Plumas County,June,83,6,5,0,2,6,1,85,116,10,10,0,4,10,0,122,11,9,20,14,1,16,6,23,0,15,16,31
2016,Riverside County,June,8857,444,169,9,330,290,0,8859,866,81,24,0,49,56,7,859,622,620,105,112,7,346,379,732,9,193,525,727
2016,Sacramento County,June,15110,361,0,0,281,0,0,15190,4882,105,0,4,110,0,0,4881,361,281,109,110,0,0,391,391,4,0,466,470
2016,San Benito County,June,269,8,5,7,5,5,6,273,124,4,6,5,1,4,2,132,20,16,15,7,8,9,6,23,12,11,12,35
2016,San Bernardino County,June,13943,767,0,68,341,237,3,14197,169,5,0,2,27,0,0,149,835,581,7,27,3,237,368,608,70,0,772,842
2016,San Diego County,June,8855,269,95,0,177,237,2,8803,637,45,2,0,23,7,0,654,364,416,47,30,2,244,200,446,0,97,314,411
2016,San Francisco County,June,2569,74,135,12,45,10,185,2550,1188,33,29,5,20,1,68,1166,221,240,67,89,253,11,65,329,17,164,107,288
2016,San Joaquin County,June,7400,86,83,22,69,70,22,7430,7320,114,86,1,186,42,7,7286,191,161,201,235,29,112,255,396,23,169,200,392
2016,San Luis Obispo County,June,1186,55,45,24,56,40,18,1196,853,40,26,0,44,38,9,828,124,114,66,91,27,78,100,205,24,71,95,190
2016,San Mateo County,June,2967,50,19,0,85,34,11,2906,1783,37,8,0,19,22,1,1786,69,130,45,42,12,56,104,172,0,27,87,114
2016,Santa Barbara County,June,2250,90,36,0,40,60,8,2268,1764,176,48,0,107,66,5,1810,126,108,224,178,13,126,147,286,0,84,266,350
2016,Santa Clara County,June,5727,618,212,284,230,201,724,5686,2099,298,121,190,142,191,362,2013,1114,1155,609,695,1086,392,372,1850,474,333,916,1723
2016,Santa Cruz County,June,1351,34,16,0,20,16,80,1285,487,19,3,6,11,11,0,493,50,116,28,22,80,27,31,138,6,19,53,78
2016,Shasta County,June,1664,72,26,0,37,26,0,1699,1,0,0,0,0,0,0,1,98,63,0,0,0,26,37,63,0,26,72,98
2016,Sierra County,June,27,0,0,0,1,0,0,26,14,0,0,0,2,0,0,12,0,1,0,2,0,0,3,3,0,0,0,0
2016,Siskiyou County,June,429,13,16,0,13,24,2,419,8,2,0,0,0,0,0,10,29,39,2,0,2,24,13,39,0,16,15,31
2016,Solano County,June,1696,62,0,0,21,11,8,1718,996,23,0,0,18,2,3,996,62,40,23,23,11,13,39,63,0,0,85,85
2016,Sonoma County,June,1952,77,50,0,49,68,2,1960,175,28,23,1,12,19,28,168,127,119,52,59,30,87,61,178,1,73,105,179
2016,Stanislaus County,June,5433,31,77,27,18,77,23,5450,511,82,95,0,9,180,5,494,135,118,177,194,28,257,27,312,27,172,113,312
2016,Sutter County,June,738,18,10,1,2,13,19,733,18,1,2,1,1,0,0,21,29,34,4,1,19,13,3,35,2,12,19,33
2016,Tehama County,June,786,22,0,0,2,1,3,802,70,1,1,0,0,0,1,71,22,6,2,1,4,1,2,7,0,1,23,24
2016,Trinity County,June,100,7,5,0,2,10,4,96,18,1,1,0,0,0,0,20,12,16,2,0,4,10,2,16,0,6,8,14
2016,Tulare County,June,3281,97,48,3,113,64,30,3222,379,38,56,0,36,49,0,388,148,207,94,85,30,113,149,292,3,104,135,242
2016,Tuolumne County,June,273,14,24,25,16,21,22,277,225,0,1,4,13,1,6,210,63,59,5,20,28,22,29,79,29,25,14,68
2016,Ventura County,June,2090,73,4,0,81,21,0,2065,6735,247,22,0,99,71,0,6834,77,102,269,170,0,92,180,272,0,26,320,346
2016,Yolo County,June,2700,10,21,0,24,5,0,2702,295,0,0,0,0,0,0,295,31,29,0,0,0,5,24,29,0,21,10,31
2016,Yuba County,June,92,23,11,1,52,13,14,48,1,3,11,0,4,0,1,10,35,79,14,5,15,13,56,84,1,22,26,49
2016,Alameda County,March,8223,232,97,105,133,212,90,8222,197,8,0,5,3,6,2,199,434,435,13,11,92,218,136,446,110,97,240,447
2016,Alpine County,March,18,5,2,1,0,0,1,25,61,2,2,1,0,3,0,63,8,1,5,3,1,3,0,4,2,4,7,13
2016,Amador County,March,244,5,5,3,8,9,0,240,1081,31,8,3,38,11,0,1074,13,17,42,49,0,20,46,66,6,13,36,55
2016,Butte County,March,924,43,38,0,24,34,9,938,309,20,15,0,19,26,2,297,81,67,35,47,11,60,43,114,0,53,63,116
2016,Calaveras County,March,241,5,8,0,8,8,0,238,149,11,5,0,0,15,0,150,13,16,16,15,0,23,8,31,0,13,16,29
2016,Colusa County,March,99,8,3,0,2,5,1,102,27,4,0,0,1,2,0,28,11,8,4,3,1,7,3,11,0,3,12,15
2016,Contra Costa County,March,3532,83,7,13,78,3,28,3526,2,0,0,0,0,0,0,2,103,109,0,0,28,3,78,109,13,7,83,103
2016,Del Norte County,March,173,8,3,0,9,2,2,171,109,4,4,2,9,4,0,106,11,13,10,13,2,6,18,26,2,7,12,21
2016,El Dorado County,March,956,17,4,0,5,5,2,965,103,9,0,0,0,0,0,112,21,12,9,0,2,5,5,12,0,4,26,30
2016,Fresno County,March,5093,191,158,0,255,226,3,4958,2666,146,110,31,33,67,3,2850,349,484,287,103,6,293,288,587,31,268,337,636
2016,Glenn County,March,150,4,3,0,3,9,1,144,59,4,3,0,3,3,0,60,7,13,7,6,1,12,6,19,0,6,8,14
2016,Humboldt County,March,1062,26,0,4,7,6,5,1074,23,1,0,0,0,0,0,24,30,18,1,0,5,6,7,18,4,0,27,31
2016,Imperial County,March,3033,48,24,0,29,37,0,3039,51,0,0,0,0,0,0,51,72,66,0,0,0,37,29,66,0,24,48,72
2016,Inyo County,March,131,11,8,0,3,4,0,143,100,4,6,0,7,3,0,100,19,7,10,10,0,7,10,17,0,14,15,29
2016,Kern County,March,7160,166,25,18,146,21,16,7186,0,0,0,0,0,0,0,0,209,183,0,0,16,21,146,183,18,25,166,209
2016,Kings County,March,2299,32,0,109,57,0,131,2252,1806,41,0,50,41,0,55,1801,141,188,91,96,186,0,98,284,159,0,73,232
2016,Lake County,March,625,18,10,0,3,8,0,642,146,3,0,0,2,0,0,147,28,11,3,2,0,8,5,13,0,10,21,31
2016,Lassen County,March,95,6,0,0,4,1,0,96,52,8,1,0,4,1,0,56,6,5,9,5,0,2,8,10,0,1,14,15
2016,Los Angeles County,March,45609,1190,333,0,559,757,41,45775,74,2,0,0,3,0,1,72,1523,1357,2,4,42,757,562,1361,0,333,1192,1525
2016,Madera County,March,2794,18,23,0,22,26,19,2768,519,24,10,0,9,27,3,514,41,67,34,39,22,53,31,106,0,33,42,75
2016,Marin County,March,1375,21,5,0,18,3,0,1380,821,30,7,0,13,12,0,833,26,21,37,25,0,15,31,46,0,12,51,63
2016,Mariposa County,March,114,8,2,0,9,4,0,111,169,5,5,0,8,5,0,166,10,13,10,13,0,9,17,26,0,7,13,20
2016,Mendocino County,March,641,25,15,0,10,19,1,651,130,5,12,0,5,12,0,130,40,30,17,17,1,31,15,47,0,27,30,57
2016,Merced County,March,2221,71,62,0,36,93,1,2224,0,0,0,0,0,0,0,0,133,130,0,0,1,93,36,130,0,62,71,133
2016,Modoc County,March,79,0,0,1,4,3,1,72,30,4,0,0,0,0,0,34,1,8,4,0,1,3,4,8,1,0,4,5
2016,Mono County,March,77,9,3,0,0,1,2,86,58,1,2,0,4,1,0,56,12,3,3,5,2,2,4,8,0,5,10,15
2016,Monterey County,March,1596,50,31,0,37,34,0,1606,238,11,8,0,9,1,4,243,81,71,19,14,4,35,46,85,0,39,61,100
2016,Napa County,March,903,34,33,12,18,56,4,904,1199,48,33,35,34,81,8,1192,79,78,116,123,12,137,52,201,47,66,82,195
2016,Nevada County,March,558,11,4,0,6,2,11,554,117,5,2,0,1,0,6,117,15,19,7,7,17,2,7,26,0,6,16,22
2016,Orange County,March,9220,554,242,46,363,314,162,9223,3843,82,18,0,30,36,1,3876,842,839,100,67,163,350,393,906,46,260,636,942
2016,Placer County,March,2094,58,1,0,16,46,24,2067,1148,72,0,0,7,17,10,1186,59,86,72,34,34,63,23,120,0,1,130,131
2016,Plumas County,March,93,5,3,0,4,5,0,92,109,10,8,0,9,7,0,111,8,9,18,16,0,12,13,25,0,11,15,26
2016,Riverside County,March,9243,399,176,16,401,344,0,9089,929,64,41,5,50,70,0,919,591,745,110,120,0,414,451,865,21,217,463,701
2016,Sacramento County,March,15169,284,0,0,341,0,0,15112,4933,103,0,5,141,0,0,4900,284,341,108,141,0,0,482,482,5,0,387,392
2016,San Benito County,March,257,27,4,0,5,9,3,271,113,12,1,1,1,3,0,123,31,17,14,4,3,12,6,21,1,5,39,45
2016,San Bernardino County,March,13909,814,0,87,407,272,0,14131,154,8,0,1,19,2,0,142,901,679,9,21,0,274,426,700,88,0,822,910
2016,San Diego County,March,8978,291,119,0,218,308,1,8861,632,36,5,0,35,17,0,621,410,527,41,52,1,325,253,579,0,124,327,451
2016,San Francisco County,March,2603,81,110,10,44,8,168,2584,1189,42,25,3,14,3,63,1179,201,220,70,80,231,11,58,300,13,135,123,271
2016,San Joaquin County,March,7232,99,47,30,29,96,4,7279,7261,98,47,4,19,78,0,7313,176,129,149,97,4,174,48,226,34,94,197,325
2016,San Luis Obispo County,March,1257,32,33,4,47,28,14,1237,851,32,42,0,49,40,7,829,69,89,74,96,21,68,96,185,4,75,64,143
2016,San Mateo County,March,3089,61,21,0,83,32,14,3042,1800,38,6,0,28,8,4,1804,82,129,44,40,18,40,111,169,0,27,99,126
2016,Santa Barbara County,March,2194,67,51,0,34,69,7,2202,1752,173,62,0,125,77,2,1783,118,110,235,204,9,146,159,314,0,113,240,353
2016,Santa Clara County,March,5909,565,166,209,231,229,636,5753,2181,341,171,256,131,209,505,2104,940,1096,768,845,1141,438,362,1941,465,337,906,1708
2016,Santa Cruz County,March,1411,37,25,0,25,13,63,1372,504,32,7,0,6,0,15,522,62,101,39,21,78,13,31,122,0,32,69,101
2016,Shasta County,March,1593,65,17,0,44,17,0,1614,6,0,0,0,0,0,0,6,82,61,0,0,0,17,44,61,0,17,65,82
2016,Sierra County,March,25,2,0,0,1,0,0,26,12,0,0,0,1,0,0,11,2,1,0,1,0,0,2,2,0,0,2,2
2016,Siskiyou County,March,429,21,12,0,4,28,2,428,8,0,0,0,0,0,0,8,33,34,0,0,2,28,4,34,0,12,21,33
2016,Solano County,March,1697,50,0,0,16,12,3,1716,993,26,0,0,15,2,5,997,50,31,26,22,8,14,31,53,0,0,76,76
2016,Sonoma County,March,1920,76,55,0,62,64,2,1923,192,25,21,0,14,23,24,177,131,128,46,61,26,87,76,189,0,76,101,177
2016,Stanislaus County,March,5255,72,69,33,11,78,30,5310,625,68,69,0,39,159,1,563,174,119,137,199,31,237,50,318,33,138,140,311
2016,Sutter County,March,732,20,6,3,0,14,13,734,17,3,1,0,0,1,1,19,29,27,4,2,14,15,0,29,3,7,23,33
2016,Tehama County,March,737,12,1,0,5,1,3,741,69,1,0,0,0,0,0,70,13,9,1,0,3,1,5,9,0,1,13,14
2016,Trinity County,March,93,6,1,0,1,4,1,94,18,2,0,0,0,0,0,20,7,6,2,0,1,4,1,6,0,1,8,9
2016,Tulare County,March,3436,114,57,8,126,64,19,3406,363,77,25,0,53,30,5,377,179,209,102,88,24,94,179,297,8,82,191,281
2016,Tuolumne County,March,338,18,11,12,15,29,20,315,274,0,0,11,17,7,1,260,41,64,11,25,21,36,32,89,23,11,18,52
2016,Ventura County,March,2021,78,53,0,65,0,0,2087,7060,229,27,0,92,233,0,6991,131,65,256,325,0,233,157,390,0,80,307,387
2016,Yolo County,March,2656,19,33,1,26,11,6,2666,210,85,0,0,0,0,0,295,53,43,85,0,6,11,26,43,1,33,104,138
2016,Yuba County,March,128,36,17,1,44,9,16,113,3,2,0,0,0,0,2,3,54,69,2,2,18,9,44,71,1,17,38,56
2016,Alameda County,May,8004,190,79,99,126,244,104,7898,203,13,3,0,4,2,0,213,368,474,16,6,104,246,130,480,99,82,203,384
2016,Alpine County,May,26,1,1,0,1,1,0,26,57,6,2,0,3,3,0,59,2,2,8,6,0,4,4,8,0,3,7,10
2016,Amador County,May,237,5,5,3,9,6,0,235,1058,31,4,0,26,4,2,1061,13,15,35,32,2,10,35,47,3,9,36,48
2016,Butte County,May,1300,36,43,0,24,61,7,1287,376,16,19,0,24,26,4,357,79,92,35,54,11,87,48,146,0,62,52,114
2016,Calaveras County,May,237,3,4,4,0,5,0,243,149,12,6,1,3,8,0,157,11,5,19,11,0,13,3,16,5,10,15,30
2016,Colusa County,May,107,7,2,0,1,5,0,110,31,2,0,0,0,3,2,28,9,6,2,5,2,8,1,11,0,2,9,11
2016,Contra Costa County,May,3529,94,12,14,99,5,34,3511,2,0,0,0,0,0,0,2,120,138,0,0,34,5,99,138,14,12,94,120
2016,Del Norte County,May,172,5,4,0,5,7,0,169,107,4,4,0,6,10,0,99,9,12,8,16,0,17,11,28,0,8,9,17
2016,El Dorado County,May,952,18,0,0,17,6,0,947,104,4,0,0,1,0,0,107,18,23,4,1,0,6,18,24,0,0,22,22
2016,Fresno County,May,4907,182,111,0,184,149,9,4858,2994,118,96,22,63,51,3,3113,293,342,236,117,12,200,247,459,22,207,300,529
2016,Glenn County,May,143,9,5,0,4,4,3,146,58,6,0,0,6,2,2,54,14,11,6,10,5,6,10,21,0,5,15,20
2016,Humboldt County,May,1064,18,0,0,21,5,3,1053,21,3,0,0,0,0,2,22,18,29,3,2,5,5,21,31,0,0,21,21
2016,Imperial County,May,3074,46,27,0,13,29,0,3105,51,0,0,0,0,0,0,51,73,42,0,0,0,29,13,42,0,27,46,73
2016,Inyo County,May,151,7,4,1,1,5,4,153,105,5,5,0,1,4,2,108,12,10,10,7,6,9,2,17,1,9,12,22
2016,Kern County,May,7161,134,28,21,122,21,15,7186,0,0,0,0,0,0,0,0,183,158,0,0,15,21,122,158,21,28,134,183
2016,Kings County,May,2069,43,0,11,35,0,21,2067,1819,40,0,0,48,0,4,1807,54,56,40,52,25,0,83,108,11,0,83,94
2016,Lake County,May,568,15,5,0,7,10,0,571,119,3,0,0,4,3,0,115,20,17,3,7,0,13,11,24,0,5,18,23
2016,Lassen County,May,98,4,0,0,3,2,3,94,57,2,0,0,1,0,1,57,4,8,2,2,4,2,4,10,0,0,6,6
2016,Los Angeles County,May,45184,1157,295,0,558,639,50,45389,77,2,1,0,3,1,0,76,1452,1247,3,4,50,640,561,1251,0,296,1159,1455
2016,Madera County,May,2764,40,22,0,17,42,6,2761,516,13,14,0,6,28,0,509,62,65,27,34,6,70,23,99,0,36,53,89
2016,Marin County,May,1404,33,8,0,30,7,0,1408,862,34,9,0,38,13,0,854,41,37,43,51,0,20,68,88,0,17,67,84
2016,Mariposa County,May,107,1,2,0,4,2,0,104,171,5,2,0,2,2,0,174,3,6,7,4,0,4,6,10,0,4,6,10
2016,Mendocino County,May,650,16,12,0,16,18,3,641,134,3,4,0,3,11,0,127,28,37,7,14,3,29,19,51,0,16,19,35
2016,Merced County,May,2192,69,67,0,38,98,1,2191,0,0,0,0,0,0,0,0,136,137,0,0,1,98,38,137,0,67,69,136
2016,Modoc County,May,71,3,0,2,0,0,0,76,35,2,0,0,0,0,0,37,5,0,2,0,0,0,0,0,2,0,5,7
2016,Mono County,May,85,8,0,7,8,0,0,92,56,3,0,0,4,0,2,53,15,8,3,6,2,0,12,14,7,0,11,18
2016,Monterey County,May,1583,27,18,20,43,23,0,1582,231,1,2,0,7,0,2,225,65,66,3,9,2,23,50,75,20,20,28,68
2016,Napa County,May,870,21,31,0,19,50,57,796,1204,44,45,53,32,66,4,1244,52,126,142,102,61,116,51,228,53,76,65,194
2016,Nevada County,May,555,17,3,0,9,2,13,551,115,3,3,0,2,0,4,115,20,24,6,6,17,2,11,30,0,6,20,26
2016,Orange County,May,9740,490,198,60,354,281,65,9788,3922,82,8,0,12,16,0,3984,748,700,90,28,65,297,366,728,60,206,572,838
2016,Placer County,May,2072,54,1,0,20,28,32,2047,1196,45,0,0,5,9,23,1204,55,80,45,37,55,37,25,117,0,1,99,100
2016,Plumas County,May,84,2,3,0,2,4,0,83,109,14,5,0,6,6,0,116,5,6,19,12,0,10,8,18,0,8,16,24
2016,Riverside County,May,8964,358,190,12,345,322,0,8857,908,65,16,0,58,59,6,866,560,667,81,123,6,381,403,790,12,206,423,641
2016,Sacramento County,May,15104,274,0,0,268,0,0,15110,4895,89,0,0,102,0,0,4882,274,268,89,102,0,0,370,370,0,0,363,363
2016,San Benito County,May,276,4,1,0,4,4,4,269,125,2,1,3,0,7,0,124,5,12,6,7,4,11,4,19,3,2,6,11
2016,San Bernardino County,May,14037,782,1,53,326,285,0,14262,168,4,0,2,26,0,0,148,836,611,6,26,0,285,352,637,55,1,786,842
2016,San Diego County,May,8917,320,89,0,174,296,1,8855,635,34,2,0,21,13,0,637,409,471,36,34,1,309,195,505,0,91,354,445
2016,San Francisco County,May,2582,64,111,5,47,2,144,2569,1192,29,31,4,21,0,47,1188,180,193,64,68,191,2,68,261,9,142,93,244
2016,San Joaquin County,May,7412,113,60,17,57,123,22,7400,7360,96,46,6,72,109,7,7320,190,202,148,188,29,232,129,390,23,106,209,338
2016,San Luis Obispo County,May,1235,34,32,9,45,68,11,1186,830,51,35,0,29,30,4,853,75,124,86,63,15,98,74,187,9,67,85,161
2016,San Mateo County,May,2996,40,12,0,50,20,11,2967,1788,40,5,0,31,19,0,1783,52,81,45,50,11,39,81,131,0,17,80,97
2016,Santa Barbara County,May,2233,91,41,0,39,54,4,2268,1773,181,39,0,118,60,0,1815,132,97,220,178,4,114,157,275,0,80,272,352
2016,Santa Clara County,May,5674,478,175,357,207,200,550,5727,2088,233,133,156,99,154,258,2099,1010,957,522,511,808,354,306,1468,513,308,711,1532
2016,Santa Cruz County,May,1377,26,25,0,35,19,23,1351,526,18,3,0,15,21,24,487,51,77,21,60,47,40,50,137,0,28,44,72
2016,Shasta County,May,1649,59,16,0,44,16,0,1664,1,0,0,0,0,0,0,1,75,60,0,0,0,16,44,60,0,16,59,75
2016,Sierra County,May,27,1,0,0,1,0,0,27,12,2,0,0,0,0,0,14,1,1,2,0,0,0,1,1,0,0,3,3
2016,Siskiyou County,May,435,12,6,0,10,11,3,429,8,0,0,0,0,0,0,8,18,24,0,0,3,11,10,24,0,6,12,18
2016,Solano County,May,1698,55,0,0,22,11,3,1717,1004,24,0,0,20,1,5,1002,55,36,24,26,8,12,42,62,0,0,79,79
2016,Sonoma County,May,1916,81,61,0,59,44,3,1952,183,27,14,1,9,24,17,175,142,106,42,50,20,68,68,156,1,75,108,184
2016,Stanislaus County,May,5381,94,66,22,20,84,26,5433,519,106,68,0,6,175,1,511,182,130,174,182,27,259,26,312,22,134,200,356
2016,Sutter County,May,734,16,11,1,1,12,11,738,16,2,1,0,0,1,0,18,28,24,3,1,11,13,1,25,1,12,18,31
2016,Tehama County,May,776,10,4,0,3,1,0,786,69,1,0,0,0,0,0,70,14,4,1,0,0,1,3,4,0,4,11,15
2016,Trinity County,May,99,4,4,0,0,5,2,100,20,0,0,0,1,1,0,18,8,7,0,2,2,6,1,9,0,4,4,8
2016,Tulare County,May,3373,75,41,12,125,74,21,3281,368,62,27,2,33,45,2,379,128,220,91,80,23,119,158,300,14,68,137,219
2016,Tuolumne County,May,299,16,3,18,23,27,13,273,237,3,13,2,12,14,4,225,37,63,18,30,17,41,35,93,20,16,19,55
2016,Ventura County,May,2094,77,51,0,88,0,0,2134,6868,225,27,0,143,141,0,6836,128,88,252,284,0,141,231,372,0,78,302,380
2016,Yolo County,May,2663,42,40,0,31,14,0,2700,295,0,0,0,0,0,0,295,82,45,0,0,0,14,31,45,0,40,42,82
2016,Yuba County,May,100,40,10,2,38,12,10,92,3,0,0,0,1,0,1,1,52,60,0,2,11,12,39,62,2,10,40,52
2016,Alameda County,November,7499,135,61,76,112,168,38,7453,213,4,1,4,3,5,1,213,272,318,9,9,39,173,115,327,80,62,139,281
2016,Alpine County,November,24,0,0,0,0,0,0,24,61,6,1,0,1,1,0,66,0,0,7,2,0,1,1,2,0,1,6,7
2016,Amador County,November,230,9,2,0,9,2,0,230,1061,20,4,3,28,4,0,1056,11,11,27,32,0,6,37,43,3,6,29,38
2016,Butte County,November,1326,38,56,0,26,65,11,1318,365,24,9,0,16,15,3,364,94,102,33,34,14,80,42,136,0,65,62,127
2016,Calaveras County,November,239,3,7,0,5,4,1,239,143,7,4,0,1,9,0,144,10,10,11,10,1,13,6,20,0,11,10,21
2016,Colusa County,November,106,7,4,0,3,4,0,110,40,2,1,0,1,6,1,35,11,7,3,8,1,10,4,15,0,5,9,14
2016,Contra Costa County,November,3477,60,6,26,67,2,27,3473,1,0,0,0,1,0,0,0,92,96,0,1,27,2,68,97,26,6,60,92
2016,Del Norte County,November,156,0,0,0,0,0,0,156,104,0,0,0,0,0,0,104,0,0,0,0,0,0,0,0,0,0,0,0
2016,El Dorado County,November,921,23,2,0,18,7,0,921,115,10,0,0,5,0,0,120,25,25,10,5,0,7,23,30,0,2,33,35
2016,Fresno County,November,4932,142,105,1,97,126,9,4948,4177,137,148,6,61,70,0,4337,248,232,291,131,9,196,158,363,7,253,279,539
2016,Glenn County,November,168,4,3,0,7,6,1,161,72,15,2,0,1,9,1,78,7,14,17,11,2,15,8,25,0,5,19,24
2016,Humboldt County,November,1097,24,0,4,28,7,10,1080,20,2,0,0,2,0,1,19,28,45,2,3,11,7,30,48,4,0,26,30
2016,Imperial County,November,3154,44,17,0,18,24,0,3173,51,0,0,0,0,0,0,51,61,42,0,0,0,24,18,42,0,17,44,61
2016,Inyo County,November,171,1,8,0,1,6,1,172,126,2,4,0,2,6,0,124,9,8,6,8,1,12,3,16,0,12,3,15
2016,Kern County,November,7053,145,24,19,94,14,11,7122,0,0,0,0,0,0,0,0,188,119,0,0,11,14,94,119,19,24,145,188
2016,Kings County,November,2015,15,0,49,35,4,564,1476,1821,6,0,181,14,0,61,1933,64,603,187,75,625,4,49,678,230,0,21,251
2016,Lake County,November,553,15,8,0,12,1,3,560,89,1,0,0,7,0,1,82,23,16,1,8,4,1,19,24,0,8,16,24
2016,Lassen County,November,98,3,1,0,4,0,2,96,54,0,0,1,3,0,0,52,4,6,1,3,2,0,7,9,1,1,3,5
2016,Los Angeles County,November,44839,1115,275,0,453,567,40,45169,80,3,0,0,1,0,1,81,1390,1060,3,2,41,567,454,1062,0,275,1118,1393
2016,Madera County,November,2770,43,21,0,12,31,0,2791,518,23,18,0,7,20,1,531,64,43,41,28,1,51,19,71,0,39,66,105
2016,Marin County,November,1419,9,2,0,14,15,0,1401,812,16,4,0,14,22,0,796,11,29,20,36,0,37,28,65,0,6,25,31
2016,Mariposa County,November,102,0,0,0,1,0,2,99,164,11,5,0,1,5,5,169,0,3,16,11,7,5,2,14,0,5,11,16
2016,Mendocino County,November,680,15,22,0,11,18,0,688,129,13,6,0,3,3,0,142,37,29,19,6,0,21,14,35,0,28,28,56
2016,Merced County,November,2174,119,6,1,39,69,6,2186,0,0,0,0,0,0,0,0,126,114,0,0,6,69,39,114,1,6,119,126
2016,Modoc County,November,71,6,0,5,0,0,0,82,36,4,0,1,2,0,0,39,11,0,5,2,0,0,2,2,6,0,10,16
2016,Mono County,November,98,1,0,0,5,0,0,94,62,1,0,0,3,0,0,60,1,5,1,3,0,0,8,8,0,0,2,2
2016,Monterey County,November,1504,21,20,0,18,20,14,1493,209,3,3,1,1,2,0,213,41,52,7,3,14,22,19,55,1,23,24,48
2016,Napa County,November,717,15,10,17,13,35,3,708,1294,39,17,31,22,59,6,1294,42,51,87,87,9,94,35,138,48,27,54,129
2016,Nevada County,November,572,13,8,0,0,0,2,591,128,3,3,0,0,0,0,134,21,2,6,0,2,0,0,2,0,11,16,27
2016,Orange County,November,10321,372,359,22,299,245,218,10312,4213,9,11,0,19,42,0,4172,753,762,20,61,218,287,318,823,22,370,381,773
2016,Placer County,November,1935,65,0,0,22,17,5,1956,1256,54,0,0,10,3,6,1291,65,44,54,19,11,20,32,63,0,0,119,119
2016,Plumas County,November,76,3,0,0,2,2,3,72,112,12,2,0,5,1,6,114,3,7,14,12,9,3,7,19,0,2,15,17
2016,Riverside County,November,8666,326,168,0,254,316,7,8583,834,33,22,10,46,34,0,819,494,577,65,80,7,350,300,657,10,190,359,559
2016,Sacramento County,November,15053,244,0,0,238,0,0,15059,4741,101,0,2,110,0,0,4734,244,238,103,110,0,0,348,348,2,0,345,347
2016,San Benito County,November,274,8,3,0,2,1,1,281,134,4,0,0,1,2,0,135,11,4,4,3,1,3,3,7,0,3,12,15
2016,San Bernardino County,November,13804,741,0,57,335,218,5,14044,129,4,0,5,17,0,0,121,798,558,9,17,5,218,352,575,62,0,745,807
2016,San Diego County,November,9043,270,95,0,178,192,5,9033,883,24,1,0,53,26,0,829,365,375,25,79,5,218,231,454,0,96,294,390
2016,San Francisco County,November,2443,66,106,22,28,8,124,2477,1157,21,30,2,19,1,35,1155,194,160,53,55,159,9,47,215,24,136,87,247
2016,San Joaquin County,November,7855,126,83,33,36,60,7,7994,7515,99,76,5,50,105,3,7537,242,103,180,158,10,165,86,261,38,159,225,422
2016,San Luis Obispo County,November,1158,51,44,3,47,51,10,1148,814,57,40,0,22,58,5,826,98,108,97,85,15,109,69,193,3,84,108,195
2016,San Mateo County,November,2701,40,19,0,71,16,12,2661,1744,45,3,0,19,22,2,1749,59,99,48,43,14,38,90,142,0,22,85,107
2016,Santa Barbara County,November,2288,59,33,0,35,45,18,2282,1770,150,39,0,132,64,9,1754,92,98,189,205,27,109,167,303,0,72,209,281
2016,Santa Clara County,November,5547,501,205,229,203,227,468,5584,1986,249,117,213,127,167,288,1983,935,898,579,582,756,394,330,1480,442,322,750,1514
2016,Santa Cruz County,November,1217,20,14,0,26,6,4,1215,494,13,5,4,9,13,0,494,34,36,22,22,4,19,35,58,4,19,33,56
2016,Shasta County,November,1689,24,0,0,82,0,0,1631,1,0,0,0,0,0,0,1,24,82,0,0,0,0,82,82,0,0,24,24
2016,Sierra County,November,27,1,0,1,0,0,0,29,12,0,0,0,0,0,0,12,2,0,0,0,0,0,0,0,1,0,1,2
2016,Siskiyou County,November,391,10,6,1,9,17,1,381,9,0,0,0,1,0,0,8,17,27,0,1,1,17,10,28,1,6,10,17
2016,Solano County,November,1681,51,0,0,6,11,1,1714,992,15,0,0,14,1,2,990,51,18,15,17,3,12,20,35,0,0,66,66
2016,Sonoma County,November,1927,69,68,1,65,49,4,1947,173,20,22,3,17,19,19,163,138,118,45,55,23,68,82,173,4,90,89,183
2016,Stanislaus County,November,5573,63,62,13,10,71,11,5619,351,63,49,0,12,132,0,319,138,92,112,144,11,203,22,236,13,111,126,250
2016,Sutter County,November,718,21,7,5,2,14,12,723,17,0,1,1,0,2,1,16,33,28,2,3,13,16,2,31,6,8,21,35
2016,Tehama County,November,852,8,0,0,6,0,4,850,70,1,0,0,1,0,0,70,8,10,1,1,4,0,7,11,0,0,9,9
2016,Trinity County,November,94,1,4,2,4,9,1,87,18,3,1,0,1,0,0,21,7,14,4,1,1,9,5,15,2,5,4,11
2016,Tulare County,November,3179,49,35,8,82,42,1,3146,434,27,56,0,33,29,0,455,92,125,83,62,1,71,115,187,8,91,76,175
2016,Tuolumne County,November,523,8,0,1,5,7,15,505,127,1,0,7,4,1,1,129,9,27,8,6,16,8,9,33,8,0,9,17
2016,Ventura County,November,2007,65,8,0,64,0,0,2016,6705,192,20,0,99,106,0,6712,73,64,212,205,0,106,163,269,0,28,257,285
2016,Yolo County,November,2333,6,16,0,12,12,0,2331,256,0,0,31,0,0,0,287,22,24,31,0,0,12,12,24,31,16,6,53
2016,Yuba County,November,29,25,13,1,35,12,8,13,11,2,0,0,2,0,1,10,39,55,2,3,9,12,37,58,1,13,27,41
2016,Alameda County,October,7584,162,47,88,109,208,65,7499,208,16,1,0,6,6,0,213,297,382,17,12,65,214,115,394,88,48,178,314
2016,Alpine County,October,26,0,1,0,0,3,0,24,61,5,0,0,2,3,0,61,1,3,5,5,0,6,2,8,0,1,5,6
2016,Amador County,October,228,8,0,4,6,4,0,230,1060,24,3,0,20,6,0,1061,12,10,27,26,0,10,26,36,4,3,32,39
2016,Butte County,October,1309,40,76,0,28,82,20,1295,359,28,20,0,9,29,3,366,116,130,48,41,23,111,37,171,0,96,68,164
2016,Calaveras County,October,243,6,9,0,2,16,1,239,152,5,1,0,3,9,3,143,15,19,6,15,4,25,5,34,0,10,11,21
2016,Colusa County,October,104,5,2,0,2,3,0,106,39,2,3,1,0,5,0,40,7,5,6,5,0,8,2,10,1,5,7,13
2016,Contra Costa County,October,3459,91,9,51,89,9,35,3477,1,0,0,0,0,0,0,1,151,133,0,0,35,9,89,133,51,9,91,151
2016,Del Norte County,October,153,3,1,3,1,3,0,156,104,3,1,0,0,4,0,104,7,4,4,4,0,7,1,8,3,2,6,11
2016,El Dorado County,October,913,28,17,0,18,14,0,926,115,5,0,0,3,0,0,117,45,32,5,3,0,14,21,35,0,17,33,50
2016,Fresno County,October,4985,153,97,0,154,149,0,4932,4034,152,140,6,59,93,3,4177,250,303,298,155,3,242,213,458,6,237,305,548
2016,Glenn County,October,170,6,4,0,5,2,5,168,63,11,1,0,1,1,1,72,10,12,12,3,6,3,6,15,0,5,17,22
2016,Humboldt County,October,1100,25,0,3,19,8,4,1097,19,1,0,0,0,0,0,20,28,31,1,0,4,8,19,31,3,0,26,29
2016,Imperial County,October,3159,26,27,0,13,45,0,3154,51,0,0,0,0,0,0,51,53,58,0,0,0,45,13,58,0,27,26,53
2016,Inyo County,October,170,7,3,0,1,7,1,171,121,6,6,0,3,4,0,126,10,9,12,7,1,11,4,16,0,9,13,22
2016,Kern County,October,7135,163,17,16,216,35,27,7053,0,0,0,0,0,0,0,0,196,278,0,0,27,35,216,278,16,17,163,196
2016,Kings County,October,2035,22,0,6,38,3,7,2015,1834,31,0,2,45,0,1,1821,28,48,33,46,8,3,83,94,8,0,53,61
2016,Lake County,October,556,23,4,5,8,0,5,575,94,1,0,0,4,0,0,91,32,13,1,4,5,0,12,17,5,4,24,33
2016,Lassen County,October,94,2,0,0,0,0,0,96,54,0,0,1,2,0,0,53,2,0,1,2,0,0,2,2,1,0,2,3
2016,Los Angeles County,October,44878,1142,304,0,530,634,50,45110,74,4,2,0,1,2,0,77,1446,1214,6,3,50,636,531,1217,0,306,1146,1452
2016,Madera County,October,2752,26,12,0,2,16,2,2770,513,23,7,0,1,24,0,518,38,20,30,25,2,40,3,45,0,19,49,68
2016,Marin County,October,1407,27,6,0,15,6,0,1419,832,23,6,0,22,27,0,812,33,21,29,49,0,33,37,70,0,12,50,62
2016,Mariposa County,October,105,5,2,0,2,2,6,102,166,6,2,0,2,1,7,164,7,10,8,10,13,3,4,20,0,4,11,15
2016,Mendocino County,October,673,24,18,0,9,24,5,677,129,4,5,0,3,5,0,130,42,38,9,8,5,29,12,46,0,23,28,51
2016,Merced County,October,2187,120,6,0,43,74,8,2188,0,0,0,0,0,0,0,0,126,125,0,0,8,74,43,125,0,6,120,126
2016,Modoc County,October,73,1,0,0,3,0,0,71,39,0,0,0,1,2,0,36,1,3,0,3,0,2,4,6,0,0,1,1
2016,Mono County,October,99,4,1,0,5,1,0,98,57,5,0,2,2,0,0,62,5,6,7,2,0,1,7,8,2,1,9,12
2016,Monterey County,October,1506,35,19,0,32,18,6,1504,211,3,2,2,5,4,0,209,54,56,7,9,6,22,37,65,2,21,38,61
2016,Napa County,October,724,17,19,21,10,54,0,717,1283,57,31,15,30,62,0,1294,57,64,103,92,0,116,40,156,36,50,74,160
2016,Nevada County,October,564,11,4,0,1,0,6,572,126,5,0,0,0,0,3,128,15,7,5,3,9,0,1,10,0,4,16,20
2016,Orange County,October,10660,340,420,27,300,279,547,10321,4200,56,28,0,29,42,0,4213,787,1126,84,71,547,321,329,1197,27,448,396,871
2016,Placer County,October,1986,49,0,0,18,10,49,1958,1278,56,0,0,6,5,58,1265,49,77,56,69,107,15,24,146,0,0,105,105
2016,Plumas County,October,76,5,3,1,2,6,1,76,111,6,3,0,3,5,0,112,9,9,9,8,1,11,5,17,1,6,11,18
2016,Riverside County,October,8705,347,203,0,295,289,5,8666,836,45,19,8,33,41,0,834,550,589,72,74,5,330,328,663,8,222,392,622
2016,Sacramento County,October,15109,257,0,0,313,0,0,15053,4772,90,0,4,125,0,0,4741,257,313,94,125,0,0,438,438,4,0,347,351
2016,San Benito County,October,279,10,1,3,7,8,4,274,138,3,0,0,4,1,2,134,14,19,3,7,6,9,11,26,3,1,13,17
2016,San Bernardino County,October,13839,722,2,56,320,252,2,14045,143,3,0,2,19,3,0,126,780,574,5,22,2,255,339,596,58,2,725,785
2016,San Diego County,October,9157,310,97,0,247,271,3,9043,1000,33,10,0,121,38,1,883,407,521,43,160,4,309,368,681,0,107,343,450
2016,San Francisco County,October,2457,69,97,4,36,6,142,2443,1161,30,21,5,18,1,41,1157,170,184,56,60,183,7,54,244,9,118,99,226
2016,San Joaquin County,October,7771,114,71,27,57,65,6,7855,7481,109,63,2,46,92,2,7515,212,128,174,140,8,157,103,268,29,134,223,386
2016,San Luis Obispo County,October,1170,50,29,4,43,44,8,1158,820,52,38,0,38,53,5,814,83,95,90,96,13,97,81,191,4,67,102,173
2016,San Mateo County,October,2785,23,17,0,73,44,7,2701,1767,21,6,0,29,19,2,1744,40,124,27,50,9,63,102,174,0,23,44,67
2016,Santa Barbara County,October,2306,75,33,0,34,61,16,2303,1802,142,47,0,94,79,3,1815,108,111,189,176,19,140,128,287,0,80,217,297
2016,Santa Clara County,October,5590,456,172,293,210,232,522,5547,1975,248,139,262,137,170,331,1986,921,964,649,638,853,402,347,1602,555,311,704,1570
2016,Santa Cruz County,October,1239,31,17,0,16,18,36,1217,481,26,8,9,15,15,0,494,48,70,43,30,36,33,31,100,9,25,57,91
2016,Shasta County,October,1700,23,13,0,34,13,0,1689,1,0,0,0,0,0,0,1,36,47,0,0,0,13,34,47,0,13,23,36
2016,Sierra County,October,23,4,0,0,0,0,0,27,12,1,0,0,1,0,0,12,4,0,1,1,0,0,1,1,0,0,5,5
2016,Siskiyou County,October,402,12,7,0,9,21,0,391,7,3,0,0,0,1,0,9,19,30,3,1,0,22,9,31,0,7,15,22
2016,Solano County,October,1691,36,0,0,15,12,3,1697,995,18,0,0,14,1,6,992,36,30,18,21,9,13,29,51,0,0,54,54
2016,Sonoma County,October,1975,53,57,0,71,84,3,1927,172,36,21,0,7,19,30,173,110,158,57,56,33,103,78,214,0,78,89,167
2016,Stanislaus County,October,5552,59,66,8,21,74,17,5573,413,27,74,0,2,161,0,351,133,112,101,163,17,235,23,275,8,140,86,234
2016,Sutter County,October,722,26,11,2,0,20,23,718,20,0,1,0,0,2,2,17,39,43,1,4,25,22,0,47,2,12,26,40
2016,Tehama County,October,838,18,0,0,3,0,1,852,73,0,0,0,3,0,0,70,18,4,0,3,1,0,6,7,0,0,18,18
2016,Trinity County,October,100,1,5,0,4,4,4,94,19,0,2,0,2,1,0,18,6,12,2,3,4,5,6,15,0,7,1,8
2016,Tulare County,October,3189,90,25,0,83,41,1,3179,417,40,63,0,41,45,0,434,115,125,103,86,1,86,124,211,0,88,130,218
2016,Tuolumne County,October,531,6,3,7,4,8,12,523,135,0,0,1,4,2,3,127,16,24,1,9,15,10,8,33,8,3,6,17
2016,Ventura County,October,2022,59,49,0,60,0,0,2070,6733,204,33,0,98,22,0,6850,108,60,237,120,0,22,158,180,0,82,263,345
2016,Yolo County,October,2328,24,22,0,36,5,0,2333,270,0,0,0,0,0,14,256,46,41,0,14,14,5,36,55,0,22,24,46
2016,Yuba County,October,21,32,14,0,11,18,9,29,12,0,0,0,0,0,1,11,46,38,0,1,10,18,11,39,0,14,32,46
2016,Alameda County,September,7655,120,55,89,111,187,37,7584,211,3,0,0,1,5,0,208,264,335,3,6,37,192,112,341,89,55,123,267
2016,Alpine County,September,24,1,1,0,0,0,0,26,57,3,3,0,1,1,0,61,2,0,6,2,0,1,1,2,0,4,4,8
2016,Amador County,September,226,8,4,7,8,9,0,228,1067,21,5,3,32,4,0,1060,19,17,29,36,0,13,40,53,10,9,29,48
2016,Butte County,September,1319,34,70,0,23,97,4,1299,376,28,9,0,16,46,2,349,104,124,37,64,6,143,39,188,0,79,62,141
2016,Calaveras County,September,237,8,7,2,6,5,0,243,151,6,6,0,3,7,1,152,17,11,12,11,1,12,9,22,2,13,14,29
2016,Colusa County,September,105,5,4,2,5,6,1,104,34,3,3,0,1,0,0,39,11,12,6,1,1,6,6,13,2,7,8,17
2016,Contra Costa County,September,3466,90,8,17,92,2,28,3459,1,0,0,0,0,0,0,1,115,122,0,0,28,2,92,122,17,8,90,115
2016,Del Norte County,September,154,3,3,2,2,7,0,153,95,11,1,1,0,4,0,104,8,9,13,4,0,11,2,13,3,4,14,21
2016,El Dorado County,September,932,27,4,0,38,5,0,920,118,5,3,0,4,0,0,122,31,43,8,4,0,5,42,47,0,7,32,39
2016,Fresno County,September,4926,221,141,0,114,180,9,4985,3874,154,145,10,94,47,8,4034,362,303,309,149,17,227,208,452,10,286,375,671
2016,Glenn County,September,166,4,4,1,2,2,1,170,55,8,2,2,1,3,0,63,9,5,12,4,1,5,3,9,3,6,12,21
2016,Humboldt County,September,1077,40,0,2,12,5,2,1100,19,0,0,1,1,0,0,19,42,19,1,1,2,5,13,20,3,0,40,43
2016,Imperial County,September,3148,43,16,0,24,24,0,3159,51,0,0,0,0,0,0,51,59,48,0,0,0,24,24,48,0,16,43,59
2016,Inyo County,September,170,5,6,1,3,7,2,170,114,7,5,0,1,4,0,121,12,12,12,5,2,11,4,17,1,11,12,24
2016,Kern County,September,7135,150,19,13,143,21,18,7135,0,0,0,0,0,0,0,0,182,182,0,0,18,21,143,182,13,19,150,182
2016,Kings County,September,2014,17,0,30,10,0,16,2035,1814,36,0,2,11,0,7,1834,47,26,38,18,23,0,21,44,32,0,53,85
2016,Lake County,September,552,15,6,3,6,0,0,570,101,3,0,0,9,0,0,95,24,6,3,9,0,0,15,15,3,6,18,27
2016,Lassen County,September,97,0,0,0,0,0,0,97,59,0,0,0,1,1,0,57,0,0,0,2,0,1,1,2,0,0,0,0
2016,Los Angeles County,September,44847,1188,292,0,536,708,39,45044,76,2,0,0,0,4,0,74,1480,1283,2,4,39,712,536,1287,0,292,1190,1482
2016,Madera County,September,2760,25,26,0,18,40,1,2752,522,13,11,0,7,25,1,513,51,59,24,33,2,65,25,92,0,37,38,75
2016,Marin County,September,1404,18,4,0,18,1,0,1407,839,22,6,0,22,13,0,832,22,19,28,35,0,14,40,54,0,10,40,50
2016,Mariposa County,September,101,5,3,0,0,3,1,105,172,4,4,0,6,6,2,166,8,4,8,14,3,9,6,18,0,7,9,16
2016,Mendocino County,September,655,29,19,0,11,19,6,667,130,6,4,0,4,6,0,130,48,36,10,10,6,25,15,46,0,23,35,58
2016,Merced County,September,2196,151,2,2,51,97,12,2191,0,0,0,0,0,0,0,0,155,160,0,0,12,97,51,160,2,2,151,155
2016,Modoc County,September,73,0,0,0,0,0,0,73,38,1,0,0,0,0,0,39,0,0,1,0,0,0,0,0,0,0,1,1
2016,Mono County,September,101,2,0,1,5,0,0,99,52,10,0,0,0,0,5,57,3,5,10,5,5,0,5,10,1,0,12,13
2016,Monterey County,September,1522,17,12,3,16,32,0,1506,204,7,2,3,3,2,0,211,32,48,12,5,0,34,19,53,6,14,24,44
2016,Napa County,September,724,28,36,0,14,38,12,724,1280,59,47,1,30,69,5,1283,64,64,107,104,17,107,44,168,1,83,87,171
2016,Nevada County,September,556,8,5,0,0,0,5,564,121,2,3,0,0,0,0,126,13,5,5,0,5,0,0,5,0,8,10,18
2016,Orange County,September,10732,378,545,32,305,263,459,10660,4162,92,13,0,33,34,0,4200,955,1027,105,67,459,297,338,1094,32,558,470,1060
2016,Placer County,September,2027,64,1,0,17,11,40,2024,1248,41,0,0,6,7,24,1252,65,68,41,37,64,18,23,105,0,1,105,106
2016,Plumas County,September,82,3,3,0,9,2,1,76,110,7,7,0,2,8,3,111,6,12,14,13,4,10,11,25,0,10,10,20
2016,Riverside County,September,8746,348,192,5,245,341,0,8705,850,57,19,0,31,56,3,836,545,586,76,90,3,397,276,676,5,211,405,621
2016,Sacramento County,September,15190,263,0,0,344,0,0,15109,4872,75,0,15,166,0,0,4796,263,344,90,166,0,0,510,510,15,0,338,353
2016,San Benito County,September,261,19,5,1,2,3,2,279,129,10,0,0,1,0,0,138,25,7,10,1,2,3,3,8,1,5,29,35
2016,San Bernardino County,September,13852,772,0,83,336,253,5,14113,136,1,0,0,8,1,0,128,855,594,1,9,5,254,344,603,83,0,773,856
2016,San Diego County,September,9259,297,104,0,252,248,3,9157,1287,27,10,0,287,37,0,1000,401,503,37,324,3,285,539,827,0,114,324,438
2016,San Francisco County,September,2484,63,106,13,43,7,159,2457,1142,32,36,1,10,0,40,1161,182,209,69,50,199,7,53,259,14,142,95,251
2016,San Joaquin County,September,7670,148,69,17,50,75,8,7771,7402,151,109,3,48,135,1,7481,234,133,263,184,9,210,98,317,20,178,299,497
2016,San Luis Obispo County,September,1181,51,33,8,60,37,6,1170,831,53,40,0,33,64,7,820,92,103,93,104,13,101,93,207,8,73,104,185
2016,San Mateo County,September,2832,46,15,0,80,25,3,2785,1812,35,9,0,50,35,4,1767,61,108,44,89,7,60,130,197,0,24,81,105
2016,Santa Barbara County,September,2281,73,30,0,27,58,8,2291,1812,157,48,0,84,91,4,1838,103,93,205,179,12,149,111,272,0,78,230,308
2016,Santa Clara County,September,5638,504,163,373,208,259,621,5590,1985,239,130,238,144,176,297,1975,1040,1088,607,617,918,435,352,1705,611,293,743,1647
2016,Santa Cruz County,September,1261,29,27,0,24,24,30,1239,481,21,3,5,9,20,0,481,56,78,29,29,30,44,33,107,5,30,50,85
2016,Shasta County,September,1704,31,15,0,35,15,0,1700,1,0,0,0,0,0,0,1,46,50,0,0,0,15,35,50,0,15,31,46
2016,Sierra County,September,24,1,0,0,1,0,1,23,11,1,0,0,0,0,0,12,1,2,1,0,1,0,1,2,0,0,2,2
2016,Siskiyou County,September,394,14,10,0,8,8,0,402,7,0,0,0,0,0,0,7,24,16,0,0,0,8,8,16,0,10,14,24
2016,Solano County,September,1695,39,0,0,13,6,1,1714,933,16,0,0,12,3,3,931,39,20,16,18,4,9,25,38,0,0,55,55
2016,Sonoma County,September,1955,71,66,1,48,66,4,1975,166,39,15,1,13,20,16,172,138,118,55,49,20,86,61,167,2,81,110,193
2016,Stanislaus County,September,5518,68,56,18,15,73,20,5552,451,98,83,0,42,177,0,413,142,108,181,219,20,250,57,327,18,139,166,323
2016,Sutter County,September,725,24,6,5,0,23,15,722,22,1,1,0,0,3,1,20,35,38,2,4,16,26,0,42,5,7,25,37
2016,Tehama County,September,832,14,1,0,4,0,5,838,73,1,0,0,1,0,0,73,15,9,1,1,5,0,5,10,0,1,15,16
2016,Trinity County,September,94,7,7,0,2,5,1,100,20,0,3,0,1,3,0,19,14,8,3,4,1,8,3,12,0,10,7,17
2016,Tulare County,September,3219,86,43,5,122,41,1,3189,397,42,72,0,52,41,1,417,134,164,114,94,2,82,174,258,5,115,128,248
2016,Tuolumne County,September,549,9,1,6,5,13,16,531,142,3,0,5,9,2,4,135,16,34,8,15,20,15,14,49,11,1,12,24
2016,Ventura County,September,2037,64,40,0,77,0,0,2064,6713,234,22,0,104,67,0,6798,104,77,256,171,0,67,181,248,0,62,298,360
2016,Yolo County,September,2358,35,27,0,33,9,50,2328,295,0,0,0,0,0,25,270,62,92,0,25,75,9,33,117,0,27,35,62
2016,Yuba County,September,2,29,11,3,12,0,12,21,6,8,0,0,2,0,0,12,43,24,8,2,12,0,14,26,3,11,37,51
2017,Alameda County,January,7363,136,59,106,143,225,59,7237,219,1,0,5,4,7,0,214,301,427,6,11,59,232,147,438,111,59,137,307
2017,Alpine County,January,23,0,0,0,1,0,1,21,68,2,0,0,1,2,0,67,0,2,2,3,1,2,2,5,0,0,2,2
2017,Amador County,January,236,2,3,9,4,15,0,231,1057,27,2,0,25,6,0,1055,14,19,29,31,0,21,29,50,9,5,29,43
2017,Butte County,January,1313,38,58,0,26,83,2,1298,263,21,13,0,18,31,1,247,96,111,34,50,3,114,44,161,0,71,59,130
2017,Calaveras County,January,240,3,5,2,5,3,3,239,144,10,7,1,0,5,1,156,10,11,18,6,4,8,5,17,3,12,13,28
2017,Colusa County,January,109,4,3,1,0,5,1,111,39,1,1,1,0,2,0,40,8,6,3,2,1,7,0,8,2,4,5,11
2017,Contra Costa County,January,3469,108,7,16,73,8,34,3485,2,0,0,0,0,0,0,2,131,115,0,0,34,8,73,115,16,7,108,131
2017,Del Norte County,January,158,3,1,0,4,5,1,152,104,6,2,0,4,6,0,102,4,10,8,10,1,11,8,20,0,3,9,12
2017,El Dorado County,January,919,18,4,0,23,7,0,911,114,3,2,0,2,1,0,116,22,30,5,3,0,8,25,33,0,6,21,27
2017,Fresno County,January,4933,233,108,0,84,230,2,4958,4404,134,163,5,100,190,1,4415,341,316,302,291,3,420,184,607,5,271,367,643
2017,Glenn County,January,172,1,2,2,4,5,2,166,83,13,3,2,3,5,0,93,5,11,18,8,2,10,7,19,4,5,14,23
2017,Humboldt County,January,1085,25,0,5,9,4,4,1098,19,4,0,0,0,0,0,23,30,17,4,0,4,4,9,17,5,0,29,34
2017,Imperial County,January,3167,39,25,0,12,32,0,3187,51,0,0,0,0,0,0,51,64,44,0,0,0,32,12,44,0,25,39,64
2017,Inyo County,January,175,4,12,0,1,5,0,185,102,3,3,0,3,7,0,98,16,6,6,10,0,12,4,16,0,15,7,22
2017,Kern County,January,7127,131,21,15,110,21,15,7148,0,0,0,0,0,0,0,0,167,146,0,0,15,21,110,146,15,21,131,167
2017,Kings County,January,1467,34,2,6,40,4,13,1452,1927,40,3,3,45,5,3,1920,42,57,46,53,16,9,85,110,9,5,74,88
2017,Lake County,January,535,20,6,8,19,0,1,549,72,3,0,1,9,0,0,67,34,20,4,9,1,0,28,29,9,6,23,38
2017,Lassen County,January,84,3,0,0,2,3,2,80,43,1,0,0,2,2,1,39,3,7,1,5,3,5,4,12,0,0,4,4
2017,Los Angeles County,January,44585,1188,317,0,694,931,65,44400,84,2,0,0,0,2,0,84,1505,1690,2,2,65,933,694,1692,0,317,1190,1507
2017,Madera County,January,2792,15,19,0,17,23,12,2774,548,13,8,0,8,19,3,539,34,52,21,30,15,42,25,82,0,27,28,55
2017,Marin County,January,1404,26,6,0,5,10,0,1421,783,25,6,0,16,10,0,788,32,15,31,26,0,20,21,41,0,12,51,63
2017,Mariposa County,January,105,1,5,1,4,6,0,102,164,6,14,0,2,14,1,167,7,10,20,17,1,20,6,27,1,19,7,27
2017,Mendocino County,January,704,28,23,0,14,32,0,709,144,6,5,0,6,7,0,142,51,46,11,13,0,39,20,59,0,28,34,62
2017,Merced County,January,1246,50,51,1,0,72,0,1276,28,2,0,0,0,2,0,28,102,72,2,2,0,74,0,74,1,51,52,104
2017,Modoc County,January,82,1,0,1,1,0,0,83,37,2,0,0,0,0,0,39,2,1,2,0,0,0,1,1,1,0,3,4
2017,Mono County,January,90,5,0,3,2,1,2,93,56,3,0,0,4,1,0,54,8,5,3,5,2,2,6,10,3,0,8,11
2017,Monterey County,January,1492,21,20,0,40,17,12,1464,207,6,1,18,8,3,0,221,41,69,25,11,12,20,48,80,18,21,27,66
2017,Napa County,January,694,13,21,15,13,48,8,674,1269,60,34,28,30,84,3,1274,49,69,122,117,11,132,43,186,43,55,73,171
2017,Nevada County,January,603,16,23,8,5,18,19,608,136,2,6,4,0,0,2,146,47,42,12,2,21,18,5,44,12,29,18,59
2017,Orange County,January,10160,356,348,22,653,271,176,9786,4227,42,16,0,16,22,0,4247,726,1100,58,38,176,293,669,1138,22,364,398,784
2017,Placer County,January,1978,74,1,0,14,17,14,2008,1288,59,0,0,10,4,18,1315,75,45,59,32,32,21,24,77,0,1,133,134
2017,Plumas County,January,71,2,0,0,1,3,0,69,113,4,3,0,4,4,3,109,2,4,7,11,3,7,5,15,0,3,6,9
2017,Riverside County,January,8571,344,194,3,262,305,0,8545,769,48,44,0,41,35,4,781,541,567,92,80,4,340,303,647,3,238,392,633
2017,Sacramento County,January,15066,275,0,0,271,0,0,15070,4718,72,0,4,132,0,0,4662,275,271,76,132,0,0,403,403,4,0,347,351
2017,San Benito County,January,277,7,5,0,4,4,2,279,136,6,1,1,2,2,0,140,12,10,8,4,2,6,6,14,1,6,13,20
2017,San Bernardino County,January,13582,748,2,63,375,243,2,13775,131,5,0,3,15,1,0,123,813,620,8,16,2,244,390,636,66,2,753,821
2017,San Diego County,January,8683,331,107,0,206,259,2,8654,754,29,4,0,35,17,0,735,438,467,33,52,2,276,241,519,0,111,360,471
2017,San Francisco County,January,2462,78,114,12,42,11,135,2478,1137,29,36,6,25,1,42,1140,204,188,71,68,177,12,67,256,18,150,107,275
2017,San Joaquin County,January,8053,68,54,23,6,32,5,8155,7598,105,89,3,16,79,3,7697,145,43,197,98,8,111,22,141,26,143,173,342
2017,San Luis Obispo County,January,1122,46,37,13,35,40,12,1131,800,42,43,0,47,31,12,795,96,87,85,90,24,71,82,177,13,80,88,181
2017,San Mateo County,January,2621,63,12,0,60,25,8,2603,1758,54,7,0,15,26,5,1773,75,93,61,46,13,51,75,139,0,19,117,136
2017,Santa Barbara County,January,2288,72,60,0,41,58,23,2298,1754,187,72,0,102,65,7,1839,132,122,259,174,30,123,143,296,0,132,259,391
2017,Santa Clara County,January,5613,509,157,347,245,208,530,5643,2038,234,90,210,111,171,282,2008,1013,983,534,564,812,379,356,1547,557,247,743,1547
2017,Santa Cruz County,January,1200,20,19,0,19,12,48,1160,506,22,3,2,6,18,0,509,39,79,27,24,48,30,25,103,2,22,42,66
2017,Shasta County,January,1708,70,13,0,64,13,0,1714,1,0,0,0,0,0,0,1,83,77,0,0,0,13,64,77,0,13,70,83
2017,Sierra County,January,29,1,0,0,1,0,1,28,12,0,0,0,0,0,0,12,1,2,0,0,1,0,1,2,0,0,1,1
2017,Siskiyou County,January,381,7,12,0,8,17,2,373,9,0,0,0,0,0,0,9,19,27,0,0,2,17,8,27,0,12,7,19
2017,Solano County,January,1688,50,0,0,24,10,6,1698,1013,27,0,0,27,2,5,1006,50,40,27,34,11,12,51,74,0,0,77,77
2017,Sonoma County,January,1953,43,49,1,61,90,3,1892,152,48,17,0,13,19,24,161,93,154,65,56,27,109,74,210,1,66,91,158
2017,Stanislaus County,January,3381,132,58,11,101,72,32,3377,1166,62,41,26,21,71,0,1203,201,205,129,92,32,143,122,297,37,99,194,330
2017,Sutter County,January,714,19,9,0,1,24,15,702,13,0,1,0,1,3,0,10,28,40,1,4,15,27,2,44,0,10,19,29
2017,Tehama County,January,848,8,0,0,6,0,5,845,70,0,0,0,0,1,0,69,8,11,0,1,5,1,6,12,0,0,8,8
2017,Trinity County,January,82,6,4,1,1,3,2,87,20,2,1,0,2,4,0,17,11,6,3,6,2,7,3,12,1,5,8,14
2017,Tulare County,January,3102,88,63,3,122,41,5,3088,418,57,46,0,67,49,1,404,154,168,103,117,6,90,189,285,3,109,145,257
2017,Tuolumne County,January,506,5,0,7,6,5,13,494,125,2,0,2,3,2,2,122,12,24,4,7,15,7,9,31,9,0,7,16
2017,Ventura County,January,1993,87,15,0,69,0,0,2026,6514,256,31,0,138,26,0,6637,102,69,287,164,0,26,207,233,0,46,343,389
2017,Yolo County,January,2331,19,23,0,30,5,1,2337,450,19,4,0,5,5,0,463,42,36,23,10,1,10,35,46,0,27,38,65
2017,Yuba County,January,16,23,13,0,31,0,10,11,10,3,0,0,3,0,2,8,36,41,3,5,12,0,34,46,0,13,26,39
2017,Alameda County,February,7237,87,39,60,111,140,42,7130,214,2,1,3,6,2,1,211,186,293,6,9,43,142,117,302,63,40,89,192
2017,Alpine County,February,21,1,1,0,0,1,0,22,67,4,0,0,1,0,0,70,2,1,4,1,0,1,1,2,0,1,5,6
2017,Amador County,February,231,9,6,5,7,9,0,235,1055,23,4,0,20,3,5,1054,20,16,27,28,5,12,27,44,5,10,32,47
2017,Butte County,February,1403,32,64,0,20,63,8,1408,364,21,17,0,17,19,2,364,96,91,38,38,10,82,37,129,0,81,53,134
2017,Calaveras County,February,239,3,5,0,7,5,2,233,156,9,2,0,3,6,3,155,8,14,11,12,5,11,10,26,0,7,12,19
2017,Colusa County,February,111,3,3,0,0,3,3,111,40,1,1,0,0,1,1,40,6,6,2,2,4,4,0,8,0,4,4,8
2017,Contra Costa County,February,3485,62,8,10,65,7,31,3462,2,0,0,0,0,0,0,2,80,103,0,0,31,7,65,103,10,8,62,80
2017,Del Norte County,February,152,3,2,1,1,5,2,150,102,1,2,1,3,2,1,100,6,8,4,6,3,7,4,14,2,4,4,10
2017,El Dorado County,February,912,10,4,0,14,8,1,903,106,7,0,0,2,0,0,111,14,23,7,2,1,8,16,25,0,4,17,21
2017,Fresno County,February,4958,165,111,0,166,201,4,4863,4415,120,100,3,51,168,0,4419,276,371,223,219,4,369,217,590,3,211,285,499
2017,Glenn County,February,166,5,0,0,3,5,3,160,93,4,1,0,2,1,0,95,5,11,5,3,3,6,5,14,0,1,9,10
2017,Humboldt County,February,1098,18,0,4,12,6,4,1098,23,1,0,0,0,0,2,22,22,22,1,2,6,6,12,24,4,0,19,23
2017,Imperial County,February,3187,47,27,0,21,39,0,3201,51,0,0,0,0,0,0,51,74,60,0,0,0,39,21,60,0,27,47,74
2017,Inyo County,February,178,4,6,0,0,2,2,184,98,3,7,0,1,1,1,105,10,4,10,3,3,3,1,7,0,13,7,20
2017,Kern County,February,7148,114,16,12,112,22,13,7143,0,0,0,0,0,0,0,0,142,147,0,0,13,22,112,147,12,16,114,142
2017,Kings County,February,1452,33,4,56,31,4,68,1442,1920,18,4,19,30,2,4,1925,93,103,41,36,72,6,61,139,75,8,51,134
2017,Lake County,February,537,17,7,5,16,0,0,550,69,7,0,2,3,0,1,74,29,16,9,4,1,0,19,20,7,7,24,38
2017,Lassen County,February,80,3,0,2,1,4,0,80,39,1,0,0,3,0,0,37,5,5,1,3,0,4,4,8,2,0,4,6
2017,Los Angeles County,February,44131,1099,278,0,488,647,44,44329,85,3,0,0,1,1,0,86,1377,1179,3,2,44,648,489,1181,0,278,1102,1380
2017,Madera County,February,2774,29,35,0,11,44,0,2783,539,21,7,0,3,37,0,527,64,55,28,40,0,81,14,95,0,42,50,92
2017,Marin County,February,1421,27,7,0,22,14,0,1419,788,20,5,0,11,23,0,779,34,36,25,34,0,37,33,70,0,12,47,59
2017,Mariposa County,February,104,3,1,1,1,1,0,107,172,25,5,0,6,5,3,188,5,2,30,14,3,6,7,16,1,6,28,35
2017,Mendocino County,February,708,14,11,0,11,13,8,701,142,6,6,0,2,5,0,147,25,32,12,7,8,18,13,39,0,17,20,37
2017,Merced County,February,1274,58,50,2,2,61,0,1321,29,1,0,1,0,1,0,30,110,63,2,1,0,62,2,64,3,50,59,112
2017,Modoc County,February,83,0,0,1,1,0,0,83,39,0,0,0,3,0,0,36,1,1,0,3,0,0,4,4,1,0,0,1
2017,Mono County,February,93,0,0,1,3,0,1,90,54,1,0,1,6,0,0,50,1,4,2,6,1,0,9,10,2,0,1,3
2017,Monterey County,February,1464,18,18,0,17,18,29,1436,221,5,2,8,3,0,0,233,36,64,15,3,29,18,20,67,8,20,23,51
2017,Napa County,February,674,23,23,0,22,28,8,662,1274,56,27,5,30,43,7,1282,46,58,88,80,15,71,52,138,5,50,79,134
2017,Nevada County,February,608,5,17,6,6,20,16,594,146,6,3,1,0,3,6,147,28,42,10,9,22,23,6,51,7,20,11,38
2017,Orange County,February,9786,366,352,82,198,253,149,9986,4247,56,16,0,17,19,0,4283,800,600,72,36,149,272,215,636,82,368,422,872
2017,Placer County,February,2001,61,0,0,23,6,31,2002,1312,62,1,0,5,4,16,1350,61,60,63,25,47,10,28,85,0,1,123,124
2017,Plumas County,February,69,2,3,0,4,2,0,68,109,8,1,0,2,3,1,112,5,6,9,6,1,5,6,12,0,4,10,14
2017,Riverside County,February,8545,280,170,17,289,270,0,8453,781,64,15,0,41,33,3,783,467,559,79,77,3,303,330,636,17,185,344,546
2017,Sacramento County,February,15070,250,0,0,244,0,0,15076,4662,69,0,4,107,0,10,4618,250,244,73,117,10,0,351,361,4,0,319,323
2017,San Benito County,February,279,1,1,2,2,9,1,271,140,2,0,1,0,3,4,136,4,12,3,7,5,12,2,19,3,1,3,7
2017,San Bernardino County,February,13504,629,51,51,406,252,2,13575,156,6,0,3,28,2,0,135,731,660,9,30,2,254,434,690,54,51,635,740
2017,San Diego County,February,8654,287,98,0,187,209,7,8636,735,26,3,0,34,10,0,720,385,403,29,44,7,219,221,447,0,101,313,414
2017,San Francisco County,February,2478,65,77,19,28,10,141,2460,1140,25,22,4,21,4,55,1111,161,179,51,80,196,14,49,259,23,99,90,212
2017,San Joaquin County,February,8155,79,76,38,3,97,0,8248,7697,98,79,4,4,137,4,7733,193,100,181,145,4,234,7,245,42,155,177,374
2017,San Luis Obispo County,February,1131,31,35,16,37,29,4,1143,795,41,44,0,37,61,2,780,82,70,85,100,6,90,74,170,16,79,72,167
2017,San Mateo County,February,2603,51,18,0,88,31,13,2540,1773,43,11,0,31,33,2,1761,69,132,54,66,15,64,119,198,0,29,94,123
2017,Santa Barbara County,February,2277,80,63,0,28,49,6,2337,1776,135,55,0,116,61,3,1786,143,83,190,180,9,110,144,263,0,118,215,333
2017,Santa Clara County,February,5643,473,170,397,203,237,632,5611,2008,247,113,252,123,131,321,2045,1040,1072,612,575,953,368,326,1647,649,283,720,1652
2017,Santa Cruz County,February,1160,21,20,0,25,4,28,1144,509,16,2,11,15,7,0,516,41,57,29,22,28,11,40,79,11,22,37,70
2017,Shasta County,February,1714,28,13,0,74,13,0,1668,1,0,0,0,0,0,0,1,41,87,0,0,0,13,74,87,0,13,28,41
2017,Sierra County,February,28,1,0,0,0,0,0,29,12,0,0,0,0,0,0,12,1,0,0,0,0,0,0,0,0,0,1,1
2017,Siskiyou County,February,373,11,14,0,8,24,0,366,9,0,0,0,0,0,0,9,25,32,0,0,0,24,8,32,0,14,11,25
2017,Solano County,February,1673,30,0,0,20,15,4,1664,1011,21,0,0,21,1,1,1009,30,39,21,23,5,16,41,62,0,0,51,51
2017,Sonoma County,February,1892,59,72,0,58,70,6,1889,161,41,17,1,5,24,21,170,131,134,59,50,27,94,63,184,1,89,100,190
2017,Stanislaus County,February,3377,108,59,9,103,85,10,3355,1203,51,45,8,30,51,13,1213,176,198,104,94,23,136,133,292,17,104,159,280
2017,Sutter County,February,702,18,12,2,3,20,19,692,10,1,0,0,1,0,0,10,32,42,1,1,19,20,4,43,2,12,19,33
2017,Tehama County,February,845,7,2,0,2,0,0,852,69,0,0,0,0,0,0,69,9,2,0,0,0,0,2,2,0,2,7,9
2017,Trinity County,February,87,2,3,0,2,5,2,83,17,3,0,0,0,0,0,20,5,9,3,0,2,5,2,9,0,3,5,8
2017,Tulare County,February,3088,93,39,4,72,48,2,3102,404,35,20,1,32,38,0,390,136,122,56,70,2,86,104,192,5,59,128,192
2017,Tuolumne County,February,494,10,1,8,4,12,5,492,122,0,0,2,7,2,0,115,19,21,2,9,5,14,11,30,10,1,10,21
2017,Ventura County,February,1987,60,18,0,62,0,0,2003,6581,185,21,0,92,73,0,6622,78,62,206,165,0,73,154,227,0,39,245,284
2017,Yolo County,February,2337,21,17,0,35,1,0,2339,463,15,6,0,17,7,0,460,38,36,21,24,0,8,52,60,0,23,36,59
2017,Yuba County,February,11,24,14,1,38,0,6,6,8,1,0,0,1,0,1,7,39,44,1,2,7,0,39,46,1,14,25,40
2017,Alameda County,March,7130,137,58,106,119,231,106,6975,211,5,1,3,6,5,1,208,301,456,9,12,107,236,125,468,109,59,142,310
2017,Alpine County,March,22,0,1,0,1,3,0,19,70,2,2,0,1,3,0,70,1,4,4,4,0,6,2,8,0,3,2,5
2017,Amador County,March,235,11,3,3,10,6,0,236,1054,29,6,0,33,6,5,1045,17,16,35,44,5,12,43,60,3,9,40,52
2017,Butte County,March,1311,46,81,0,25,107,16,1290,365,28,16,0,16,32,2,359,127,148,44,50,18,139,41,198,0,97,74,171
2017,Calaveras County,March,233,6,6,1,5,13,3,225,155,5,5,0,3,10,2,150,13,21,10,15,5,23,8,36,1,11,11,23
2017,Colusa County,March,111,7,4,0,3,7,1,111,40,1,0,0,4,3,0,34,11,11,1,7,1,10,7,18,0,4,8,12
2017,Contra Costa County,March,3462,132,6,12,81,6,35,3490,2,0,0,0,0,0,0,2,150,122,0,0,35,6,81,122,12,6,132,150
2017,Del Norte County,March,150,4,2,0,4,2,3,147,100,4,1,0,1,3,0,101,6,9,5,4,3,5,5,13,0,3,8,11
2017,El Dorado County,March,891,21,7,0,21,6,0,892,107,13,0,0,4,0,0,116,28,27,13,4,0,6,25,31,0,7,34,41
2017,Fresno County,March,4863,176,104,0,165,227,3,4748,4419,137,144,8,138,202,0,4368,280,395,289,340,3,429,303,735,8,248,313,569
2017,Glenn County,March,160,14,5,1,3,2,2,173,95,8,4,0,4,10,1,92,20,7,12,15,3,12,7,22,1,9,22,32
2017,Humboldt County,March,1098,28,0,2,14,12,7,1095,22,0,0,0,0,0,0,22,30,33,0,0,7,12,14,33,2,0,28,30
2017,Imperial County,March,3201,57,27,0,14,35,0,3236,51,0,0,0,0,0,0,51,84,49,0,0,0,35,14,49,0,27,57,84
2017,Inyo County,March,181,5,10,1,0,7,1,189,105,3,8,0,3,3,0,110,16,8,11,6,1,10,3,14,1,18,8,27
2017,Kern County,March,7143,179,21,14,161,27,18,7151,0,0,0,0,0,0,0,0,214,206,0,0,18,27,161,206,14,21,179,214
2017,Kings County,March,1442,27,3,4,35,7,18,1416,1925,19,5,21,80,6,5,1879,34,60,45,91,23,13,115,151,25,8,46,79
2017,Lake County,March,534,18,6,1,11,2,0,546,74,5,0,0,0,0,0,79,25,13,5,0,0,2,11,13,1,6,23,30
2017,Lassen County,March,80,2,1,0,4,5,1,73,37,1,1,0,1,1,0,37,3,10,2,2,1,6,5,12,0,2,3,5
2017,Los Angeles County,March,44046,1213,335,0,576,778,54,44186,89,1,0,0,0,0,0,90,1548,1408,1,0,54,778,576,1408,0,335,1214,1549
2017,Madera County,March,2783,6,6,0,2,32,0,2761,527,10,9,0,3,20,0,523,12,34,19,23,0,52,5,57,0,15,16,31
2017,Marin County,March,1419,23,6,0,17,17,0,1414,779,20,5,0,17,30,0,757,29,34,25,47,0,47,34,81,0,11,43,54
2017,Mariposa County,March,104,2,3,1,3,3,2,102,186,13,8,1,4,9,5,190,6,8,22,18,7,12,7,26,2,11,15,28
2017,Mendocino County,March,703,24,21,0,21,32,0,695,146,9,8,0,9,12,0,142,45,53,17,21,0,44,30,74,0,29,33,62
2017,Merced County,March,1315,86,75,1,2,65,0,1410,30,1,0,1,0,1,0,31,162,67,2,1,0,66,2,68,2,75,87,164
2017,Modoc County,March,83,0,0,0,0,0,4,79,36,0,0,0,2,0,0,34,0,4,0,2,4,0,2,6,0,0,0,0
2017,Mono County,March,90,6,0,0,5,0,2,89,50,0,0,2,4,0,1,47,6,7,2,5,3,0,9,12,2,0,6,8
2017,Monterey County,March,1436,21,4,8,13,20,0,1436,233,5,0,0,1,3,5,229,33,33,5,9,5,23,14,42,8,4,26,38
2017,Napa County,March,662,21,21,15,23,43,8,645,1282,66,34,53,52,93,7,1283,57,74,153,152,15,136,75,226,68,55,87,210
2017,Nevada County,March,594,18,12,8,3,17,16,596,147,3,2,2,3,3,3,145,38,36,7,9,19,20,6,45,10,14,21,45
2017,Orange County,March,9986,516,316,35,365,240,261,9987,4283,60,8,0,14,8,0,4329,867,866,68,22,261,248,379,888,35,324,576,935
2017,Placer County,March,1956,69,1,0,21,8,29,1968,1336,73,0,0,25,3,14,1367,70,58,73,42,43,11,46,100,0,1,142,143
2017,Plumas County,March,68,4,2,0,4,1,0,69,112,13,2,0,5,2,2,118,6,5,15,9,2,3,9,14,0,4,17,21
2017,Riverside County,March,8453,406,211,11,230,348,0,8503,783,57,27,0,31,54,8,774,628,578,84,93,8,402,261,671,11,238,463,712
2017,Sacramento County,March,15076,293,0,0,259,0,0,15110,4618,90,0,0,108,0,0,4600,293,259,90,108,0,0,367,367,0,0,383,383
2017,San Benito County,March,271,6,4,2,3,3,6,271,136,4,1,0,1,5,1,134,12,12,5,7,7,8,4,19,2,5,10,17
2017,San Bernardino County,March,13473,707,64,62,451,302,3,13550,134,4,0,0,19,2,0,117,833,756,4,21,3,304,470,777,62,64,711,837
2017,San Diego County,March,8636,412,89,0,204,249,3,8681,720,50,5,0,30,14,0,731,501,456,55,44,3,263,234,500,0,94,462,556
2017,San Francisco County,March,2460,91,105,3,34,8,148,2469,1111,23,21,0,26,1,59,1069,199,190,44,86,207,9,60,276,3,126,114,243
2017,San Joaquin County,March,8248,94,73,22,2,38,9,8388,7733,106,50,2,5,73,5,7808,189,49,158,83,14,111,7,132,24,123,200,347
2017,San Luis Obispo County,March,1143,42,40,10,53,45,21,1116,780,62,56,0,65,55,3,775,92,119,118,123,24,100,118,242,10,96,104,210
2017,San Mateo County,March,2540,82,29,0,54,37,12,2548,1761,53,11,0,34,24,3,1764,111,103,64,61,15,61,88,164,0,40,135,175
2017,Santa Barbara County,March,2299,81,51,0,51,67,9,2304,1776,174,60,0,131,76,3,1800,132,127,234,210,12,143,182,337,0,111,255,366
2017,Santa Clara County,March,5611,538,201,430,230,312,673,5565,2045,256,144,323,146,244,355,2023,1169,1215,723,745,1028,556,376,1960,753,345,794,1892
2017,Santa Cruz County,March,1144,28,27,0,25,15,10,1149,516,17,0,0,16,7,13,497,55,50,17,36,23,22,41,86,0,27,45,72
2017,Shasta County,March,1668,45,16,0,53,16,0,1660,1,0,0,0,0,0,0,1,61,69,0,0,0,16,53,69,0,16,45,61
2017,Sierra County,March,29,0,0,0,1,0,0,28,12,1,0,0,0,0,0,13,0,1,1,0,0,0,1,1,0,0,1,1
2017,Siskiyou County,March,366,13,17,0,7,28,3,358,9,0,0,0,0,0,0,9,30,38,0,0,3,28,7,38,0,17,13,30
2017,Solano County,March,1653,62,0,0,11,8,2,1694,1006,29,0,0,20,2,0,1013,62,21,29,22,2,10,31,43,0,0,91,91
2017,Sonoma County,March,1889,54,76,0,60,74,0,1885,170,31,24,0,15,24,30,156,130,134,55,69,30,98,75,203,0,100,85,185
2017,Stanislaus County,March,3355,113,84,14,89,84,10,3383,1213,52,35,9,33,78,0,1198,211,183,96,111,10,162,122,294,23,119,165,307
2017,Sutter County,March,692,18,17,2,4,35,13,677,10,2,0,0,0,0,0,12,37,52,2,0,13,35,4,52,2,17,20,39
2017,Tehama County,March,852,8,0,0,9,0,1,850,69,0,0,0,1,1,0,67,8,10,0,2,1,1,10,12,0,0,8,8
2017,Trinity County,March,83,6,3,0,3,3,0,86,20,0,2,1,1,1,0,21,9,6,3,2,0,4,4,8,1,5,6,12
2017,Tulare County,March,3102,79,45,9,109,51,0,3075,390,32,22,0,26,41,0,377,133,160,54,67,0,92,135,227,9,67,111,187
2017,Tuolumne County,March,492,11,5,5,4,9,13,487,115,2,0,3,10,1,4,105,21,26,5,15,17,10,14,41,8,5,13,26
2017,Ventura County,March,1964,68,3,0,57,12,0,1966,6522,220,30,0,102,138,0,6532,71,69,250,240,0,150,159,309,0,33,288,321
2017,Yolo County,March,2339,30,31,0,39,10,16,2335,460,16,4,0,12,8,0,460,61,65,20,20,16,18,51,85,0,35,46,81
2017,Yuba County,March,6,35,13,4,50,0,2,6,7,3,0,0,0,0,3,7,52,52,3,3,5,0,50,55,4,13,38,55
2017,Alameda County,April,6975,119,48,80,115,184,88,6835,208,7,1,3,5,6,0,208,247,387,11,11,88,190,120,398,83,49,126,258
2017,Alpine County,April,19,0,2,0,0,0,0,21,70,3,0,1,1,1,0,72,2,0,4,2,0,1,1,2,1,2,3,6
2017,Amador County,April,236,9,1,1,11,0,0,236,1045,19,0,0,20,0,5,1039,11,11,19,25,5,0,31,36,1,1,28,30
2017,Butte County,April,1076,47,57,0,28,78,5,1069,371,24,11,0,24,26,1,355,104,111,35,51,6,104,52,162,0,68,71,139
2017,Calaveras County,April,225,4,6,2,3,10,2,222,150,8,4,1,1,6,2,154,12,15,13,9,4,16,4,24,3,10,12,25
2017,Colusa County,April,111,4,1,0,1,7,1,107,34,3,1,0,2,2,0,34,5,9,4,4,1,9,3,13,0,2,7,9
2017,Contra Costa County,April,3490,83,5,9,92,8,26,3461,2,0,0,0,0,0,0,2,97,126,0,0,26,8,92,126,9,5,83,97
2017,Del Norte County,April,147,5,3,0,6,7,1,141,101,9,3,0,4,5,0,104,8,14,12,9,1,12,10,23,0,6,14,20
2017,El Dorado County,April,898,22,3,0,19,14,0,890,119,1,0,0,7,1,0,112,25,33,1,8,0,15,26,41,0,3,23,26
2017,Fresno County,April,4748,203,136,0,100,178,2,4807,4368,163,130,2,83,231,2,4347,339,280,295,316,4,409,183,596,2,266,366,634
2017,Glenn County,April,173,6,1,0,4,5,1,170,92,9,4,0,1,5,3,96,7,10,13,9,4,10,5,19,0,5,15,20
2017,Humboldt County,April,1095,45,0,4,17,7,10,1110,22,1,0,0,2,0,1,20,49,34,1,3,11,7,19,37,4,0,46,50
2017,Imperial County,April,3236,35,34,0,10,44,0,3251,51,0,0,0,0,0,0,51,69,54,0,0,0,44,10,54,0,34,35,69
2017,Inyo County,April,187,11,5,0,4,10,0,189,103,6,1,0,3,1,0,106,16,14,7,4,0,11,7,18,0,6,17,23
2017,Kern County,April,7151,147,16,11,140,21,13,7151,0,0,0,0,0,0,0,0,174,174,0,0,13,21,140,174,11,16,147,174
2017,Kings County,April,1416,31,1,11,26,4,20,1409,1879,19,2,38,46,5,2,1885,43,50,59,53,22,9,72,103,49,3,50,102
2017,Lake County,April,531,7,4,5,18,0,0,529,69,5,0,2,2,0,0,74,16,18,7,2,0,0,20,20,7,4,12,23
2017,Lassen County,April,71,2,5,1,4,2,0,73,37,1,1,0,3,0,2,34,8,6,2,5,2,2,7,11,1,6,3,10
2017,Los Angeles County,April,43848,1083,331,0,548,704,64,43946,89,2,0,0,0,1,1,89,1414,1316,2,2,65,705,548,1318,0,331,1085,1416
2017,Madera County,April,2761,11,20,0,34,29,7,2722,523,11,9,0,21,13,3,506,31,70,20,37,10,42,55,107,0,29,22,51
2017,Marin County,April,1414,16,4,0,24,16,0,1394,757,14,3,0,1,20,0,753,20,40,17,21,0,36,25,61,0,7,30,37
2017,Mariposa County,April,102,5,2,1,2,2,4,102,187,4,7,0,5,4,2,187,8,8,11,11,6,6,7,19,1,9,9,19
2017,Mendocino County,April,692,15,18,0,8,19,4,694,140,8,6,0,9,5,0,140,33,31,14,14,4,24,17,45,0,24,23,47
2017,Merced County,April,1400,60,64,7,2,69,1,1459,31,1,1,0,0,1,0,32,131,72,2,1,1,70,2,73,7,65,61,133
2017,Modoc County,April,79,3,0,0,1,0,1,80,34,1,0,0,2,0,0,33,3,2,1,2,1,0,3,4,0,0,4,4
2017,Mono County,April,89,5,0,0,2,0,2,90,47,3,0,0,0,0,1,49,5,4,3,1,3,0,2,5,0,0,8,8
2017,Monterey County,April,1436,13,6,0,18,15,7,1415,229,0,0,2,2,6,0,223,19,40,2,8,7,21,20,48,2,6,13,21
2017,Napa County,April,645,17,19,15,16,32,2,646,1283,56,36,12,21,70,4,1292,51,50,104,95,6,102,37,145,27,55,73,155
2017,Nevada County,April,596,13,17,7,15,17,15,586,145,4,5,2,2,5,4,145,37,47,11,11,19,22,17,58,9,22,17,48
2017,Orange County,April,9987,507,373,25,267,261,247,10117,4329,35,28,0,31,21,1,4339,905,775,63,53,248,282,298,828,25,401,542,968
2017,Placer County,April,1937,50,1,0,33,5,27,1923,1334,52,0,0,12,7,22,1345,51,65,52,41,49,12,45,106,0,1,102,103
2017,Plumas County,April,69,3,2,1,1,6,0,68,118,6,11,0,0,15,3,117,6,7,17,18,3,21,1,25,1,13,9,23
2017,Riverside County,April,8503,352,180,9,261,287,0,8496,774,43,17,0,30,37,1,766,541,548,60,68,1,324,291,616,9,197,395,601
2017,Sacramento County,April,15110,231,0,0,253,0,0,15088,4600,57,0,3,100,0,6,4554,231,253,60,106,6,0,353,359,3,0,288,291
2017,San Benito County,April,271,6,3,5,2,4,3,276,134,11,0,0,1,3,1,140,14,9,11,5,4,7,3,14,5,3,17,25
2017,San Bernardino County,April,13398,652,45,57,444,284,4,13420,132,4,0,4,22,0,0,118,754,732,8,22,4,284,466,754,61,45,656,762
2017,San Diego County,April,8681,356,103,0,189,254,4,8693,731,33,2,0,22,16,0,728,459,447,35,38,4,270,211,485,0,105,389,494
2017,San Francisco County,April,2469,57,101,4,38,4,128,2461,1069,28,17,3,20,2,36,1059,162,170,48,58,164,6,58,228,7,118,85,210
2017,San Joaquin County,April,8388,48,44,21,0,32,6,8463,7808,64,45,4,0,60,2,7859,113,38,113,62,8,92,0,100,25,89,112,226
2017,San Luis Obispo County,April,1116,44,40,8,41,26,9,1132,775,36,37,0,33,57,2,756,92,76,73,92,11,83,74,168,8,77,80,165
2017,San Mateo County,April,2548,55,19,0,68,22,6,2526,1764,28,5,0,36,21,1,1739,74,96,33,58,7,43,104,154,0,24,83,107
2017,Santa Barbara County,April,2290,63,31,0,55,44,18,2267,1802,161,34,0,127,66,5,1799,94,117,195,198,23,110,182,315,0,65,224,289
2017,Santa Clara County,April,5565,461,157,314,217,238,521,5521,2023,242,122,252,140,158,328,2013,932,976,616,626,849,396,357,1602,566,279,703,1548
2017,Santa Cruz County,April,1149,16,18,6,19,15,0,1155,497,14,4,9,23,16,0,485,40,34,27,39,0,31,42,73,15,22,30,67
2017,Shasta County,April,1660,39,23,0,45,23,0,1654,1,0,0,0,0,0,0,1,62,68,0,0,0,23,45,68,0,23,39,62
2017,Sierra County,April,28,1,0,0,0,0,0,29,13,1,0,0,0,0,0,14,1,0,1,0,0,0,0,0,0,0,2,2
2017,Siskiyou County,April,358,15,16,0,15,17,1,356,9,0,0,0,1,0,0,8,31,33,0,1,1,17,16,34,0,16,15,31
2017,Solano County,April,1668,52,0,0,13,7,1,1699,1001,25,0,0,16,0,3,1007,52,21,25,19,4,7,29,40,0,0,77,77
2017,Sonoma County,April,1885,71,67,1,60,64,1,1899,156,33,18,0,11,27,17,152,139,125,51,55,18,91,71,180,1,85,104,190
2017,Stanislaus County,April,3383,109,69,9,116,84,11,3359,1198,48,41,11,33,70,14,1181,187,211,100,117,25,154,149,328,20,110,157,287
2017,Sutter County,April,677,21,17,3,0,24,8,686,12,1,0,0,0,1,0,12,41,32,1,1,8,25,0,33,3,17,22,42
2017,Tehama County,April,850,8,1,0,3,0,1,855,67,0,0,0,0,0,0,67,9,4,0,0,1,0,3,4,0,1,8,9
2017,Trinity County,April,86,3,3,0,0,4,2,86,21,1,1,0,1,3,2,17,6,6,2,6,4,7,1,12,0,4,4,8
2017,Tulare County,April,3075,87,39,5,70,37,2,3097,377,53,36,1,33,44,0,390,131,109,90,77,2,81,103,186,6,75,140,221
2017,Tuolumne County,April,487,14,1,6,3,10,7,488,105,6,0,4,7,1,1,106,21,20,10,9,8,11,10,29,10,1,20,31
2017,Ventura County,April,1966,63,28,0,51,0,0,2006,6532,214,21,0,96,44,0,6627,91,51,235,140,0,44,147,191,0,49,277,326
2017,Yolo County,April,2335,13,24,0,28,5,1,2338,460,17,4,0,11,5,0,465,37,34,21,16,1,10,39,50,0,28,30,58
2017,Yuba County,April,6,21,9,0,5,0,9,22,7,0,0,0,2,0,1,4,30,14,0,3,10,0,7,17,0,9,21,30
2017,Alameda County,May,6835,171,66,100,123,159,80,6810,208,1,3,3,7,4,1,203,337,362,7,12,81,163,130,374,103,69,172,344
2017,Alpine County,May,21,1,0,0,2,3,0,17,72,2,0,0,3,1,1,69,1,5,2,5,1,4,5,10,0,0,3,3
2017,Amador County,May,236,6,6,4,8,9,0,235,1039,25,3,6,29,7,0,1037,16,17,34,36,0,16,37,53,10,9,31,50
2017,Butte County,May,1073,33,81,0,34,97,7,1049,364,25,13,0,24,19,2,357,114,138,38,45,9,116,58,183,0,94,58,152
2017,Calaveras County,May,222,2,7,0,4,9,3,215,154,8,2,0,2,5,3,154,9,16,10,10,6,14,6,26,0,9,10,19
2017,Colusa County,May,107,7,4,0,2,6,1,109,34,1,1,0,1,2,1,32,11,9,2,4,2,8,3,13,0,5,8,13
2017,Contra Costa County,May,3461,107,15,17,79,5,32,3484,2,0,0,0,0,0,0,2,139,116,0,0,32,5,79,116,17,15,107,139
2017,Del Norte County,May,141,12,3,1,7,2,1,147,104,6,2,1,4,7,3,99,16,10,9,14,4,9,11,24,2,5,18,25
2017,El Dorado County,May,891,29,9,0,36,16,0,877,112,9,2,0,7,2,0,114,38,52,11,9,0,18,43,61,0,11,38,49
2017,Fresno County,May,4807,175,132,0,157,224,1,4732,4347,147,146,5,75,177,2,4391,307,382,298,254,3,401,232,636,5,278,322,605
2017,Glenn County,May,170,8,1,1,5,4,2,169,96,5,1,1,2,2,1,98,10,11,7,5,3,6,7,16,2,2,13,17
2017,Humboldt County,May,1110,28,0,1,15,12,5,1107,20,1,0,0,1,0,0,20,29,32,1,1,5,12,16,33,1,0,29,30
2017,Imperial County,May,3251,25,27,0,49,33,0,3221,51,2,0,0,0,0,0,53,52,82,2,0,0,33,49,82,0,27,27,54
2017,Inyo County,May,183,5,14,0,0,8,1,193,100,4,4,0,4,4,0,100,19,9,8,8,1,12,4,17,0,18,9,27
2017,Kern County,May,7151,174,21,12,130,19,11,7198,0,0,0,0,0,0,0,0,207,160,0,0,11,19,130,160,12,21,174,207
2017,Kings County,May,1409,39,2,8,36,1,27,1394,1885,20,0,30,57,3,1,1874,49,64,50,61,28,4,93,125,38,2,59,99
2017,Lake County,May,518,19,5,4,6,0,0,540,70,12,0,0,0,0,0,82,28,6,12,0,0,0,6,6,4,5,31,40
2017,Lassen County,May,73,5,0,2,2,0,0,78,34,1,0,0,2,0,0,33,7,2,1,2,0,0,4,4,2,0,6,8
2017,Los Angeles County,May,43780,1316,371,0,606,729,57,44075,88,3,0,0,1,2,1,87,1687,1392,3,4,58,731,607,1396,0,371,1319,1690
2017,Madera County,May,2722,18,12,0,11,32,0,2709,506,15,7,0,8,17,0,503,30,43,22,25,0,49,19,68,0,19,33,52
2017,Marin County,May,1394,18,5,0,9,16,0,1392,753,19,7,0,10,14,0,755,23,25,26,24,0,30,19,49,0,12,37,49
2017,Mariposa County,May,102,2,4,1,1,5,0,103,184,17,11,0,4,8,1,199,7,6,28,13,1,13,5,19,1,15,19,35
2017,Mendocino County,May,691,20,15,0,20,6,7,693,142,9,7,0,2,2,0,154,35,33,16,4,7,8,22,37,0,22,29,51
2017,Merced County,May,1451,75,68,5,8,83,5,1503,32,4,1,1,2,4,0,32,148,96,6,6,5,87,10,102,6,69,79,154
2017,Modoc County,May,80,2,0,0,1,0,0,81,33,0,0,0,0,0,0,33,2,1,0,0,0,0,1,1,0,0,2,2
2017,Mono County,May,90,4,0,0,5,0,5,84,49,4,0,0,0,0,0,53,4,10,4,0,5,0,5,10,0,0,8,8
2017,Monterey County,May,1415,13,8,0,5,15,5,1411,223,3,0,6,4,0,0,228,21,25,9,4,5,15,9,29,6,8,16,30
2017,Napa County,May,646,17,30,0,22,38,4,629,1292,47,36,40,24,83,0,1308,47,64,123,107,4,121,46,171,40,66,64,170
2017,Nevada County,May,586,22,18,3,15,19,12,583,145,5,4,2,5,2,1,148,43,46,11,8,13,21,20,54,5,22,27,54
2017,Orange County,May,10117,541,451,41,345,243,261,10301,4339,46,9,0,13,16,29,4365,1033,849,55,58,290,259,358,907,41,460,587,1088
2017,Placer County,May,1923,60,2,0,23,3,23,1936,1362,73,1,0,11,2,13,1410,62,49,74,26,36,5,34,75,0,3,133,136
2017,Plumas County,May,68,2,3,1,0,2,1,71,117,5,4,0,4,4,3,115,6,3,9,11,4,6,4,14,1,7,7,15
2017,Riverside County,May,8496,328,217,9,241,275,0,8534,766,66,18,0,43,39,1,767,554,516,84,83,1,314,284,599,9,235,394,638
2017,Sacramento County,May,15088,300,0,0,321,0,0,15067,4554,56,0,1,99,0,2,4510,300,321,57,101,2,0,420,422,1,0,356,357
2017,San Benito County,May,276,5,3,0,6,68,2,208,140,8,0,0,1,38,0,109,8,76,8,39,2,106,7,115,0,3,13,16
2017,San Bernardino County,May,13181,694,63,68,450,286,5,13265,132,4,0,2,26,2,0,110,825,741,6,28,5,288,476,769,70,63,698,831
2017,San Diego County,May,8693,375,86,0,190,229,1,8734,728,52,2,0,35,13,1,733,461,420,54,49,2,242,225,469,0,88,427,515
2017,San Francisco County,May,2461,47,118,34,40,32,152,2436,1059,29,18,15,32,14,56,1019,199,224,62,102,208,46,72,326,49,136,76,261
2017,San Joaquin County,May,8463,41,63,32,0,32,4,8563,7859,53,55,6,0,60,2,7911,136,36,114,62,6,92,0,98,38,118,94,250
2017,San Luis Obispo County,May,1132,52,34,8,33,51,7,1135,756,34,49,0,44,56,3,736,94,91,83,103,10,107,77,194,8,83,86,177
2017,San Mateo County,May,2526,66,20,0,86,24,12,2490,1739,62,7,0,38,21,1,1748,86,122,69,60,13,45,124,182,0,27,128,155
2017,Santa Barbara County,May,2283,69,35,0,52,53,21,2261,1773,194,41,0,140,87,5,1776,104,126,235,232,26,140,192,358,0,76,263,339
2017,Santa Clara County,May,5521,555,189,358,241,237,582,5563,2013,278,123,308,126,180,375,2041,1102,1060,709,681,957,417,367,1741,666,312,833,1811
2017,Santa Cruz County,May,1155,28,20,0,34,17,42,1110,485,15,2,14,19,16,0,481,48,93,31,35,42,33,53,128,14,22,43,79
2017,Shasta County,May,1654,49,3,0,61,3,0,1642,1,0,0,0,0,0,0,1,52,64,0,0,0,3,61,64,0,3,49,52
2017,Sierra County,May,29,0,0,0,0,0,1,28,14,0,0,0,1,0,1,12,0,1,0,2,2,0,1,3,0,0,0,0
2017,Siskiyou County,May,356,10,12,0,10,29,1,338,8,0,0,0,0,0,0,8,22,40,0,0,1,29,10,40,0,12,10,22
2017,Solano County,May,1684,56,0,0,5,8,3,1724,1001,25,0,0,12,1,1,1012,56,16,25,14,4,9,17,30,0,0,81,81
2017,Sonoma County,May,1899,82,60,1,48,66,5,1923,152,25,23,0,20,42,17,121,143,119,48,79,22,108,68,198,1,83,107,191
2017,Stanislaus County,May,3359,147,62,9,100,80,11,3386,1181,63,65,2,31,46,2,1232,218,191,130,79,13,126,131,270,11,127,210,348
2017,Sutter County,May,686,26,17,3,0,17,19,696,12,1,2,0,0,1,1,13,46,36,3,2,20,18,0,38,3,19,27,49
2017,Tehama County,May,855,15,1,0,2,0,3,866,67,0,0,0,0,0,0,67,16,5,0,0,3,0,2,5,0,1,15,16
2017,Trinity County,May,86,6,1,0,0,5,2,86,17,1,0,1,1,2,0,16,7,7,2,3,2,7,1,10,1,1,7,9
2017,Tulare County,May,3097,84,52,13,149,49,3,3045,390,33,34,0,20,37,0,400,149,201,67,57,3,86,169,258,13,86,117,216
2017,Tuolumne County,May,488,12,1,9,6,18,5,481,106,3,0,2,7,8,1,95,22,29,5,16,6,26,13,45,11,1,15,27
2017,Ventura County,May,1958,83,39,0,59,0,0,2021,6555,259,22,0,109,54,0,6673,122,59,281,163,0,54,168,222,0,61,342,403
2017,Yolo County,May,2338,41,53,2,30,28,8,2368,465,14,12,0,5,11,0,475,96,66,26,16,8,39,35,82,2,65,55,122
2017,Yuba County,May,22,21,17,1,51,0,6,4,4,5,0,0,4,0,2,3,39,57,5,6,8,0,55,63,1,17,26,44
2017,Alameda County,June,6810,127,74,118,126,180,51,6772,203,1,4,2,7,6,0,197,319,357,7,13,51,186,133,370,120,78,128,326
2017,Alpine County,June,17,0,3,0,0,2,1,17,69,7,3,1,2,4,0,74,3,3,11,6,1,6,2,9,1,6,7,14
2017,Amador County,June,235,7,3,5,3,4,0,243,1037,27,2,0,23,7,9,1027,15,7,29,39,9,11,26,46,5,5,34,44
2017,Butte County,June,1397,44,83,0,18,98,5,1403,360,17,13,0,13,31,1,345,127,121,30,45,6,129,31,166,0,96,61,157
2017,Calaveras County,June,215,4,4,1,5,5,1,213,154,8,6,1,7,1,1,160,9,11,15,9,2,6,12,20,2,10,12,24
2017,Colusa County,June,109,3,5,0,0,7,5,105,32,0,0,0,0,2,0,30,8,12,0,2,5,9,0,14,0,5,3,8
2017,Contra Costa County,June,3484,105,7,15,46,5,17,3543,2,0,0,0,0,0,0,2,127,68,0,0,17,5,46,68,15,7,105,127
2017,Del Norte County,June,147,12,1,1,4,4,1,152,99,5,2,0,4,6,0,96,14,9,7,10,1,10,8,19,1,3,17,21
2017,El Dorado County,June,892,17,6,0,37,22,0,856,116,4,0,0,6,4,0,110,23,59,4,10,0,26,43,69,0,6,21,27
2017,Fresno County,June,4732,160,143,0,131,225,0,4679,4391,115,126,5,55,244,5,4333,303,356,246,304,5,469,186,660,5,269,275,549
2017,Glenn County,June,169,5,1,0,5,7,1,162,98,9,2,1,2,9,1,98,6,13,12,12,2,16,7,25,1,3,14,18
2017,Humboldt County,June,1107,30,0,2,14,7,15,1103,20,1,0,0,0,0,0,21,32,36,1,0,15,7,14,36,2,0,31,33
2017,Imperial County,June,3221,46,30,0,19,41,0,3237,53,1,0,0,0,0,0,54,76,60,1,0,0,41,19,60,0,30,47,77
2017,Inyo County,June,188,5,6,1,3,10,1,186,96,9,4,0,2,9,0,98,12,14,13,11,1,19,5,25,1,10,14,25
2017,Kern County,June,7198,186,22,14,156,25,16,7223,0,0,0,0,0,0,0,0,222,197,0,0,16,25,156,197,14,22,186,222
2017,Kings County,June,1394,43,1,3,31,3,22,1385,1874,25,1,26,41,3,6,1876,47,56,52,50,28,6,72,106,29,2,68,99
2017,Lake County,June,517,21,4,1,8,0,2,533,79,1,0,1,2,0,1,78,26,10,2,3,3,0,10,13,2,4,22,28
2017,Lassen County,June,78,4,0,0,2,2,1,77,33,3,0,0,0,0,0,36,4,5,3,0,1,2,2,5,0,0,7,7
2017,Los Angeles County,June,43737,1246,284,0,601,756,60,43850,88,1,1,0,2,1,0,87,1530,1417,2,3,60,757,603,1420,0,285,1247,1532
2017,Madera County,June,2709,45,40,0,13,37,2,2742,503,42,17,0,1,18,0,543,85,52,59,19,2,55,14,71,0,57,87,144
2017,Marin County,June,1392,17,4,0,13,12,0,1388,755,18,4,0,11,12,0,754,21,25,22,23,0,24,24,48,0,8,35,43
2017,Mariposa County,June,102,1,1,2,2,1,1,102,195,8,8,0,3,8,12,188,4,4,16,23,13,9,5,27,2,9,9,20
2017,Mendocino County,June,689,12,23,0,15,3,5,701,154,5,7,0,7,8,0,151,35,23,12,15,5,11,22,38,0,30,17,47
2017,Merced County,June,1500,62,67,7,36,92,7,1501,33,2,1,2,1,2,1,34,136,135,5,4,8,94,37,139,9,68,64,141
2017,Modoc County,June,81,1,0,1,1,0,2,80,33,1,0,0,0,0,0,34,2,3,1,0,2,0,1,3,1,0,2,3
2017,Mono County,June,84,9,0,0,1,0,0,92,53,3,0,0,2,0,0,54,9,1,3,2,0,0,3,3,0,0,12,12
2017,Monterey County,June,1411,1,3,5,15,10,0,1395,228,3,0,0,0,0,5,226,9,25,3,5,5,10,15,30,5,3,4,12
2017,Napa County,June,629,23,23,15,10,42,5,633,1308,39,29,33,38,74,5,1292,61,57,101,117,10,116,48,174,48,52,62,162
2017,Nevada County,June,583,22,9,9,12,19,15,577,148,4,6,1,2,4,0,153,40,46,11,6,15,23,14,52,10,15,26,51
2017,Orange County,June,10301,733,431,6,297,328,178,10668,4365,53,7,0,25,9,0,4391,1170,803,60,34,178,337,322,837,6,438,786,1230
2017,Placer County,June,1907,62,1,0,31,12,30,1897,1370,59,0,0,5,7,27,1390,63,73,59,39,57,19,36,112,0,1,121,122
2017,Plumas County,June,71,8,3,0,3,3,1,75,115,8,7,0,1,8,1,120,11,7,15,10,2,11,4,17,0,10,16,26
2017,Riverside County,June,8534,343,187,16,331,323,0,8426,767,54,29,0,51,48,12,739,546,654,83,111,12,371,382,765,16,216,397,629
2017,Sacramento County,June,15067,284,0,0,271,0,0,15080,4510,99,0,2,114,0,4,4493,284,271,101,118,4,0,385,389,2,0,383,385
2017,San Benito County,June,208,4,5,0,9,10,1,197,109,2,3,1,1,3,0,111,9,20,6,4,1,13,10,24,1,8,6,15
2017,San Bernardino County,June,13082,680,66,57,384,301,5,13195,123,6,0,1,22,0,0,108,803,690,7,22,5,301,406,712,58,66,686,810
2017,San Diego County,June,8734,242,72,0,200,211,6,8631,733,31,5,0,26,9,3,731,314,417,36,38,9,220,226,455,0,77,273,350
2017,San Francisco County,June,2436,54,97,49,59,39,156,2382,1019,34,28,26,58,8,41,1000,200,254,88,107,197,47,117,361,75,125,88,288
2017,San Joaquin County,June,8563,88,31,24,0,18,9,8679,7911,80,79,1,0,73,7,7991,143,27,160,80,16,91,0,107,25,110,168,303
2017,San Luis Obispo County,June,1135,43,36,6,55,60,9,1096,736,33,38,0,32,58,7,710,85,124,71,97,16,118,87,221,6,74,76,156
2017,San Mateo County,June,2490,33,2,0,50,6,7,2462,1748,30,3,0,7,7,1,1766,35,63,33,15,8,13,57,78,0,5,63,68
2017,Santa Barbara County,June,2245,85,37,0,41,52,6,2268,1743,188,49,0,93,74,6,1807,122,99,237,173,12,126,134,272,0,86,273,359
2017,Santa Clara County,June,5563,544,138,368,238,225,616,5534,2041,272,135,306,124,194,384,2052,1050,1079,713,702,1000,419,362,1781,674,273,816,1763
2017,Santa Cruz County,June,1110,31,14,0,26,20,9,1100,481,13,0,2,14,16,0,466,45,55,15,30,9,36,40,85,2,14,44,60
2017,Shasta County,June,1642,47,14,0,39,14,0,1650,1,0,0,0,0,0,0,1,61,53,0,0,0,14,39,53,0,14,47,61
2017,Sierra County,June,28,0,0,0,0,0,0,28,12,0,0,0,0,0,0,12,0,0,0,0,0,0,0,0,0,0,0,0
2017,Siskiyou County,June,338,14,6,0,7,19,4,328,8,0,0,0,0,0,0,8,20,30,0,0,4,19,7,30,0,6,14,20
2017,Solano County,June,1704,41,0,0,10,7,4,1724,1009,34,0,0,14,0,1,1028,41,21,34,15,5,7,24,36,0,0,75,75
2017,Sonoma County,June,1923,60,65,0,66,74,4,1904,121,34,35,1,15,32,23,121,125,144,70,70,27,106,81,214,1,100,94,195
2017,Stanislaus County,June,3386,92,60,12,106,68,18,3358,1232,54,46,32,28,96,2,1238,164,192,132,126,20,164,134,318,44,106,146,296
2017,Sutter County,June,696,22,10,0,0,29,23,676,13,0,0,0,0,4,3,6,32,52,0,7,26,33,0,59,0,10,22,32
2017,Tehama County,June,866,9,0,0,7,2,2,864,67,0,0,0,1,0,0,66,9,11,0,1,2,2,8,12,0,0,9,9
2017,Trinity County,June,86,4,5,0,3,8,2,82,16,1,4,0,0,3,0,18,9,13,5,3,2,11,3,16,0,9,5,14
2017,Tulare County,June,3045,77,20,5,80,69,1,2997,400,31,40,0,33,44,0,394,102,150,71,77,1,113,113,227,5,60,108,173
2017,Tuolumne County,June,481,11,4,12,5,8,8,487,95,2,1,2,6,3,4,87,27,21,5,13,12,11,11,34,14,5,13,32
2017,Ventura County,June,1985,63,2,0,64,4,0,1982,6617,237,20,0,110,167,0,6597,65,68,257,277,0,171,174,345,0,22,300,322
2017,Yolo County,June,2368,25,48,7,40,7,7,2394,475,18,5,0,12,5,0,481,80,54,23,17,7,12,52,71,7,53,43,103
2017,Yuba County,June,4,26,16,2,13,0,14,21,3,0,0,0,1,0,1,1,44,27,0,2,15,0,14,29,2,16,26,44
2017,Alameda County,July,6772,137,54,98,130,174,48,6709,197,3,1,3,3,6,1,194,289,352,7,10,49,180,133,362,101,55,140,296
2017,Alpine County,July,17,0,0,0,0,0,0,17,74,0,0,0,3,1,0,70,0,0,0,4,0,1,3,4,0,0,0,0
2017,Amador County,July,243,11,2,4,14,5,0,241,1027,29,3,0,21,5,1,1032,17,19,32,27,1,10,35,46,4,5,40,49
2017,Butte County,July,967,35,13,1,39,47,15,915,341,21,4,1,16,21,5,325,49,101,26,42,20,68,55,143,2,17,56,75
2017,Calaveras County,July,213,7,5,5,6,8,2,214,160,5,4,0,4,5,2,158,17,16,9,11,4,13,10,27,5,9,12,26
2017,Colusa County,July,105,3,3,2,3,5,3,102,30,5,0,0,0,2,0,33,8,11,5,2,3,7,3,13,2,3,8,13
2017,Contra Costa County,July,3543,89,9,14,78,9,26,3542,2,0,0,0,0,0,0,2,112,113,0,0,26,9,78,113,14,9,89,112
2017,Del Norte County,July,152,6,3,0,3,5,2,151,96,9,0,1,6,4,1,95,9,10,10,11,3,9,9,21,1,3,15,19
2017,El Dorado County,July,877,21,15,0,15,14,0,884,112,7,2,0,7,2,0,112,36,29,9,9,0,16,22,38,0,17,28,45
2017,Fresno County,July,4679,134,107,0,142,220,3,4555,4333,127,152,5,71,202,5,4339,241,365,284,278,8,422,213,643,5,259,261,525
2017,Glenn County,July,162,7,1,1,1,5,2,163,98,3,4,0,2,3,1,99,9,8,7,6,3,8,3,14,1,5,10,16
2017,Humboldt County,July,1103,31,0,5,7,3,7,1122,21,0,0,0,1,0,0,20,36,17,0,1,7,3,8,18,5,0,31,36
2017,Imperial County,July,3237,27,24,0,19,27,0,3242,54,0,0,0,0,0,0,54,51,46,0,0,0,27,19,46,0,24,27,51
2017,Inyo County,July,185,4,4,2,2,5,1,187,98,3,6,0,5,3,4,95,10,8,9,12,5,8,7,20,2,10,7,19
2017,Kern County,July,7223,167,20,7,128,19,12,7258,0,0,0,0,0,0,0,0,194,159,0,0,12,19,128,159,7,20,167,194
2017,Kings County,July,1385,26,0,7,26,1,62,1329,1876,32,0,25,43,0,0,1890,33,89,57,43,62,1,69,132,32,0,58,90
2017,Lake County,July,509,22,5,4,9,0,1,530,78,5,0,1,2,0,0,82,31,10,6,2,1,0,11,12,5,5,27,37
2017,Lassen County,July,72,0,2,0,0,0,0,74,34,0,0,0,0,0,0,34,2,0,0,0,0,0,0,0,0,2,0,2
2017,Los Angeles County,July,43592,1121,315,0,540,567,49,43872,86,2,0,0,2,2,0,84,1436,1156,2,4,49,569,542,1160,0,315,1123,1438
2017,Madera County,July,2742,22,29,0,6,8,0,2779,543,27,15,0,6,4,0,575,51,14,42,10,0,12,12,24,0,44,49,93
2017,Marin County,July,1388,19,5,0,19,7,0,1386,754,15,4,0,5,21,0,747,24,26,19,26,0,28,24,52,0,9,34,43
2017,Mariposa County,July,102,6,3,0,2,2,2,105,188,7,10,0,4,10,4,187,9,6,17,18,6,12,6,24,0,13,13,26
2017,Mendocino County,July,706,23,13,0,8,6,7,721,148,6,7,0,6,2,0,153,36,21,13,8,7,8,14,29,0,20,29,49
2017,Merced County,July,1520,58,70,1,25,102,17,1505,34,2,2,1,0,4,0,35,129,144,5,4,17,106,25,148,2,72,60,134
2017,Modoc County,July,80,2,0,2,2,0,0,82,34,3,0,0,2,0,0,35,4,2,3,2,0,0,4,4,2,0,5,7
2017,Mono County,July,92,3,0,0,1,0,1,93,54,1,0,0,0,0,0,55,3,2,1,0,1,0,1,2,0,0,4,4
2017,Monterey County,July,1395,3,2,0,6,7,9,1378,226,2,0,0,1,0,5,222,5,22,2,6,14,7,7,28,0,2,5,7
2017,Napa County,July,633,25,12,6,16,25,3,632,1292,55,22,30,33,76,5,1285,43,44,107,114,8,101,49,158,36,34,80,150
2017,Nevada County,July,577,18,14,3,16,17,2,577,153,4,2,3,3,2,4,153,35,35,9,9,6,19,19,44,6,16,22,44
2017,Orange County,July,10668,344,229,28,192,234,68,10775,4391,28,10,0,4,8,0,4417,601,494,38,12,68,242,196,506,28,239,372,639
2017,Placer County,July,1868,56,12,0,35,7,10,1884,1369,45,12,0,20,9,15,1382,68,52,57,44,25,16,55,96,0,24,101,125
2017,Plumas County,July,75,2,1,0,2,1,1,74,120,12,3,0,4,6,6,119,3,4,15,16,7,7,6,20,0,4,14,18
2017,Riverside County,July,8426,311,160,21,204,313,0,8401,739,45,28,0,40,65,13,694,492,517,73,118,13,378,244,635,21,188,356,565
2017,Sacramento County,July,15080,230,0,0,258,0,0,15052,4493,77,0,0,93,0,0,4477,230,258,77,93,0,0,351,351,0,0,307,307
2017,San Benito County,July,197,2,3,0,4,3,2,193,111,10,2,0,1,4,0,118,5,9,12,5,2,7,5,14,0,5,12,17
2017,San Bernardino County,July,12960,715,53,47,452,205,1,13117,132,10,2,2,23,3,0,120,815,658,14,26,1,208,475,684,49,55,725,829
2017,San Diego County,July,8710,311,74,0,212,216,7,8660,765,42,4,0,25,15,2,769,385,435,46,42,9,231,237,477,0,78,353,431
2017,San Francisco County,July,2382,49,96,24,39,19,112,2381,1000,28,27,7,14,6,35,1007,169,170,62,55,147,25,53,225,31,123,77,231
2017,San Joaquin County,July,8679,50,27,9,0,21,10,8734,7991,88,66,0,0,39,13,8093,86,31,154,52,23,60,0,83,9,93,138,240
2017,San Luis Obispo County,July,1096,34,41,10,37,33,13,1098,710,48,46,0,50,54,2,698,85,83,94,106,15,87,87,189,10,87,82,179
2017,San Mateo County,July,2462,62,6,0,44,5,6,2475,1766,35,2,0,21,3,1,1778,68,55,37,25,7,8,65,80,0,8,97,105
2017,Santa Barbara County,July,2265,71,35,0,22,53,9,2287,1773,125,45,0,107,61,1,1774,106,84,170,169,10,114,129,253,0,80,196,276
2017,Santa Clara County,July,5534,463,171,334,209,192,540,5561,2052,298,154,254,88,157,384,2129,968,941,706,629,924,349,297,1570,588,325,761,1674
2017,Santa Cruz County,July,1100,39,22,0,28,10,22,1101,466,15,1,10,19,7,0,466,61,60,26,26,22,17,47,86,10,23,54,87
2017,Shasta County,July,1650,49,12,0,26,12,0,1673,1,0,0,0,0,0,0,1,61,38,0,0,0,12,26,38,0,12,49,61
2017,Sierra County,July,28,1,0,0,0,0,1,28,12,0,0,0,0,0,0,12,1,1,0,0,1,0,0,1,0,0,1,1
2017,Siskiyou County,July,328,6,14,0,11,11,0,326,8,0,0,0,1,0,0,7,20,22,0,1,0,11,12,23,0,14,6,20
2017,Solano County,July,1705,38,0,0,12,6,2,1723,1018,32,0,0,8,0,3,1039,38,20,32,11,5,6,20,31,0,0,70,70
2017,Sonoma County,July,1904,65,65,0,72,70,0,1892,121,24,24,0,10,29,18,112,130,142,48,57,18,99,82,199,0,89,89,178
2017,Stanislaus County,July,3358,109,67,19,95,74,18,3366,1238,30,23,16,46,53,2,1206,195,187,69,101,20,127,141,288,35,90,139,264
2017,Sutter County,July,676,25,15,5,0,17,14,690,6,0,2,2,0,0,0,10,45,31,4,0,14,17,0,31,7,17,25,49
2017,Tehama County,July,864,8,1,0,2,1,1,869,66,0,0,0,0,0,0,66,9,4,0,0,1,1,2,4,0,1,8,9
2017,Trinity County,July,82,1,4,0,3,5,1,78,18,0,0,0,0,3,1,14,5,9,0,4,2,8,3,13,0,4,1,5
2017,Tulare County,July,2997,78,65,18,99,39,1,3019,394,35,37,3,35,30,0,404,161,139,75,65,1,69,134,204,21,102,113,236
2017,Tuolumne County,July,487,10,9,5,5,8,10,488,87,1,1,1,4,0,3,83,24,23,3,7,13,8,9,30,6,10,11,27
2017,Ventura County,July,1955,44,12,0,62,0,0,1949,6569,229,22,0,129,24,0,6667,56,62,251,153,0,24,191,215,0,34,273,307
2017,Yolo County,July,2390,28,19,4,49,4,9,2379,481,9,0,0,3,2,0,485,51,62,9,5,9,6,52,67,4,19,37,60
2017,Yuba County,July,21,33,11,1,34,0,12,20,1,2,0,0,0,0,2,1,45,46,2,2,14,0,34,48,1,11,35,47
2017,Alameda County,August,6709,134,57,101,125,151,123,6602,194,4,4,4,5,5,2,194,292,399,12,12,125,156,130,411,105,61,138,304
2017,Alpine County,August,17,0,0,0,0,1,1,15,70,0,1,1,3,0,0,69,0,2,2,3,1,1,3,5,1,1,0,2
2017,Amador County,August,241,11,4,5,5,9,0,247,1032,34,3,8,31,8,0,1038,20,14,45,39,0,17,36,53,13,7,45,65
2017,Butte County,August,918,43,36,6,24,58,11,910,326,22,18,2,22,32,1,313,85,93,42,55,12,90,46,148,8,54,65,127
2017,Calaveras County,August,214,7,5,0,6,5,2,213,158,1,5,0,3,16,2,143,12,13,6,21,4,21,9,34,0,10,8,18
2017,Colusa County,August,102,6,3,1,1,6,2,103,33,4,2,0,0,2,0,37,10,9,6,2,2,8,1,11,1,5,10,16
2017,Contra Costa County,August,3542,88,5,6,89,7,32,3513,2,0,0,0,0,0,0,2,99,128,0,0,32,7,89,128,6,5,88,99
2017,Del Norte County,August,151,2,5,2,2,7,0,151,95,4,2,0,1,12,2,86,9,9,6,15,2,19,3,24,2,7,6,15
2017,El Dorado County,August,882,30,14,0,18,22,0,886,112,4,1,0,6,6,0,105,44,40,5,12,0,28,24,52,0,15,34,49
2017,Fresno County,August,4555,194,136,0,147,210,7,4521,4339,150,188,2,81,239,2,4357,330,364,340,322,9,449,228,686,2,324,344,670
2017,Glenn County,August,163,9,5,2,9,3,10,157,99,12,4,0,3,4,2,106,16,22,16,9,12,7,12,31,2,9,21,32
2017,Humboldt County,August,1122,27,0,0,14,9,8,1118,20,1,0,1,0,0,0,22,27,31,2,0,8,9,14,31,1,0,28,29
2017,Imperial County,August,3242,49,40,0,26,48,0,3257,54,0,0,0,0,0,0,54,89,74,0,0,0,48,26,74,0,40,49,89
2017,Inyo County,August,185,5,7,0,3,11,1,182,96,4,8,1,2,9,0,98,12,15,13,11,1,20,5,26,1,15,9,25
2017,Kern County,August,7258,173,21,14,174,26,17,7249,0,0,0,0,0,0,0,0,208,217,0,0,17,26,174,217,14,21,173,208
2017,Kings County,August,1329,27,1,5,25,4,89,1244,1890,24,1,27,37,0,1,1904,33,118,52,38,90,4,62,156,32,2,51,85
2017,Lake County,August,515,22,11,2,2,0,0,548,81,9,1,0,1,0,0,90,35,2,10,1,0,0,3,3,2,12,31,45
2017,Lassen County,August,81,1,1,1,0,0,0,84,36,0,1,0,0,0,0,37,3,0,1,0,0,0,0,0,1,2,1,4
2017,Los Angeles County,August,43519,1436,340,0,558,874,47,43816,85,1,0,0,1,0,1,84,1776,1479,1,2,48,874,559,1481,0,340,1437,1777
2017,Madera County,August,2779,46,17,0,11,52,17,2762,575,30,11,0,14,47,7,548,63,80,41,68,24,99,25,148,0,28,76,104
2017,Marin County,August,1386,16,4,0,10,12,0,1384,747,28,7,0,15,19,0,748,20,22,35,34,0,31,25,56,0,11,44,55
2017,Mariposa County,August,103,2,3,4,2,3,1,106,187,8,6,2,4,8,11,180,9,6,16,23,12,11,6,29,6,9,10,25
2017,Mendocino County,August,726,18,29,0,10,6,5,752,158,3,8,0,7,1,1,160,47,21,11,9,6,7,17,30,0,37,21,58
2017,Merced County,August,1518,73,90,5,45,109,5,1527,35,1,3,0,1,3,0,35,168,159,4,4,5,112,46,163,5,93,74,172
2017,Modoc County,August,82,1,0,1,0,1,0,83,35,0,0,0,0,1,0,34,2,1,0,1,0,2,0,2,1,0,1,2
2017,Mono County,August,93,4,1,0,2,0,1,95,55,1,0,0,0,0,0,56,5,3,1,0,1,0,2,3,0,1,5,6
2017,Monterey County,August,1378,18,18,0,6,14,1,1393,222,4,0,4,6,1,0,223,36,21,8,7,1,15,12,28,4,18,22,44
2017,Napa County,August,632,24,12,19,13,28,2,644,1285,57,37,44,43,72,3,1305,55,43,138,118,5,100,56,161,63,49,81,193
2017,Nevada County,August,577,17,8,1,16,9,1,577,153,8,7,0,6,1,3,158,26,26,15,10,4,10,22,36,1,15,25,41
2017,Orange County,August,10775,537,580,17,375,289,229,11016,4417,27,17,0,26,33,2,4400,1134,893,44,61,231,322,401,954,17,597,564,1178
2017,Placer County,August,1868,67,5,0,23,10,20,1887,1380,62,0,0,13,8,10,1411,72,53,62,31,30,18,36,84,0,5,129,134
2017,Plumas County,August,74,7,2,1,3,4,1,76,119,11,8,0,4,10,2,122,10,8,19,16,3,14,7,24,1,10,18,29
2017,Riverside County,August,8401,342,255,13,294,367,0,8350,694,55,26,0,26,34,2,713,610,661,81,62,2,401,320,723,13,281,397,691
2017,Sacramento County,August,15052,285,0,0,314,0,0,15023,4477,82,0,13,218,0,26,4328,285,314,95,244,26,0,532,558,13,0,367,380
2017,San Benito County,August,193,5,3,0,5,6,0,190,118,9,1,2,2,3,0,125,8,11,12,5,0,9,7,16,2,4,14,20
2017,San Bernardino County,August,12902,723,39,63,578,306,6,12837,151,8,0,2,34,1,0,126,825,890,10,35,6,307,612,925,65,39,731,835
2017,San Diego County,August,8660,387,90,0,200,282,5,8650,769,44,4,0,27,18,4,768,477,487,48,49,9,300,227,536,0,94,431,525
2017,San Francisco County,August,2381,66,113,2108,35,29,2231,2373,1007,43,24,20,18,16,47,1013,2287,2295,87,81,2278,45,53,2376,2128,137,109,2374
2017,San Joaquin County,August,8734,81,47,24,119,23,19,8725,8093,77,62,1,56,24,8,8145,152,161,140,88,27,47,175,249,25,109,158,292
2017,San Luis Obispo County,August,1098,54,48,8,47,67,10,1084,698,80,54,0,54,42,8,728,110,124,134,104,18,109,101,228,8,102,134,244
2017,San Mateo County,August,2475,60,4,0,31,7,5,2496,1778,63,6,0,16,5,2,1824,64,43,69,23,7,12,47,66,0,10,123,133
2017,Santa Barbara County,August,2260,93,57,0,41,68,8,2293,1732,147,64,0,162,88,4,1689,150,117,211,254,12,156,203,371,0,121,240,361
2017,Santa Clara County,August,5561,509,163,415,239,248,578,5583,2129,285,131,343,130,279,378,2101,1087,1065,759,787,956,527,369,1852,758,294,794,1846
2017,Santa Cruz County,August,1101,31,27,0,21,22,11,1105,466,18,6,2,12,16, ,464,58,54,26,28,11,38,33,82,2,33,49,84
2017,Shasta County,August,1673,46,7,0,91,7,0,1628,1,0,0,0,0,0,0,1,53,98,0,0,0,7,91,98,0,7,46,53
2017,Sierra County,August,28,0,0,0,0,0,0,28,12,0,0,0,0,0,0,12,0,0,0,0,0,0,0,0,0,0,0,0
2017,Siskiyou County,August,326,18,7,0,8,32,2,309,8,0,0,0,1,0,1,6,25,42,0,2,3,32,9,44,0,7,18,25
2017,Solano County,August,1697,31,0,0,13,4,6,1705,1021,33,0,0,19,0,4,1031,31,23,33,23,10,4,32,46,0,0,64,64
2017,Sonoma County,August,1892,56,69,11,57,78,2,1891,112,35,33,16,18,24,20,134,136,137,84,62,22,102,75,199,27,102,91,220
2017,Stanislaus County,August,3366,117,59,31,114,76,8,3375,1206,28,30,11,28,52,1,1194,207,198,69,81,9,128,142,279,42,89,145,276
2017,Sutter County,August,690,19,10,5,0,17,17,690,10,1,0,0,0,0,0,11,34,34,1,0,17,17,0,34,5,10,20,35
2017,Tehama County,August,869,8,2,0,2,0,1,876,66,0,1,0,1,0,0,66,10,3,1,1,1,0,3,4,0,3,8,11
2017,Trinity County,August,78,3,5,0,2,4,3,77,14,2,1,0,0,2,1,14,8,9,3,3,4,6,2,12,0,6,5,11
2017,Tulare County,August,3019,87,40,8,118,79,4,2953,404,37,39,0,44,30,0,406,135,201,76,74,4,109,162,275,8,79,124,211
2017,Tuolumne County,August,488,19,7,11,4,8,13,500,83,3,1,5,2,1,2,87,37,25,9,5,15,9,6,30,16,8,22,46
2017,Ventura County,August,1932,80,39,0,72,0,0,1979,6615,223,26,0,134,148,0,6582,119,72,249,282,0,148,206,354,0,65,303,368
2017,Yolo County,August,2379,35,46,5,37,10,11,2407,485,16,35,0,0,36,0,500,86,58,51,36,11,46,37,94,5,81,51,137
2017,Yuba County,August,20,28,19,6,49,0,8,16,1,3,1,0,3,0,0,2,53,57,4,3,8,0,52,60,6,20,31,57
2017,Alameda County,September,6602,112,48,80,96,127,40,6579,194,6,1,2,5,4,1,193,240,263,9,10,41,131,101,273,82,49,118,249
2017,Alpine County,September,15,1,1,0,0,1,0,16,69,3,2,0,0,0,0,74,2,1,5,0,0,1,0,1,0,3,4,7
2017,Amador County,September,247,10,3,2,12,11,0,239,1038,15,2,0,22,1,8,1024,15,23,17,31,8,12,34,54,2,5,25,32
2017,Butte County,September,912,29,40,4,19,39,9,918,327,28,10,0,15,14,0,336,73,67,38,29,9,53,34,96,4,50,57,111
2017,Calaveras County,September,213,8,6,4,5,15,2,209,143,5,7,0,2,11,4,138,18,22,12,17,6,26,7,39,4,13,13,30
2017,Colusa County,September,103,7,1,2,1,2,0,110,37,7,0,0,1,2,0,41,10,3,7,3,0,4,2,6,2,1,14,17
2017,Contra Costa County,September,3513,130,7,17,102,6,27,3532,2,0,0,0,0,0,0,2,154,135,0,0,27,6,102,135,17,7,130,154
2017,Del Norte County,September,151,4,3,0,1,2,1,154,86,2,2,1,2,4,0,85,7,4,5,6,1,6,3,10,1,5,6,12
2017,El Dorado County,September,896,13,12,0,14,13,0,894,110,6,2,0,3,2,0,113,25,27,8,5,0,15,17,32,0,14,19,33
2017,Fresno County,September,4521,202,97,0,101,181,0,4538,4357,112,131,2,58,183,3,4358,299,282,245,244,3,364,159,526,2,228,314,544
2017,Glenn County,September,157,8,1,0,1,4,2,159,106,9,1,1,1,10,1,105,9,7,11,12,3,14,2,19,1,2,17,20
2017,Humboldt County,September,1118,20,0,2,16,7,13,1104,22,0,0,2,0,0,0,24,22,36,2,0,13,7,16,36,4,0,20,24
2017,Imperial County,September,3257,44,28,0,24,39,0,3266,54,3,0,0,0,0,0,57,72,63,3,0,0,39,24,63,0,28,47,75
2017,Inyo County,September,182,10,5,0,1,3,2,191,96,2,10,0,2,4,1,101,15,6,12,7,3,7,3,13,0,15,12,27
2017,Kern County,September,7249,199,24,16,194,31,17,7246,0,0,0,0,0,0,0,0,239,242,0,0,17,31,194,242,16,24,199,239
2017,Kings County,September,1244,33,0,91,21,1,31,1315,1904,27,2,26,36,0,4,1919,124,53,55,40,35,1,57,93,117,2,60,179
2017,Lake County,September,513,10,5,0,0,0,0,528,85,6,2,0,0,0,0,93,15,0,8,0,0,0,0,0,0,7,16,23
2017,Lassen County,September,87,5,0,0,0,2,0,90,37,1,0,0,2,0,0,36,5,2,1,2,0,2,2,4,0,0,6,6
2017,Los Angeles County,September,43447,1099,272,0,516,584,33,43685,86,2,1,0,1,0,1,87,1371,1133,3,2,34,584,517,1135,0,273,1101,1374
2017,Madera County,September,2762,26,15,0,23,19,9,2752,548,23,7,0,16,46,3,513,41,51,30,65,12,65,39,116,0,22,49,71
2017,Marin County,September,1384,23,6,0,4,19,0,1390,748,16,4,0,22,13,0,733,29,23,20,35,0,32,26,58,0,10,39,49
2017,Mariposa County,September,105,2,2,0,2,2,3,102,171,7,10,0,2,10,0,176,4,7,17,12,3,12,4,19,0,12,9,21
2017,Mendocino County,September,752,18,19,0,9,11,2,767,160,1,6,0,1,2,1,163,37,22,7,4,3,13,10,26,0,25,19,44
2017,Merced County,September,1543,51,56,4,37,102,3,1512,35,2,3,0,0,3,0,37,111,142,5,3,3,105,37,145,4,59,53,116
2017,Modoc County,September,83,4,0,0,0,0,0,87,34,3,0,0,2,0,1,34,4,0,3,3,1,0,2,3,0,0,7,7
2017,Mono County,September,95,0,0,0,3,0,0,92,56,3,0,0,1,0,0,58,0,3,3,1,0,0,4,4,0,0,3,3
2017,Monterey County,September,1393,6,4,0,4,12,17,1370,223,2,0,0,1,0,3,221,10,33,2,4,20,12,5,37,0,4,8,12
2017,Napa County,September,644,19,15,16,12,32,2,648,1305,43,18,20,24,58,4,1300,50,46,81,86,6,90,36,132,36,33,62,131
2017,Nevada County,September,577,19,7,1,20,0,2,582,158,5,7,1,4,0,1,166,27,22,13,5,3,0,24,27,2,14,24,40
2017,Orange County,September,11016,423,381,0,184,161,93,11382,4400,12,4,0,12,12,0,4392,804,438,16,24,93,173,196,462,0,385,435,820
2017,Placer County,September,1879,65,1,0,6,2,5,1932,1408,60,2,0,14,1,1,1454,66,13,62,16,6,3,20,29,0,3,125,128
2017,Plumas County,September,76,4,4,0,2,3,1,78,122,12,5,1,2,5,4,129,8,6,18,11,5,8,4,17,1,9,16,26
2017,Riverside County,September,8350,303,177,4,311,281,0,8242,713,44,24,1,44,39,0,699,484,592,69,83,0,320,355,675,5,201,347,553
2017,Sacramento County,September,15023,265,0,0,263,0,0,15025,4328,78,0,8,202,0,16,4196,265,263,86,218,16,0,465,481,8,0,343,351
2017,San Benito County,September,190,7,0,5,6,3,3,190,125,4,3,3,5,7,1,122,12,12,10,13,4,10,11,25,8,3,11,22
2017,San Bernardino County,September,12782,650,58,54,447,262,3,12832,130,8,0,2,27,2,0,111,762,712,10,29,3,264,474,741,56,58,658,772
2017,San Diego County,September,8650,341,104,0,234,229,15,8617,768,23,3,0,29,15,2,748,445,478,26,46,17,244,263,524,0,107,364,471
2017,San Francisco County,September,2373,47,102,35,47,33,108,2369,1013,26,25,13,26,13,46,992,184,188,64,85,154,46,73,273,48,127,73,248
2017,San Joaquin County,September,8725,51,2,19,36,3,10,8748,8145,49,3,0,34,6,1,8156,72,49,52,41,11,9,70,90,19,5,100,124
2017,San Luis Obispo County,September,1084,44,52,8,53,46,6,1083,728,47,38,0,37,50,0,726,104,105,85,87,6,96,90,192,8,90,91,189
2017,San Mateo County,September,2496,77,7,0,51,1,2,2526,1824,38,6,0,24,15,4,1825,84,54,44,43,6,16,75,97,0,13,115,128
2017,Santa Barbara County,September,2265,65,47,0,33,67,15,2262,1673,105,51,0,145,99,3,1582,112,115,156,247,18,166,178,362,0,98,170,268
2017,Santa Clara County,September,5583,501,156,392,197,230,724,5481,2101,294,136,301,104,212,385,2131,1049,1151,731,701,1109,442,301,1852,693,292,795,1780
2017,Santa Cruz County,September,1105,28,21,0,19,19,10,1106,464,15,0,2,11,9,0,461,49,48,17,20,10,28,30,68,2,21,43,66
2017,Shasta County,September,1628,42,9,0,38,9,0,1632,1,0,0,0,0,0,0,1,51,47,0,0,0,9,38,47,0,9,42,51
2017,Sierra County,September,28,1,0,0,1,0,0,28,12,0,0,0,0,0,0,12,1,1,0,0,0,0,1,1,0,0,1,1
2017,Siskiyou County,September,337,12,9,0,21,9,0,328,6,0,0,0,0,4,0,2,21,30,0,4,0,13,21,34,0,9,12,21
2017,Solano County,September,1688,33,0,0,19,6,7,1689,1034,23,0,0,14,2,1,1040,33,32,23,17,8,8,33,49,0,0,56,56
2017,Sonoma County,September,1891,68,66,3,50,68,6,1904,134,30,26,7,7,33,19,138,137,124,63,59,25,101,57,183,10,92,98,200
2017,Stanislaus County,September,3375,111,60,15,104,83,13,3361,1194,30,30,1,35,39,10,1171,186,200,61,84,23,122,139,284,16,90,141,247
2017,Sutter County,September,690,20,15,3,0,17,24,687,11,2,0,0,0,2,0,11,38,41,2,2,24,19,0,43,3,15,22,40
2017,Tehama County,September,876,19,7,0,3,1,2,896,66,0,0,0,1,0,0,65,26,6,0,1,2,1,4,7,0,7,19,26
2017,Trinity County,September,77,1,2,0,2,3,0,75,14,2,1,0,0,0,0,17,3,5,3,0,0,3,2,5,0,3,3,6
2017,Tulare County,September,2953,81,43,8,90,58,3,2934,406,47,35,0,59,37,0,392,132,151,82,96,3,95,149,247,8,78,128,214
2017,Tuolumne County,September,500,12,4,9,4,4,5,512,87,3,0,1,0,1,2,88,25,13,4,3,7,5,4,16,10,4,15,29
2017,Ventura County,September,1959,58,46,0,63,0,0,2000,6531,198,20,0,119,84,0,6546,104,63,218,203,0,84,182,266,0,66,256,322
2017,Yolo County,September,2407,35,32,0,32,11,3,2428,500,15,10,0,8,3,0,514,67,46,25,11,3,14,40,57,0,42,50,92
2017,Yuba County,September,16,21,7,0,16,0,0,28,2,4,1,0,2,0,1,4,28,16,5,3,1,0,18,19,0,8,25,33
2017,Alameda County,October,6579,130,45,92,130,146,24,6546,193,3,1,5,11,2,1,188,267,300,9,14,25,148,141,314,97,46,133,276
2017,Alpine County,October,16,0,2,0,0,0,0,18,74,0,3,0,1,3,0,73,2,0,3,4,0,3,1,4,0,5,0,5
2017,Amador County,October,239,6,2,4,12,5,0,234,1024,28,5,3,18,8,0,1034,12,17,36,26,0,13,30,43,7,7,34,48
2017,Butte County,October,909,36,25,7,16,47,8,906,337,18,12,1,17,22,1,328,68,71,31,40,9,69,33,111,8,37,54,99
2017,Calaveras County,October,209,3,6,2,8,16,2,194,138,2,8,0,3,8,0,137,11,26,10,11,2,24,11,37,2,14,5,21
2017,Colusa County,October,110,4,0,0,1,2,4,107,41,7,3,0,0,0,0,51,4,7,10,0,4,2,1,7,0,3,11,14
2017,Contra Costa County,October,3532,112,3,9,90,8,31,3527,2,0,0,0,0,0,0,2,124,129,0,0,31,8,90,129,9,3,112,124
2017,Del Norte County,October,154,6,0,1,3,6,1,151,85,4,2,0,3,4,0,84,7,10,6,7,1,10,6,17,1,2,10,13
2017,El Dorado County,October,881,11,8,0,24,14,0,862,103,3,3,0,2,3,0,104,19,38,6,5,0,17,26,43,0,11,14,25
2017,Fresno County,October,4538,172,129,0,85,220,1,4533,4358,124,147,5,67,211,6,4350,301,306,276,284,7,431,152,590,5,276,296,577
2017,Glenn County,October,159,4,1,3,5,4,7,151,105,6,1,1,0,4,2,107,8,16,8,6,9,8,5,22,4,2,10,16
2017,Humboldt County,October,1104,34,0,3,5,4,6,1126,24,0,0,1,2,0,0,23,37,15,1,2,6,4,7,17,4,0,34,38
2017,Imperial County,October,3266,62,33,0,48,47,0,3266,57,0,0,1,0,0,0,58,95,95,1,0,0,47,48,95,1,33,62,96
2017,Inyo County,October,186,9,9,0,6,6,0,192,93,3,5,0,2,9,0,90,18,12,8,11,0,15,8,23,0,14,12,26
2017,Kern County,October,7246,147,22,15,85,13,9,7323,0,0,0,0,0,0,0,0,184,107,0,0,9,13,85,107,15,22,147,184
2017,Kings County,October,1315,33,1,4,29,3,15,1306,1919,63,0,4,37,1,6,1942,38,47,67,44,21,4,66,91,8,1,96,105
2017,Lake County,October,501,11,6,2,4,0,0,516,85,12,0,0,0,0,0,97,19,4,12,0,0,0,4,4,2,6,23,31
2017,Lassen County,October,88,2,0,0,1,1,1,87,36,0,0,0,1,0,0,35,2,3,0,1,1,1,2,4,0,0,2,2
2017,Los Angeles County,October,43432,1289,316,0,530,659,38,43810,88,0,0,0,1,1,1,85,1605,1227,0,3,39,660,531,1230,0,316,1289,1605
2017,Madera County,October,2752,16,6,0,17,28,1,2728,513,20,12,0,12,18,1,514,22,46,32,31,2,46,29,77,0,18,36,54
2017,Marin County,October,1390,19,5,0,14,6,0,1394,733,14,4,0,18,7,0,726,24,20,18,25,0,13,32,45,0,9,33,42
2017,Mariposa County,October,103,7,3,1,0,3,1,110,174,7,2,1,4,3,1,176,11,4,10,8,2,6,4,12,2,5,14,21
2017,Mendocino County,October,768,21,21,0,6,12,5,787,165,13,5,0,4,1,1,177,42,23,18,6,6,13,10,29,0,26,34,60
2017,Merced County,October,1537,42,63,0,29,88,8,1517,39,2,0,0,3,3,0,35,105,125,2,6,8,91,32,131,0,63,44,107
2017,Modoc County,October,87,4,0,2,3,2,0,88,34,3,0,0,0,0,0,37,6,5,3,0,0,2,3,5,2,0,7,9
2017,Mono County,October,92,5,0,0,5,1,0,91,58,3,0,0,2,0,2,57,5,6,3,4,2,1,7,10,0,0,8,8
2017,Monterey County,October,1370,7,12,26,12,11,0,1392,221,3,0,6,4,4,0,222,45,23,9,8,0,15,16,31,32,12,10,54
2017,Napa County,October,648,29,19,33,22,51,4,652,1300,38,36,32,38,70,8,1290,81,77,106,116,12,121,60,193,65,55,67,187
2017,Nevada County,October,582,16,5,2,18,5,4,578,166,5,5,0,6,3,4,163,23,27,10,13,8,8,24,40,2,10,21,33
2017,Orange County,October,11382,351,427,0,332,234,184,11410,4392,6,2,0,11,6,0,4383,778,750,8,17,184,240,343,767,0,429,357,786
2017,Placer County,October,1870,55,4,0,20,0,12,1897,1417,54,4,0,18,4,4,1449,59,32,58,26,16,4,38,58,0,8,109,117
2017,Plumas County,October,78,1,3,1,3,5,1,74,129,6,3,0,1,6,7,124,5,9,9,14,8,11,4,23,1,6,7,14
2017,Riverside County,October,8242,306,195,3,269,298,0,8179,699,55,31,0,24,37,10,714,504,567,86,71,10,335,293,638,3,226,361,590
2017,Sacramento County,October,15025,250,0,0,287,0,0,14988,4196,52,0,0,122,0,0,4126,250,287,52,122,0,0,409,409,0,0,302,302
2017,San Benito County,October,190,10,5,2,2,4,1,200,122,5,2,0,3,3,2,121,17,7,7,8,3,7,5,15,2,7,15,24
2017,San Bernardino County,October,12728,690,50,57,455,262,6,12802,131,8,0,0,26,1,0,112,797,723,8,27,6,263,481,750,57,50,698,805
2017,San Diego County,October,8617,344,98,0,187,241,10,8621,748,32,0,0,19,7,2,752,442,438,32,28,12,248,206,466,0,98,376,474
2017,San Francisco County,October,2369,63,83,44,49,31,108,2371,992,33,18,10,31,11,32,979,190,188,61,74,140,42,80,262,54,101,96,251
2017,San Joaquin County,October,8748,42,43,10,71,102,11,8659,8156,87,61,0,73,69,2,8160,95,184,148,144,13,171,144,328,10,104,129,243
2017,San Luis Obispo County,October,1083,68,35,14,44,33,6,1117,726,51,28,0,44,33,3,725,117,83,79,80,9,66,88,163,14,63,119,196
2017,San Mateo County,October,2526,80,2,0,53,3,3,2549,1819,40,10,0,33,23,9,1804,82,59,50,65,12,26,86,124,0,12,120,132
2017,Santa Barbara County,October,2255,58,35,0,28,46,11,2263,1588,134,30,0,101,57,4,1590,93,85,164,162,15,103,129,247,0,65,192,257
2017,Santa Clara County,October,5481,482,173,309,187,230,522,5506,2131,281,136,272,115,245,361,2099,964,939,689,721,883,475,302,1660,581,309,763,1653
2017,Santa Cruz County,October,1106,42,24,0,22,15,36,1099,461,19,4,0,12,4,29,439,66,73,23,45,65,19,34,118,0,28,61,89
2017,Shasta County,October,1632,50,19,0,48,19,0,1634,1,0,0,0,0,0,0,1,69,67,0,0,0,19,48,67,0,19,50,69
2017,Sierra County,October,28,2,0,1,0,0,0,31,12,0,0,0,0,0,1,11,3,0,0,1,1,0,0,1,1,0,2,3
2017,Siskiyou County,October,328,12,11,0,6,9,0,336,2,0,0,0,1,0,0,1,23,15,0,1,0,9,7,16,0,11,12,23
2017,Solano County,October,1687,50,0,0,18,6,4,1709,1047,37,0,0,18,1,4,1061,50,28,37,23,8,7,36,51,0,0,87,87
2017,Sonoma County,October,1904,28,24,2,43,64,4,1847,138,20,14,4,12,19,15,130,54,111,38,46,19,83,55,157,6,38,48,92
2017,Stanislaus County,October,3361,135,59,10,103,109,11,3342,1171,26,34,8,39,51,0,1149,204,223,68,90,11,160,142,313,18,93,161,272
2017,Sutter County,October,687,21,13,3,0,33,23,668,11,0,0,0,2,4,0,5,37,56,0,6,23,37,2,62,3,13,21,37
2017,Tehama County,October,896,9,1,0,0,0,4,902,65,0,0,0,0,0,0,65,10,4,0,0,4,0,0,4,0,1,9,10
2017,Trinity County,October,76,1,5,1,3,6,0,74,19,1,1,0,0,4,0,17,7,9,2,4,0,10,3,13,1,6,2,9
2017,Tulare County,October,2934,72,76,3,158,43,3,2881,392,24,28,0,60,51,0,333,151,204,52,111,3,94,218,315,3,104,96,203
2017,Tuolumne County,October,512,6,2,8,7,10,7,504,88,4,0,6,3,0,3,92,16,24,10,6,10,10,10,30,14,2,10,26
2017,Ventura County,October,1962,66,29,0,50,0,0,2007,6483,212,27,0,92,253,0,6377,95,50,239,345,0,253,142,395,0,56,278,334
2017,Yolo County,October,2428,24,17,4,36,4,5,2428,514,9,2,0,5,23,0,497,45,45,11,28,5,27,41,73,4,19,33,56
2017,Yuba County,October,28,16,0,1,31,0,1,13,4,1,1,0,2,0,0,4,17,32,2,2,1,0,33,34,1,1,17,19
2017,Alameda County,November,6546,116,39,121,105,133,49,6535,188,3,2,5,6,5,3,184,276,287,10,14,52,138,111,301,126,41,119,286
2017,Alpine County,November,18,2,0,0,1,1,1,17,73,0,0,0,7,0,0,66,2,3,0,7,1,1,8,10,0,0,2,2
2017,Amador County,November,234,4,5,0,3,7,2,231,1034,23,1,0,25,4,1,1028,9,12,24,30,3,11,28,42,0,6,27,33
2017,Butte County,November,896,53,35,2,15,61,4,906,326,20,14,1,15,20,6,320,90,80,35,41,10,81,30,121,3,49,73,125
2017,Calaveras County,November,194,3,4,1,4,5,2,191,137,3,3,2,4,7,1,133,8,11,8,12,3,12,8,23,3,7,6,16
2017,Colusa County,November,107,1,1,0,2,6,3,98,51,2,0,0,0,3,0,50,2,11,2,3,3,9,2,14,0,1,3,4
2017,Contra Costa County,November,3527,110,8,4,45,6,41,3567,2,0,0,0,0,0,0,2,122,92,0,0,41,6,45,92,4,8,110,122
2017,Del Norte County,November,151,4,2,0,8,4,0,145,84,2,2,0,4,3,8,73,6,12,4,15,8,7,12,27,0,4,6,10
2017,El Dorado County,November,881,16,4,0,30,11,0,860,107,4,0,0,4,3,0,104,20,41,4,7,0,14,34,48,0,4,20,24
2017,Fresno County,November,4533,79,89,0,112,151,0,4438,4350,97,128,4,90,214,5,4270,168,263,229,309,5,365,202,572,4,217,176,397
2017,Glenn County,November,151,6,4,0,3,8,1,149,107,11,3,1,1,2,0,119,10,12,15,3,1,10,4,15,1,7,17,25
2017,Humboldt County,November,1126,23,0,3,13,4,5,1130,23,2,0,1,0,0,0,26,26,22,3,0,5,4,13,22,4,0,25,29
2017,Imperial County,November,3266,27,15,0,16,28,0,3264,58,2,0,0,0,0,0,60,42,44,2,0,0,28,16,44,0,15,29,44
2017,Inyo County,November,190,6,2,0,2,11,1,184,88,5,4,0,1,7,0,89,8,14,9,8,1,18,3,22,0,6,11,17
2017,Kern County,November,7323,147,18,13,173,28,17,7283,0,0,0,0,0,0,0,0,178,218,0,0,17,28,173,218,13,18,147,178
2017,Kings County,November,1306,38,1,24,20,0,16,1333,1942,45,0,3,33,0,11,1946,63,36,48,44,27,0,53,80,27,1,83,111
2017,Lake County,November,502,15,4,2,1,0,0,522,95,6,1,0,0,0,0,102,21,1,7,0,0,0,1,1,2,5,21,28
2017,Lassen County,November,89,4,0,0,1,1,0,91,35,1,0,0,1,0,0,35,4,2,1,1,0,1,2,3,0,0,5,5
2017,Los Angeles County,November,43310,1030,245,0,486,594,49,43456,179,7,0,0,1,0,0,185,1275,1129,7,1,49,594,487,1130,0,245,1037,1282
2017,Madera County,November,2728,14,15,0,13,14,5,2725,514,29,14,0,3,9,3,542,29,32,43,15,8,23,16,47,0,29,43,72
2017,Marin County,November,1394,21,5,0,12,15,0,1393,726,25,6,0,13,14,0,730,26,27,31,27,0,29,25,54,0,11,46,57
2017,Mariposa County,November,109,3,0,1,0,0,2,111,175,4,5,0,6,6,1,171,4,2,9,13,3,6,6,15,1,5,7,13
2017,Mendocino County,November,782,9,22,0,13,4,1,795,177,6,3,0,5,5,1,175,31,18,9,11,2,9,18,29,0,25,15,40
2017,Merced County,November,1530,40,52,15,25,83,10,1519,37,4,1,1,2,7,0,34,107,118,6,9,10,90,27,127,16,53,44,113
2017,Modoc County,November,88,2,0,0,0,2,0,88,37,3,0,0,1,2,0,37,2,2,3,3,0,4,1,5,0,0,5,5
2017,Mono County,November,91,7,0,0,3,0,0,95,57,4,0,1,3,2,0,57,7,3,5,5,0,2,6,8,1,0,11,12
2017,Monterey County,November,1392,9,5,8,12,1,0,1401,222,2,0,0,4,1,2,217,22,13,2,7,2,2,16,20,8,5,11,24
2017,Napa County,November,652,14,19,0,13,29,12,631,1290,39,22,38,67,67,8,1247,33,54,99,142,20,96,80,196,38,41,53,132
2017,Nevada County,November,578,13,9,1,6,0,2,593,163,5,4,1,6,0,0,167,23,8,10,6,2,0,12,14,2,13,18,33
2017,Orange County,November,11410,406,314,0,331,203,74,11522,4383,1,9,0,13,9,8,4363,720,608,10,30,82,212,344,638,0,323,407,730
2017,Placer County,November,1861,56,4,0,8,8,13,1892,1443,65,1,0,9,6,3,1491,60,29,66,18,16,14,17,47,0,5,121,126
2017,Plumas County,November,74,2,3,0,3,1,1,74,124,7,7,0,1,7,6,124,5,5,14,14,7,8,4,19,0,10,9,19
2017,Riverside County,November,8179,282,157,6,188,254,0,8182,714,46,12,0,21,34,3,714,445,442,58,58,3,288,209,500,6,169,328,503
2017,Sacramento County,November,14988,268,0,0,258,0,0,14998,4126,75,0,4,85,0,8,4112,268,258,79,93,8,0,343,351,4,0,343,347
2017,San Benito County,November,200,6,1,3,4,1,3,202,121,6,2,1,2,2,1,125,10,8,9,5,4,3,6,13,4,3,12,19
2017,San Bernardino County,November,12636,663,61,43,401,247,2,12753,128,4,0,5,25,2,0,110,767,650,9,27,2,249,426,677,48,61,667,776
2017,San Diego County,November,8640,302,89,0,155,159,3,8714,755,41,1,0,11,10,3,773,391,317,42,24,6,169,166,341,0,90,343,433
2017,San Francisco County,November,2371,52,75,26,42,24,122,2336,979,23,17,10,24,6,38,961,153,188,50,68,160,30,66,256,36,92,75,203
2017,San Joaquin County,November,8659,36,97,9,104,37,12,8648,8160,73,83,0,104,13,2,8197,142,153,156,119,14,50,208,272,9,180,109,298
2017,San Luis Obispo County,November,1117,55,30,8,37,27,20,1126,725,41,31,0,27,13,6,751,93,84,72,46,26,40,64,130,8,61,96,165
2017,San Mateo County,November,2549,61,7,0,40,13,0,2564,1804,57,5,0,40,20,1,1805,68,53,62,61,1,33,80,114,0,12,118,130
2017,Santa Barbara County,November,2264,62,40,0,44,54,11,2257,1567,101,51,0,108,77,9,1525,102,109,152,194,20,131,152,303,0,91,163,254
2017,Santa Clara County,November,5506,595,156,345,190,176,681,5555,2099,261,136,214,100,232,323,2055,1096,1047,611,655,1004,408,290,1702,559,292,856,1707
2017,Santa Cruz County,November,1099,39,16,0,13,9,29,1103,439,21,5,0,5,5,7,448,55,51,26,17,36,14,18,68,0,21,60,81
2017,Shasta County,November,1634,36,6,0,33,6,0,1637,1,0,0,0,0,0,0,1,42,39,0,0,0,6,33,39,0,6,36,42
2017,Sierra County,November,31,0,0,0,1,0,0,30,11,0,0,0,0,0,0,11,0,1,0,0,0,0,1,1,0,0,0,0
2017,Siskiyou County,November,336,10,4,0,12,10,2,326,1,0,0,0,0,0,0,1,14,24,0,0,2,10,12,24,0,4,10,14
2017,Solano County,November,1696,38,0,0,16,5,3,1710,1053,20,0,0,9,0,3,1061,38,24,20,12,6,5,25,36,0,0,58,58
2017,Sonoma County,November,1847,49,70,1,47,54,4,1862,130,28,21,2,11,27,24,119,120,105,51,62,28,81,58,167,3,91,77,171
2017,Stanislaus County,November,3342,112,60,10,102,107,3,3312,1149,28,21,6,39,36,0,1129,182,212,55,75,3,143,141,287,16,81,140,237
2017,Sutter County,November,668,25,9,4,0,15,12,679,5,3,1,0,1,4,1,3,38,27,4,6,13,19,1,33,4,10,28,42
2017,Tehama County,November,902,2,0,0,0,1,4,899,65,0,0,0,0,0,0,65,2,5,0,0,4,1,0,5,0,0,2,2
2017,Trinity County,November,74,5,3,1,2,4,0,77,17,0,0,0,0,2,0,15,9,6,0,2,0,6,2,8,1,3,5,9
2017,Tulare County,November,2881,66,37,4,90,64,2,2832,333,42,28,3,22,31,0,353,107,156,73,53,2,95,112,209,7,65,108,180
2017,Tuolumne County,November,504,7,0,3,6,13,4,491,92,3,0,0,3,3,0,89,10,23,3,6,4,16,9,29,3,0,10,13
2017,Ventura County,November,2018,57,6,0,49,5,0,2027,6341,268,30,0,82,197,0,6360,63,54,298,279,0,202,131,333,0,36,325,361
2017,Yolo County,November,2428,23,20,0,41,9,5,2416,497,8,4,0,2,10,0,497,43,55,12,12,5,19,43,67,0,24,31,55
2017,Yuba County,November,13,11,10,1,23,0,0,12,4,3,0,0,5,0,0,2,22,23,3,5,0,0,28,28,1,10,14,25
2017,Alameda County,December,6535,131,29,54,82,74,37,6556,184,8,1,14,4,12,0,191,214,193,23,16,37,86,86,209,68,30,139,237
2017,Alpine County,December,17,0,0,0,1,1,0,15,66,1,1,0,0,4,0,64,0,2,2,4,0,5,1,6,0,1,1,2
2017,Amador County,December,231,5,2,0,5,3,3,227,1028,26,2,7,27,2,0,1034,7,11,35,29,3,5,32,40,7,4,31,42
2017,Butte County,December,912,36,31,2,17,44,4,916,326,12,5,0,15,7,2,319,69,65,17,24,6,51,32,89,2,36,48,86
2017,Calaveras County,December,191,1,7,0,4,5,3,187,133,3,0,0,3,5,0,128,8,12,3,8,3,10,7,20,0,7,4,11
2017,Colusa County,December,98,6,0,1,2,5,3,95,50,3,2,0,1,2,0,52,7,10,5,3,3,7,3,13,1,2,9,12
2017,Contra Costa County,December,3567,109,12,18,45,3,36,3622,2,0,0,0,0,0,0,2,139,84,0,0,36,3,45,84,18,12,109,139
2017,Del Norte County,December,145,4,5,1,5,7,1,142,73,2,0,0,2,3,1,69,10,13,2,6,2,10,7,19,1,5,6,12
2017,El Dorado County,December,874,13,12,0,19,12,0,868,109,6,0,0,1,1,0,113,25,31,6,2,0,13,20,33,0,12,19,31
2017,Fresno County,December,4438,198,142,0,79,218,1,4480,4270,49,119,1,76,166,1,4196,340,298,169,243,2,384,155,541,1,261,247,509
2017,Glenn County,December,149,4,5,2,2,8,2,148,119,10,2,1,8,4,1,119,11,12,13,13,3,12,10,25,3,7,14,24
2017,Humboldt County,December,1130,28,0,2,10,2,5,1143,26,0,0,1,1,0,0,26,30,17,1,1,5,2,11,18,3,0,28,31
2017,Imperial County,December,3264,44,32,0,10,32,0,3298,60,2,0,0,0,0,0,62,76,42,2,0,0,32,10,42,0,32,46,78
2017,Inyo County,December,184,9,6,1,0,8,1,191,86,2,3,0,2,5,0,84,16,9,5,7,1,13,2,16,1,9,11,21
2017,Kern County,December,7283,138,17,11,121,20,12,7296,0,0,0,0,0,0,0,0,166,153,0,0,12,20,121,153,11,17,138,166
2017,Kings County,December,1333,16,0,2,19,5,38,1289,1946,43,0,53,16,0,2,2024,18,62,96,18,40,5,35,80,55,0,59,114
2017,Lake County,December,502,15,5,2,2,1,1,520,98,3,0,0,1,0,0,100,22,4,3,1,1,1,3,5,2,5,18,25
2017,Lassen County,December,91,1,1,0,0,1,1,91,35,0,1,0,0,1,0,35,2,2,1,1,1,2,0,3,0,2,1,3
2017,Los Angeles County,December,43011,990,253,0,439,501,28,43286,333,3,0,0,0,0,0,336,1243,968,3,0,28,501,439,968,0,253,993,1246
2017,Madera County,December,2725,35,9,0,6,7,8,2748,542,26,9,0,2,9,3,563,44,21,35,14,11,16,8,35,0,18,61,79
2017,Marin County,December,1393,14,3,0,17,14,0,1379,730,18,5,0,15,7,0,731,17,31,23,22,0,21,32,53,0,8,32,40
2017,Mariposa County,December,111,1,3,0,2,3,1,109,171,6,6,0,7,6,1,169,4,6,12,14,2,9,9,20,0,9,7,16
2017,Mendocino County,December,802,20,21,0,9,9,5,820,178,10,5,0,3,4,0,186,41,23,15,7,5,13,12,30,0,26,30,56
2017,Merced County,December,1535,35,61,3,32,96,17,1489,41,1,0,2,0,0,0,44,99,145,3,0,17,96,32,145,5,61,36,102
2017,Modoc County,December,88,4,0,0,3,1,1,87,37,1,0,0,3,0,0,35,4,5,1,3,1,1,6,8,0,0,5,5
2017,Mono County,December,95,0,0,0,1,1,6,87,57,2,0,0,3,1,0,55,0,8,2,4,6,2,4,12,0,0,2,2
2017,Monterey County,December,1401,10,6,4,15,11,0,1395,217,4,0,11,11,0,0,221,20,26,15,11,0,11,26,37,15,6,14,35
2017,Napa County,December,631,23,19,32,14,46,3,642,1247,37,25,50,46,84,10,1219,74,63,112,140,13,130,60,203,82,44,60,186
2017,Nevada County,December,593,15,6,1,11,2,5,597,167,4,5,2,7,0,1,170,22,18,11,8,6,2,18,26,3,11,19,33
2017,Orange County,December,11522,431,236,0,371,228,166,11424,4363,15,8,0,19,15,0,4352,667,765,23,34,166,243,390,799,0,244,446,690
2017,Placer County,December,1828,50,0,0,13,29,2,1834,1442,58,1,0,11,18,2,1470,50,44,59,31,4,47,24,75,0,1,108,109
2017,Plumas County,December,74,2,2,3,3,1,0,77,124,3,4,0,2,8,4,117,7,4,7,14,4,9,5,18,3,6,5,14
2017,Riverside County,December,8182,245,145,3,157,251,0,8167,714,65,29,0,34,40,6,728,393,408,94,80,6,291,191,488,3,174,310,487
2017,Sacramento County,December,14998,224,0,0,233,0,0,14989,4112,72,0,11,68,0,22,4105,224,233,83,90,22,0,301,323,11,0,296,307
2017,San Benito County,December,202,4,1,2,6,10,2,191,125,8,0,0,3,5,4,121,7,18,8,12,6,15,9,30,2,1,12,15
2017,San Bernardino County,December,12616,624,42,53,312,254,3,12766,125,7,0,1,27,0,0,106,719,569,8,27,3,254,339,596,54,42,631,727
2017,San Diego County,December,8714,215,68,0,183,205,2,8607,773,16,2,0,14,6,2,769,283,390,18,22,4,211,197,412,0,70,231,301
2017,San Francisco County,December,2336,65,86,45,42,35,135,2320,961,24,17,12,21,9,30,954,196,212,53,60,165,44,63,272,57,103,89,249
2017,San Joaquin County,December,8648,40,17,12,87,46,7,8577,8197,93,28,2,110,39,3,8168,69,140,123,152,10,85,197,292,14,45,133,192
2017,San Luis Obispo County,December,1126,47,40,10,46,41,11,1125,751,36,25,0,38,32,3,739,97,98,61,73,14,73,84,171,10,65,83,158
2017,San Mateo County,December,2564,56,4,0,33,9,0,2582,1805,49,3,6,28,3,3,1829,60,42,58,34,3,12,61,76,6,7,105,118
2017,Santa Barbara County,December,2263,62,36,0,19,60,8,2274,1491,75,40,0,95,68,5,1438,98,87,115,168,13,128,114,255,0,76,137,213
2017,Santa Clara County,December,5555,431,153,343,163,205,537,5577,2055,228,133,208,81,192,302,2049,927,905,569,575,839,397,244,1480,551,286,659,1496
2017,Santa Cruz County,December,1103,26,18,0,21,13,3,1110,448,18,2,0,10,7,0,451,44,37,20,17,3,20,31,54,0,20,44,64
2017,Shasta County,December,1637,35,13,0,40,13,0,1632,1,0,0,0,0,0,0,1,48,53,0,0,0,13,40,53,0,13,35,48
2017,Sierra County,December,30,0,0,0,3,0,0,27,11,0,0,1,0,0,0,12,0,3,1,0,0,0,3,3,1,0,0,1
2017,Siskiyou County,December,326,7,5,0,12,18,2,306,1,0,1,0,0,0,0,2,12,32,1,0,2,18,12,32,0,6,7,13
2017,Solano County,December,1701,40,0,0,19,5,2,1715,1057,18,0,0,23,0,4,1048,40,26,18,27,6,5,42,53,0,0,58,58
2017,Sonoma County,December,1862,55,49,0,65,59,5,1837,119,33,26,4,20,27,17,118,104,129,63,64,22,86,85,193,4,75,88,167
2017,Stanislaus County,December,3312,123,48,16,87,70,5,3337,1129,27,39,2,31,49,7,1110,187,162,68,87,12,119,118,249,18,87,150,255
2017,Sutter County,December,679,26,8,1,2,23,12,677,3,0,1,0,0,2,0,2,35,37,1,2,12,25,2,39,1,9,26,36
2017,Tehama County,December,899,10,0,0,0,0,16,893,65,0,0,0,0,0,1,64,10,16,0,1,17,0,0,17,0,0,10,10
2017,Trinity County,December,77,1,0,0,4,10,0,64,15,1,0,0,1,3,0,12,1,14,1,4,0,13,5,18,0,0,2,2
2017,Tulare County,December,2832,68,65,8,135,53,0,2785,353,33,36,0,35,40,0,347,141,188,69,75,0,93,170,263,8,101,101,210
2017,Tuolumne County,December,491,14,1,11,6,1,5,505,89,1,0,2,2,1,0,89,26,12,3,3,5,2,8,15,13,1,15,29
2017,Ventura County,December,1999,36,52,0,54,0,0,2033,6292,217,25,0,98,102,0,6334,88,54,242,200,0,102,152,254,0,77,253,330
2017,Yolo County,December,2416,27,30,1,24,6,0,2444,497,23,25,0,7,0,0,538,58,30,48,7,0,6,31,37,1,55,50,106
2017,Yuba County,December,12,16,8,3,4,0,10,25,2,3,2,0,0,0,4,3,27,14,5,4,14,0,4,18,3,10,19,32
2018,Alameda County,January,6556,147,20,113,136,95,53,6552,191,6,0,84,80,2,7,192,280,284,90,89,60,97,216,373,197,20,153,370
2018,Alpine County,January,15,1,0,0,1,0,1,14,64,0,1,0,3,1,0,61,1,2,1,4,1,1,4,6,0,1,1,2
2018,Amador County,January,227,5,3,6,4,6,0,231,1034,28,1,7,22,13,0,1035,14,10,36,35,0,19,26,45,13,4,33,50
2018,Butte County,January,915,34,56,10,23,0,0,992,324,21,11,0,3,0,0,353,100,23,32,3,0,0,26,26,10,67,55,132
2018,Calaveras County,January,187,2,7,2,7,5,4,182,128,2,8,1,1,9,0,129,11,16,11,10,4,14,8,26,3,15,4,22
2018,Colusa County,January,95,5,2,1,0,5,0,98,52,6,0,0,2,3,0,53,8,5,6,5,0,8,2,10,1,2,11,14
2018,Contra Costa County,January,3622,114,9,17,90,1,36,3635,0,0,0,0,0,0,0,0,140,127,0,0,36,1,90,127,17,9,114,140
2018,Del Norte County,January,142,4,2,1,3,3,2,141,69,3,2,0,3,3,0,68,7,8,5,6,2,6,6,14,1,4,7,12
2018,El Dorado County,January,871,14,13,0,22,12,0,864,109,5,1,0,2,3,0,110,27,34,6,5,0,15,24,39,0,14,19,33
2018,Fresno County,January,4480,262,128,0,131,195,0,4544,4196,118,136,6,95,187,0,4174,390,326,260,282,0,382,226,608,6,264,380,650
2018,Glenn County,January,148,14,9,1,5,8,4,155,119,9,2,0,4,13,0,113,24,17,11,17,4,21,9,34,1,11,23,35
2018,Humboldt County,January,1143,26,0,3,9,17,9,1137,26,0,0,0,0,0,0,26,29,35,0,0,9,17,9,35,3,0,26,29
2018,Imperial County,January,3298,64,34,0,19,44,0,3333,62,0,0,0,0,0,0,62,98,63,0,0,0,44,19,63,0,34,64,98
2018,Inyo County,January,189,4,14,0,13,8,0,186,83,6,2,0,2,6,0,83,18,21,8,8,0,14,15,29,0,16,10,26
2018,Kern County,January,7296,197,23,15,205,33,21,7272,0,0,0,0,0,0,0,0,235,259,0,0,21,33,205,259,15,23,197,235
2018,Kings County,January,1289,29,6,19,19,2,16,1306,2024,35,3,13,21,1,13,2040,54,37,51,35,29,3,40,72,32,9,64,105
2018,Lake County,January,511,19,3,2,0,0,0,535,102,7,0,0,0,0,0,109,24,0,7,0,0,0,0,0,2,3,26,31
2018,Lassen County,January,88,2,0,0,0,0,0,90,34,0,0,0,0,0,0,34,2,0,0,0,0,0,0,0,0,0,2,2
2018,Los Angeles County,January,42857,1109,276,0,599,694,43,42906,363,0,0,0,5,0,0,358,1385,1336,0,5,43,694,604,1341,0,276,1109,1385
2018,Madera County,January,2748,29,18,0,12,20,10,2753,563,27,24,0,13,20,1,580,47,42,51,34,11,40,25,76,0,42,56,98
2018,Marin County,January,1379,18,5,0,8,10,0,1384,731,21,5,0,9,18,0,730,23,18,26,27,0,28,17,45,0,10,39,49
2018,Mariposa County,January,109,2,4,0,4,4,1,106,168,5,4,0,7,4,4,162,6,9,9,15,5,8,11,24,0,8,7,15
2018,Mendocino County,January,824,17,22,0,10,10,0,843,186,16,5,0,2,1,0,204,39,20,21,3,0,11,12,23,0,27,33,60
2018,Merced County,January,1519,39,71,0,20,88,7,1514,45,1,0,0,2,0,0,44,110,115,1,2,7,88,22,117,0,71,40,111
2018,Modoc County,January,87,3,0,1,2,2,1,86,35,0,0,0,3,1,0,31,4,5,0,4,1,3,5,9,1,0,3,4
2018,Mono County,January,87,4,0,1,3,0,0,89,55,1,0,0,5,0,0,51,5,3,1,5,0,0,8,8,1,0,5,6
2018,Monterey County,January,1395,16,14,0,12,19,16,1378,221,5,2,0,1,2,11,214,30,47,7,14,27,21,13,61,0,16,21,37
2018,Napa County,January,642,27,21,18,14,45,5,644,1219,35,31,32,47,74,9,1187,66,64,98,130,14,119,61,194,50,52,62,164
2018,Nevada County,January,597,14,5,1,9,3,4,601,170,3,6,0,5,2,3,169,20,16,9,10,7,5,14,26,1,11,17,29
2018,Orange County,January,11424,283,221,7,432,242,113,11148,4352,25,18,0,32,22,0,4341,511,787,43,54,113,264,464,841,7,239,308,554
2018,Placer County,January,1852,58,3,0,17,10,11,1875,1477,66,0,0,7,15,4,1517,61,38,66,26,15,25,24,64,0,3,124,127
2018,Plumas County,January,77,1,1,1,3,1,2,74,117,6,6,0,4,5,0,120,3,6,12,9,2,6,7,15,1,7,7,15
2018,Riverside County,January,8167,300,163,7,235,257,0,8145,728,49,18,0,25,34,3,733,470,492,67,62,3,291,260,554,7,181,349,537
2018,Sacramento County,January,14989,306,0,0,278,0,0,15017,4105,82,0,8,84,0,16,4095,306,278,90,100,16,0,362,378,8,0,388,396
2018,San Benito County,January,191,4,4,6,4,11,2,188,121,3,0,0,1,7,4,112,14,17,3,12,6,18,5,29,6,4,7,17
2018,San Bernardino County,January,12537,709,56,53,436,248,3,12668,120,3,0,0,22,0,0,101,818,687,3,22,3,248,458,709,53,56,712,821
2018,San Diego County,January,8696,368,91,0,189,216,5,8745,783,30,2,0,27,13,0,775,459,410,32,40,5,229,216,450,0,93,398,491
2018,San Francisco County,January,2320,48,82,37,56,36,136,2259,954,30,18,8,25,8,34,943,167,228,56,67,170,44,81,295,45,100,78,223
2018,San Joaquin County,January,8577,46,43,17,62,38,3,8580,8168,71,35,0,63,39,1,8171,106,103,106,103,4,77,125,206,17,78,117,212
2018,San Luis Obispo County,January,1125,37,37,12,47,26,11,1127,739,42,24,0,42,24,3,736,86,84,66,69,14,50,89,153,12,61,79,152
2018,San Mateo County,January,2582,70,2,0,32,5,2,2615,1829,20,5,0,20,3,0,1831,72,39,25,23,2,8,52,62,0,7,90,97
2018,Santa Barbara County,January,2261,76,25,0,47,83,12,2220,1437,95,32,0,91,117,5,1351,101,142,127,213,17,200,138,355,0,57,171,228
2018,Santa Clara County,January,5577,464,164,416,209,227,595,5590,2049,193,119,205,146,231,271,1918,1044,1031,517,648,866,458,355,1679,621,283,657,1561
2018,Santa Cruz County,January,1110,35,30,0,31,5,28,1111,451,15,10,0,14,14,9,439,65,64,25,37,37,19,45,101,0,40,50,90
2018,Shasta County,January,1632,43,13,0,39,13,0,1636,1,0,0,0,0,0,0,1,56,52,0,0,0,13,39,52,0,13,43,56
2018,Sierra County,January,27,0,0,0,1,0,0,26,12,0,0,0,0,0,0,12,0,1,0,0,0,0,1,1,0,0,0,0
2018,Siskiyou County,January,316,15,5,0,9,19,1,307,2,0,0,0,0,0,0,2,20,29,0,0,1,19,9,29,0,5,15,20
2018,Solano County,January,1705,55,0,0,14,8,9,1729,1047,21,0,0,19,1,4,1044,55,31,21,24,13,9,33,55,0,0,76,76
2018,Sonoma County,January,1837,15,28,2,46,82,6,1748,118,29,9,2,11,22,15,110,45,134,40,48,21,104,57,182,4,37,44,85
2018,Stanislaus County,January,3335,114,76,0,77,87,36,3325,1110,40,44,0,36,55,8,1095,190,200,84,99,44,142,113,299,0,120,154,274
2018,Sutter County,January,677,30,10,2,1,21,15,682,2,0,1,0,2,0,0,1,42,37,1,2,15,21,3,39,2,11,30,43
2018,Tehama County,January,893,14,1,0,0,0,10,898,64,0,0,0,0,0,2,62,15,10,0,2,12,0,0,12,0,1,14,15
2018,Trinity County,January,64,8,5,0,1,8,2,66,12,2,3,0,1,1,0,15,13,11,5,2,2,9,2,13,0,8,10,18
2018,Tulare County,January,2785,99,41,8,66,69,0,2798,347,38,27,0,32,41,0,339,148,135,65,73,0,110,98,208,8,68,137,213
2018,Tuolumne County,January,505,13,6,13,5,4,15,513,89,0,0,6,5,1,2,87,32,24,6,8,17,5,10,32,19,6,13,38
2018,Ventura County,January,1979,71,55,0,82,0,0,2023,6214,267,22,0,117,44,0,6342,126,82,289,161,0,44,199,243,0,77,338,415
2018,Yolo County,January,2444,27,32,10,27,16,2,2468,538,6,5,0,22,1,0,526,69,45,11,23,2,17,49,68,10,37,33,80
2018,Yuba County,January,25,20,0,0,25,0,13,7,3,2,1,0,1,0,4,1,20,38,3,5,17,0,26,43,0,1,22,23
2018,Alameda County,February,6552,161,20,50,99,97,55,6532,192,8,1,6,7,1,9,190,231,251,15,17,64,98,106,268,56,21,169,246
2018,Alpine County,February,14,0,2,0,1,0,0,15,61,2,0,0,0,0,0,63,2,1,2,0,0,0,1,1,0,2,2,4
2018,Amador County,February,231,10,1,4,4,6,0,236,1035,22,3,12,23,9,0,1040,15,10,37,32,0,15,27,42,16,4,32,52
2018,Butte County,February,900,40,39,0,12,0,0,967,309,22,11,0,2,0,0,340,79,12,33,2,0,0,14,14,0,50,62,112
2018,Calaveras County,February,182,4,6,1,4,8,2,179,129,7,5,0,1,7,1,132,11,14,12,9,3,15,5,23,1,11,11,23
2018,Colusa County,February,98,4,4,1,3,6,1,97,53,1,1,0,0,5,2,48,9,10,2,7,3,11,3,17,1,5,5,11
2018,Contra Costa County,February,3635,90,8,10,66,10,28,3639,0,0,0,0,0,0,0,0,108,104,0,0,28,10,66,104,10,8,90,108
2018,Del Norte County,February,141,0,0,35,0,0,21,155,68,0,0,0,0,0,14,54,35,21,0,14,35,0,0,35,35,0,0,35
2018,El Dorado County,February,871,11,10,0,18,12,0,862,110,3,3,0,5,4,0,107,21,30,6,9,0,16,23,39,0,13,14,27
2018,Fresno County,February,4544,134,84,0,79,139,0,4544,4174,105,134,2,60,152,2,4201,218,218,241,214,2,291,139,432,2,218,239,459
2018,Glenn County,February,155,6,7,2,0,6,2,162,113,4,4,0,4,5,2,110,15,8,8,11,4,11,4,19,2,11,10,23
2018,Humboldt County,February,1137,45,0,5,17,9,3,1158,26,0,0,0,2,0,0,24,50,29,0,2,3,9,19,31,5,0,45,50
2018,Imperial County,February,3333,20,15,0,22,22,0,3324,62,2,0,0,0,0,0,64,35,44,2,0,0,22,22,44,0,15,22,37
2018,Inyo County,February,188,4,6,0,9,10,1,178,80,8,10,0,4,4,0,90,10,20,18,8,1,14,13,28,0,16,12,28
2018,Kern County,February,7272,131,16,10,106,18,11,7294,0,0,0,0,0,0,0,0,157,135,0,0,11,18,106,135,10,16,131,157
2018,Kings County,February,1306,30,0,13,21,2,21,1305,2040,40,1,2,25,6,14,2038,43,44,43,45,35,8,46,89,15,1,70,86
2018,Lake County,February,528,15,9,2,2,0,2,550,100,3,0,1,1,0,0,103,26,4,4,1,2,0,3,5,3,9,18,30
2018,Lassen County,February,84,0,0,0,0,0,0,84,34,0,0,0,0,0,0,34,0,0,0,0,0,0,0,0,0,0,0,0
2018,Los Angeles County,February,42694,1085,250,0,491,505,18,43015,373,2,0,0,3,1,0,371,1335,1014,2,4,18,506,494,1018,0,250,1087,1337
2018,Madera County,February,2753,35,15,0,15,11,6,2771,580,35,14,0,10,21,1,597,50,32,49,32,7,32,25,64,0,29,70,99
2018,Marin County,February,1384,18,4,0,12,14,0,1380,730,19,5,0,10,6,0,738,22,26,24,16,0,20,22,42,0,9,37,46
2018,Mariposa County,February,105,3,4,2,2,4,0,108,161,4,8,0,0,7,0,166,9,6,12,7,0,11,2,13,2,12,7,21
2018,Mendocino County,February,843,11,12,0,10,3,2,851,205,9,2,0,6,1,0,209,23,15,11,7,2,4,16,22,0,14,20,34
2018,Merced County,February,1508,49,84,2,86,96,4,1457,47,3,1,0,1,1,1,48,135,186,4,3,5,97,87,189,2,85,52,139
2018,Modoc County,February,86,4,0,1,2,0,0,89,31,3,0,0,1,0,0,33,5,2,3,1,0,0,3,3,1,0,7,8
2018,Mono County,February,89,2,0,0,1,0,0,90,51,2,0,0,2,0,1,50,2,1,2,3,1,0,3,4,0,0,4,4
2018,Monterey County,February,1378,4,9,8,18,19,0,1362,214,3,0,0,1,1,0,215,21,37,3,2,0,20,19,39,8,9,7,24
2018,Napa County,February,644,33,23,17,21,36,3,657,1187,37,32,34,20,68,4,1198,73,60,103,92,7,104,41,152,51,55,70,176
2018,Nevada County,February,601,13,3,1,13,4,3,598,169,9,0,0,10,5,0,163,17,20,9,15,3,9,23,35,1,3,22,26
2018,Orange County,February,11148,322,229,9,483,243,151,10831,4341,39,11,0,27,25,0,4339,560,877,50,52,151,268,510,929,9,240,361,610
2018,Placer County,February,1810,44,2,0,10,10,4,1832,1482,49,0,0,9,11,6,1505,46,24,49,26,10,21,19,50,0,2,93,95
2018,Plumas County,February,74,4,0,0,3,0,2,73,120,4,5,0,5,3,1,120,4,5,9,9,3,3,8,14,0,5,8,13
2018,Riverside County,February,8145,284,172,1,166,252,0,8184,733,50,15,1,36,50,0,713,457,418,66,86,0,302,202,504,2,187,334,523
2018,Sacramento County,February,15017,242,0,0,257,0,0,15002,4095,55,0,1,89,0,0,4062,242,257,56,89,0,0,346,346,1,0,297,298
2018,San Benito County,February,188,5,1,0,1,5,1,187,112,11,1,1,0,7,0,118,6,7,13,7,1,12,1,14,1,2,16,19
2018,San Bernardino County,February,12544,628,53,60,428,295,5,12557,99,4,0,0,8,2,0,93,741,728,4,10,5,297,436,738,60,53,632,745
2018,San Diego County,February,8745,239,83,0,181,218,1,8667,775,28,3,0,17,10,1,778,322,400,31,28,2,228,198,428,0,86,267,353
2018,San Francisco County,February,2259,52,75,37,52,30,107,2234,943,25,15,17,17,12,5,966,164,189,57,34,112,42,69,223,54,90,77,221
2018,San Joaquin County,February,8580,41,33,13,101,49,5,8512,8171,63,26,3,96,29,3,8135,87,155,92,128,8,78,197,283,16,59,104,179
2018,San Luis Obispo County,February,1127,39,27,8,54,49,8,1090,736,31,21,0,24,24,2,738,74,111,52,50,10,73,78,161,8,48,70,126
2018,San Mateo County,February,2615,65,5,0,22,2,1,2660,1831,31,4,0,17,3,0,1846,70,25,35,20,1,5,39,45,0,9,96,105
2018,Santa Barbara County,February,2224,59,64,0,24,57,13,2253,1354,85,75,0,71,92,4,1347,123,94,160,167,17,149,95,261,0,139,144,283
2018,Santa Clara County,February,5590,390,147,344,161,193,519,5598,1918,176,137,178,80,170,227,1932,881,873,491,477,746,363,241,1350,522,284,566,1372
2018,Santa Cruz County,February,1111,27,17,8,34,21,0,1108,439,13,5,0,22,19,1,415,52,55,18,42,1,40,56,97,8,22,40,70
2018,Shasta County,February,1636,34,16,0,84,16,0,1586,1,0,0,0,0,0,0,1,50,100,0,0,0,16,84,100,0,16,34,50
2018,Sierra County,February,26,0,0,0,1,0,0,25,12,0,0,0,0,0,0,12,0,1,0,0,0,0,1,1,0,0,0,0
2018,Siskiyou County,February,307,9,4,0,6,10,0,304,2,0,0,0,0,0,0,2,13,16,0,0,0,10,6,16,0,4,9,13
2018,Solano County,February,1715,29,0,0,16,3,3,1722,1041,17,0,0,10,0,0,1048,29,22,17,10,3,3,26,32,0,0,46,46
2018,Sonoma County,February,1748,28,59,0,54,63,6,1712,110,29,14,0,12,26,14,101,87,123,43,52,20,89,66,175,0,73,57,130
2018,Stanislaus County,February,3325,101,57,56,111,75,0,3353,1095,22,31,10,39,45,0,1074,214,186,63,84,0,120,150,270,66,88,123,277
2018,Sutter County,February,682,18,12,5,0,13,12,692,1,2,3,0,1,1,1,3,35,25,5,3,13,14,1,28,5,15,20,40
2018,Tehama County,February,898,9,1,0,1,0,4,903,62,0,0,0,0,0,0,62,10,5,0,0,4,0,1,5,0,1,9,10
2018,Trinity County,February,66,3,6,0,2,5,0,68,15,1,1,0,0,1,0,16,9,7,2,1,0,6,2,8,0,7,4,11
2018,Tulare County,February,2798,69,64,11,100,51,1,2790,339,18,35,0,40,45,1,306,144,152,53,86,2,96,140,238,11,99,87,197
2018,Tuolumne County,February,513,16,2,3,4,8,10,512,87,1,0,2,0,2,2,86,21,22,3,4,12,10,4,26,5,2,17,24
2018,Ventura County,February,1979,59,109,0,67,0,0,2080,6309,219,52,0,112,0,0,6468,168,67,271,112,0,0,179,179,0,161,278,439
2018,Yolo County,February,2468,21,40,3,35,18,2,2477,526,2,6,0,5,26,0,503,64,55,8,31,2,44,40,86,3,46,23,72
2018,Yuba County,February,7,20,20,3,28,0,6,16,1,2,1,1,0,0,3,2,43,34,4,3,9,0,28,37,4,21,22,47
2018,Alameda County,March,6532,220,41,20,88,74,89,6562,190,7,1,19,12,11,6,188,281,251,27,29,95,85,100,280,39,42,227,308
2018,Alpine County,March,15,1,1,0,3,1,1,12,63,1,0,0,3,1,0,60,2,5,1,4,1,2,6,9,0,1,2,3
2018,Amador County,March,236,11,3,9,4,7,0,248,1040,17,4,14,27,9,0,1039,23,11,35,36,0,16,31,47,23,7,28,58
2018,Butte County,March,899,36,32,8,41,66,8,860,305,29,8,0,30,21,2,289,76,115,37,53,10,87,71,168,8,40,65,113
2018,Calaveras County,March,179,9,4,4,2,2,3,189,132,8,7,1,3,9,1,135,17,7,16,13,4,11,5,20,5,11,17,33
2018,Colusa County,March,97,5,3,0,1,4,3,97,48,1,0,1,3,3,3,41,8,8,2,9,6,7,4,17,1,3,6,10
2018,Contra Costa County,March,3639,104,5,7,85,6,29,3635,0,0,0,0,0,0,0,0,116,120,0,0,29,6,85,120,7,5,104,116
2018,Del Norte County,March,155,4,5,1,2,8,6,149,54,3,1,0,1,0,1,56,10,16,4,2,7,8,3,18,1,6,7,14
2018,El Dorado County,March,874,13,19,0,28,18,0,860,108,4,1,0,1,3,0,109,32,46,5,4,0,21,29,50,0,20,17,37
2018,Fresno County,March,4544,147,161,0,141,190,0,4521,4201,99,141,7,68,170,0,4210,308,331,247,238,0,360,209,569,7,302,246,555
2018,Glenn County,March,162,5,3,2,5,10,0,157,110,5,5,1,1,7,0,113,10,15,11,8,0,17,6,23,3,8,10,21
2018,Humboldt County,March,1158,29,0,2,8,14,2,1165,24,0,0,0,0,0,0,24,31,24,0,0,2,14,8,24,2,0,29,31
2018,Imperial County,March,3324,54,19,0,21,23,0,3353,64,2,0,0,0,0,0,66,73,44,2,0,0,23,21,44,0,19,56,75
2018,Inyo County,March,184,4,5,0,6,7,1,179,89,2,4,0,6,7,0,82,9,14,6,13,1,14,12,27,0,9,6,15
2018,Kern County,March,7294,182,22,14,193,29,19,7271,0,0,0,0,0,0,0,0,218,241,0,0,19,29,193,241,14,22,182,218
2018,Kings County,March,1305,31,3,15,20,10,18,1306,2038,49,6,2,53,12,1,2029,49,48,57,66,19,22,73,114,17,9,80,106
2018,Lake County,March,530,26,3,0,2,0,2,555,101,3,0,0,0,0,0,104,29,4,3,0,2,0,2,4,0,3,29,32
2018,Lassen County,March,85,2,0,0,2,2,0,83,35,0,0,0,0,0,0,35,2,4,0,0,0,2,2,4,0,0,2,2
2018,Los Angeles County,March,39033,1042,269,0,589,632,29,39094,350,4,0,0,2,1,0,351,1311,1250,4,3,29,633,591,1253,0,269,1046,1315
2018,Madera County,March,2771,30,36,0,20,56,0,2761,597,37,21,0,18,47,3,587,66,76,58,68,3,103,38,144,0,57,67,124
2018,Marin County,March,1380,25,6,0,18,11,0,1382,738,21,5,0,11,23,0,730,31,29,26,34,0,34,29,63,0,11,46,57
2018,Mariposa County,March,110,3,2,2,2,2,1,112,164,4,2,0,8,5,3,154,7,5,6,16,4,7,10,21,2,4,7,13
2018,Mendocino County,March,839,23,18,0,15,9,0,856,201,5,4,0,2,3,0,205,41,24,9,5,0,12,17,29,0,22,28,50
2018,Merced County,March,1536,46,75,5,100,86,10,1466,52,3,2,0,4,3,0,50,126,196,5,7,10,89,104,203,5,77,49,131
2018,Modoc County,March,89,4,0,0,1,0,0,92,33,2,0,0,0,1,0,34,4,1,2,1,0,1,1,2,0,0,6,6
2018,Mono County,March,90,1,0,0,1,1,2,87,50,3,0,0,0,0,0,53,1,4,3,0,2,1,1,4,0,0,4,4
2018,Monterey County,March,1362,14,12,3,7,8,0,1376,215,3,2,0,1,0,4,215,29,15,5,5,4,8,8,20,3,14,17,34
2018,Napa County,March,657,24,25,34,16,47,6,671,1198,36,34,4,42,57,14,1159,83,69,74,113,20,104,58,182,38,59,60,157
2018,Nevada County,March,598,12,4,0,15,6,4,589,163,6,0,0,9,4,1,155,16,25,6,14,5,10,24,39,0,4,18,22
2018,Orange County,March,10831,393,222,60,590,237,60,10619,4339,34,14,0,16,17,0,4354,675,887,48,33,60,254,606,920,60,236,427,723
2018,Placer County,March,1812,50,1,0,7,12,10,1834,1479,62,2,0,8,17,6,1512,51,29,64,31,16,29,15,60,0,3,112,115
2018,Plumas County,March,73,3,3,0,3,5,0,71,120,5,4,0,4,5,5,115,6,8,9,14,5,10,7,22,0,7,8,15
2018,Riverside County,March,8184,367,186,27,267,279,0,8218,713,68,28,0,32,38,12,727,580,546,96,82,12,317,299,628,27,214,435,676
2018,Sacramento County,March,15002,230,0,0,287,0,0,14945,4062,64,0,2,82,0,4,4042,230,287,66,86,4,0,369,373,2,0,294,296
2018,San Benito County,March,187,4,4,0,4,5,2,184,118,10,2,0,2,7,1,120,8,11,12,10,3,12,6,21,0,6,14,20
2018,San Bernardino County,March,12362,663,67,49,482,318,4,12337,109,5,0,0,17,2,0,95,779,804,5,19,4,320,499,823,49,67,668,784
2018,San Diego County,March,8704,341,82,0,158,169,1,8799,775,31,3,0,18,14,1,776,423,328,34,33,2,183,176,361,0,85,372,457
2018,San Francisco County,March,2234,58,91,32,44,4,133,2234,966,29,12,10,24,0,30,963,181,181,51,54,163,4,68,235,42,103,87,232
2018,San Joaquin County,March,8512,28,32,48,85,34,10,8491,8135,75,25,0,118,35,2,8080,108,129,100,155,12,69,203,284,48,57,103,208
2018,San Luis Obispo County,March,1090,34,42,16,46,35,16,1085,738,48,35,0,33,37,7,744,92,97,83,77,23,72,79,174,16,77,82,175
2018,San Mateo County,March,2660,78,6,0,46,2,5,2691,1846,20,3,0,47,4,0,1818,84,53,23,51,5,6,93,104,0,9,98,107
2018,Santa Barbara County,March,2232,60,39,0,40,74,22,2195,1315,95,42,0,67,65,6,1314,99,136,137,138,28,139,107,274,0,81,155,236
2018,Santa Clara County,March,5598,503,175,384,220,261,606,5573,1932,178,172,132,106,178,192,1938,1062,1087,482,476,798,439,326,1563,516,347,681,1544
2018,Santa Cruz County,March,1108,35,17,8,28,35,0,1105,415,13,1,24,16,22,0,415,60,63,38,38,0,57,44,101,32,18,48,98
2018,Shasta County,March,1586,45,21,0,60,21,0,1571,1,0,0,0,0,0,0,1,66,81,0,0,0,21,60,81,0,21,45,66
2018,Sierra County,March,25,0,0,0,1,0,0,24,12,0,0,0,0,0,0,12,0,1,0,0,0,0,1,1,0,0,0,0
2018,Siskiyou County,March,351,15,3,0,16,16,0,337,2,0,0,0,0,0,0,2,18,32,0,0,0,16,16,32,0,3,15,18
2018,Solano County,March,1715,30,0,0,21,13,6,1705,1047,14,0,0,14,1,0,1046,30,40,14,15,6,14,35,55,0,0,44,44
2018,Sonoma County,March,1712,46,41,0,57,72,5,1665,101,36,21,0,24,22,21,91,87,134,57,67,26,94,81,201,0,62,82,144
2018,Stanislaus County,March,3353,129,80,0,68,90,26,3378,1074,34,32,0,22,34,18,1066,209,184,66,74,44,124,90,258,0,112,163,275
2018,Sutter County,March,692,26,6,4,1,28,14,685,3,2,0,0,0,0,2,3,36,43,2,2,16,28,1,45,4,6,28,38
2018,Tehama County,March,903,6,0,0,0,0,12,897,62,0,0,0,0,0,0,62,6,12,0,0,12,0,0,12,0,0,6,6
2018,Trinity County,March,68,1,6,0,0,3,3,69,16,1,2,0,1,1,0,17,7,6,3,2,3,4,1,8,0,8,2,10
2018,Tulare County,March,2790,51,63,13,74,74,1,2768,306,18,29,0,17,24,0,312,127,149,47,41,1,98,91,190,13,92,69,174
2018,Tuolumne County,March,512,14,0,10,3,8,8,517,86,2,1,2,1,3,0,87,24,19,5,4,8,11,4,23,12,1,16,29
2018,Ventura County,March,2066,60,49,0,84,0,0,2091,6442,305,27,0,99,12,0,6663,109,84,332,111,0,12,183,195,0,76,365,441
2018,Yolo County,March,2477,20,26,6,34,8,7,2480,503,5,3,0,18,5,0,488,52,49,8,23,7,13,52,72,6,29,25,60
2018,Yuba County,March,16,26,9,2,37,0,6,10,2,1,1,0,1,0,1,2,37,43,2,2,7,0,38,45,2,10,27,39
2018,Alameda County,April,6562,157,32,24,107,104,49,6515,188,11,0,1,3,1,0,196,213,260,12,4,49,105,110,264,25,32,168,225
2018,Alpine County,April,12,0,3,1,0,3,0,13,60,2,0,0,1,0,0,61,4,3,2,1,0,3,1,4,1,3,2,6
2018,Amador County,April,248,4,4,0,2,2,4,248,1039,11,3,0,3,18,3,1029,8,8,14,24,7,20,5,32,0,7,15,22
2018,Butte County,April,892,37,35,4,42,61,8,857,303,19,13,0,27,25,1,282,76,111,32,53,9,86,69,164,4,48,56,108
2018,Calaveras County,April,189,12,4,0,1,5,2,197,135,1,3,1,2,6,1,131,16,8,5,9,3,11,3,17,1,7,13,21
2018,Colusa County,April,97,4,2,0,2,5,3,93,41,0,1,1,1,4,1,37,6,10,2,6,4,9,3,16,1,3,4,8
2018,Contra Costa County,April,3635,109,3,12,87,6,31,3635,0,0,0,0,0,0,0,0,124,124,0,0,31,6,87,124,12,3,109,124
2018,Del Norte County,April,149,5,4,5,6,4,1,152,56,2,0,0,1,3,0,54,14,11,2,4,1,7,7,15,5,4,7,16
2018,El Dorado County,April,869,23,17,0,14,12,0,883,105,6,1,0,2,3,0,107,40,26,7,5,0,15,16,31,0,18,29,47
2018,Fresno County,April,4521,158,136,0,90,202,0,4523,4210,79,128,4,81,145,4,4191,294,292,211,230,4,347,171,522,4,264,237,505
2018,Glenn County,April,157,8,6,2,9,4,2,158,113,4,4,0,3,6,0,112,16,15,8,9,2,10,12,24,2,10,12,24
2018,Humboldt County,April,1165,26,0,6,20,12,13,1152,24,2,0,0,0,0,0,26,32,45,2,0,13,12,20,45,6,0,28,34
2018,Imperial County,April,3353,30,27,0,19,37,0,3354,66,2,0,0,0,0,0,68,57,56,2,0,0,37,19,56,0,27,32,59
2018,Inyo County,April,180,3,1,0,5,2,0,177,87,7,6,0,2,2,0,96,4,7,13,4,0,4,7,11,0,7,10,17
2018,Kern County,April,7271,166,19,13,143,23,12,7291,0,0,0,0,0,0,0,0,198,178,0,0,12,23,143,178,13,19,166,198
2018,Kings County,April,1306,40,3,8,14,8,21,1314,2029,57,11,1,37,17,4,2040,51,43,69,58,25,25,51,101,9,14,97,120
2018,Lake County,April,549,17,7,1,0,0,1,573,101,1,2,0,0,0,0,104,25,1,3,0,1,0,0,1,1,9,18,28
2018,Lassen County,April,82,0,0,1,4,0,5,74,36,1,0,0,1,0,0,36,1,9,1,1,5,0,5,10,1,0,1,2
2018,Los Angeles County,April,38597,734,235,0,498,680,37,38351,345,3,0,0,2,0,1,345,969,1215,3,3,38,680,500,1218,0,235,737,972
2018,Madera County,April,2761,30,21,0,6,13,2,2791,587,30,11,0,8,12,1,607,51,21,41,21,3,25,14,42,0,32,60,92
2018,Marin County,April,1382,21,5,0,1,24,0,1383,730,21,5,0,21,17,0,718,26,25,26,38,0,41,22,63,0,10,42,52
2018,Mariposa County,April,112,1,2,2,3,2,1,111,156,8,6,0,4,5,2,159,5,6,14,11,3,7,7,17,2,8,9,19
2018,Mendocino County,April,807,30,26,0,22,22,4,815,193,7,7,0,7,8,0,192,56,48,14,15,4,30,29,63,0,33,37,70
2018,Merced County,April,1533,56,42,1,85,88,12,1447,52,1,1,0,4,4,0,46,99,185,2,8,12,92,89,193,1,43,57,101
2018,Modoc County,April,92,1,0,2,3,1,0,91,34,3,0,0,1,0,0,36,3,4,3,1,0,1,4,5,2,0,4,6
2018,Mono County,April,87,1,0,0,0,0,4,84,53,1,0,0,1,0,4,49,1,4,1,5,8,0,1,9,0,0,2,2
2018,Monterey County,April,1376,23,12,0,8,25,24,1354,215,12,1,3,3,1,0,227,35,57,16,4,24,26,11,61,3,13,35,51
2018,Napa County,April,671,23,32,34,18,31,5,706,1159,25,42,4,43,55,11,1121,89,54,71,109,16,86,61,163,38,74,48,160
2018,Nevada County,April,589,19,6,2,9,6,5,596,155,1,3,2,11,1,0,149,27,20,6,12,5,7,20,32,4,9,20,33
2018,Orange County,April,10619,362,315,115,677,292,102,10340,4354,24,33,0,16,14,0,4381,792,1071,57,30,102,306,693,1101,115,348,386,849
2018,Placer County,April,1813,58,1,0,16,7,9,1840,1522,71,1,0,20,3,9,1562,59,32,72,32,18,10,36,64,0,2,129,131
2018,Plumas County,April,71,2,1,0,1,1,0,72,115,3,6,0,7,6,6,105,3,2,9,19,6,7,8,21,0,7,5,12
2018,Riverside County,April,8218,304,177,6,254,249,0,8202,727,57,38,0,23,48,7,744,487,503,95,78,7,297,277,581,6,215,361,582
2018,Sacramento County,April,14945,248,0,0,281,0,0,14912,4042,94,0,2,68,0,4,4066,248,281,96,72,4,0,349,353,2,0,342,344
2018,San Benito County,April,184,2,1,1,2,5,2,179,120,5,4,1,2,3,3,122,4,9,10,8,5,8,4,17,2,5,7,14
2018,San Bernardino County,April,12255,626,69,64,405,277,5,12327,108,2,1,3,21,1,0,92,759,687,6,22,5,278,426,709,67,70,628,765
2018,San Diego County,April,8657,348,91,0,183,204,5,8704,771,24,3,0,11,11,1,775,439,392,27,23,6,215,194,415,0,94,372,466
2018,San Francisco County,April,2234,52,90,41,49,7,136,2225,962,21,13,10,22,2,28,954,183,192,44,52,164,9,71,244,51,103,73,227
2018,San Joaquin County,April,8491,41,63,28,90,5,7,8521,8080,142,83,0,144,2,13,8146,132,102,225,159,20,7,234,261,28,146,183,357
2018,San Luis Obispo County,April,1085,41,31,14,38,36,11,1086,744,54,24,0,42,40,6,734,86,85,78,88,17,76,80,173,14,55,95,164
2018,San Mateo County,April,2691,56,4,0,44,3,3,2701,1818,102,1,0,28,3,1,1889,60,50,103,32,4,6,72,82,0,5,158,163
2018,Santa Barbara County,April,2201,56,46,0,24,42,22,2215,1305,85,45,0,91,52,9,1283,102,88,130,152,31,94,115,240,0,91,141,232
2018,Santa Clara County,April,5573,500,189,469,210,269,743,5509,1938,216,144,152,109,143,274,1924,1158,1222,512,526,1017,412,319,1748,621,333,716,1670
2018,Santa Cruz County,April,1105,15,13,0,25,18,18,1072,415,17,4,0,20,8,13,395,28,61,21,41,31,26,45,102,0,17,32,49
2018,Shasta County,April,1571,37,13,0,59,13,0,1549,1,0,0,0,0,0,0,1,50,72,0,0,0,13,59,72,0,13,37,50
2018,Sierra County,April,24,0,0,0,0,0,0,24,12,0,0,0,1,0,0,11,0,0,0,1,0,0,1,1,0,0,0,0
2018,Siskiyou County,April,337,17,15,0,11,11,0,347,2,0,0,1,0,0,0,3,32,22,1,0,0,11,11,22,1,15,17,33
2018,Solano County,April,1697,43,0,0,11,4,6,1719,1051,18,0,0,12,1,2,1054,43,21,18,15,8,5,23,36,0,0,61,61
2018,Sonoma County,April,1665,44,59,1,60,57,10,1642,91,24,24,2,19,22,15,85,104,127,50,56,25,79,79,183,3,83,68,154
2018,Stanislaus County,April,3378,122,55,0,83,88,9,3375,1066,23,28,10,28,34,3,1062,177,180,61,65,12,122,111,245,10,83,145,238
2018,Sutter County,April,685,31,12,5,1,22,18,692,3,0,0,1,0,2,0,2,48,41,1,2,18,24,1,43,6,12,31,49
2018,Tehama County,April,897,8,1,0,1,0,8,897,62,0,0,0,0,0,0,62,9,9,0,0,8,0,1,9,0,1,8,9
2018,Trinity County,April,69,2,5,0,2,10,2,62,17,0,2,0,3,5,0,11,7,14,2,8,2,15,5,22,0,7,2,9
2018,Tulare County,April,2768,131,45,11,112,33,3,2807,312,25,26,0,30,22,0,311,187,148,51,52,3,55,142,200,11,71,156,238
2018,Tuolumne County,April,517,8,3,4,9,6,12,505,87,2,0,2,1,2,1,87,15,27,4,4,13,8,10,31,6,3,10,19
2018,Ventura County,April,2082,41,71,0,54,0,0,2140,6624,261,14,0,83,19,0,6797,112,54,275,102,0,19,137,156,0,85,302,387
2018,Yolo County,April,2480,10,38,1,38,14,0,2477,488,7,0,0,0,7,0,488,49,52,7,7,0,21,38,59,1,38,17,56
2018,Yuba County,April,10,27,21,1,28,0,20,11,2,4,4,0,5,0,2,3,49,48,8,7,22,0,33,55,1,25,31,57
2018,Alameda County,May,6515,120,14,54,155,79,42,6427,196,4,0,1,4,0,1,196,188,276,5,5,43,79,159,281,55,14,124,193
2018,Alpine County,May,13,0,2,0,2,0,2,11,61,3,0,0,7,0,0,57,2,4,3,7,2,0,9,11,0,2,3,5
2018,Amador County,May,248,9,1,2,3,5,0,252,1029,16,1,23,21,13,0,1035,12,8,40,34,0,18,24,42,25,2,25,52
2018,Butte County,May,879,71,43,4,38,62,5,892,290,26,20,1,25,47,2,263,118,105,47,74,7,109,63,179,5,63,97,165
2018,Calaveras County,May,197,8,4,0,3,7,0,199,131,3,4,0,5,6,0,127,12,10,7,11,0,13,8,21,0,8,11,19
2018,Colusa County,May,93,3,1,0,4,5,1,87,37,0,5,0,1,1,0,40,4,10,5,2,1,6,5,12,0,6,3,9
2018,Contra Costa County,May,3635,128,5,12,72,11,27,3670,0,0,0,0,0,0,0,0,145,110,0,0,27,11,72,110,12,5,128,145
2018,Del Norte County,May,152,4,4,3,1,3,0,159,54,1,0,1,2,2,1,51,11,4,2,5,1,5,3,9,4,4,5,13
2018,El Dorado County,May,896,17,12,0,10,20,0,895,108,2,0,0,1,0,0,109,29,30,2,1,0,20,11,31,0,12,19,31
2018,Fresno County,May,4523,176,136,1,108,225,4,4499,4191,129,123,9,56,157,10,4229,313,337,261,223,14,382,164,560,10,259,305,574
2018,Glenn County,May,158,5,2,0,5,7,1,152,112,4,1,0,7,4,2,104,7,13,5,13,3,11,12,26,0,3,9,12
2018,Humboldt County,May,1152,27,0,1,16,12,8,1144,26,1,0,0,1,0,0,26,28,36,1,1,8,12,17,37,1,0,28,29
2018,Imperial County,May,3354,47,22,0,13,27,0,3383,68,1,0,0,0,0,0,69,69,40,1,0,0,27,13,40,0,22,48,70
2018,Inyo County,May,177,4,3,0,8,7,0,169,94,3,3,0,8,7,0,85,7,15,6,15,0,14,16,30,0,6,7,13
2018,Kern County,May,7291,175,21,13,141,22,16,7321,0,0,0,0,0,0,0,0,209,179,0,0,16,22,141,179,13,21,175,209
2018,Kings County,May,1314,34,5,11,20,18,21,1305,2040,47,3,0,35,33,4,2018,50,59,50,72,25,51,55,131,11,8,81,100
2018,Lake County,May,556,21,8,3,0,0,0,588,101,2,1,0,0,0,0,104,32,0,3,0,0,0,0,0,3,9,23,35
2018,Lassen County,May,74,3,0,1,1,0,0,77,36,2,0,3,0,0,0,41,4,1,5,0,0,0,1,1,4,0,5,9
2018,Los Angeles County,May,38155,761,258,0,525,706,35,37908,372,5,1,0,1,0,1,376,1019,1266,6,2,36,706,526,1268,0,259,766,1025
2018,Madera County,May,2791,24,17,0,9,15,4,2804,607,31,10,0,15,33,4,596,41,28,41,52,8,48,24,80,0,27,55,82
2018,Marin County,May,1383,20,5,0,18,4,0,1386,718,36,9,0,2,20,0,741,25,22,45,22,0,24,20,44,0,14,56,70
2018,Mariposa County,May,111,4,0,2,3,1,1,112,159,10,3,0,6,7,0,159,6,5,13,13,1,8,9,18,2,3,14,19
2018,Mendocino County,May,814,23,15,0,19,11,5,817,191,9,8,0,14,7,0,187,38,35,17,21,5,18,33,56,0,23,32,55
2018,Merced County,May,1533,77,66,0,106,102,5,1463,49,2,2,0,5,2,1,45,143,213,4,8,6,104,111,221,0,68,79,147
2018,Modoc County,May,91,1,0,0,1,0,0,91,36,1,0,0,0,3,0,34,1,1,1,3,0,3,1,4,0,0,2,2
2018,Mono County,May,84,6,0,0,2,0,4,84,49,4,0,0,2,0,0,51,6,6,4,2,4,0,4,8,0,0,10,10
2018,Monterey County,May,1354,12,3,11,14,15,0,1351,227,11,1,0,1,1,7,230,26,29,12,9,7,16,15,38,11,4,23,38
2018,Napa County,May,706,23,33,2,47,27,33,657,1121,49,36,34,35,54,9,1142,58,107,119,98,42,81,82,205,36,69,72,177
2018,Nevada County,May,596,13,4,0,13,5,6,589,149,4,3,1,1,3,1,152,17,24,8,5,7,8,14,29,1,7,17,25
2018,Orange County,May,10340,347,184,64,654,279,81,9921,4381,54,5,0,27,21,0,4392,595,1014,59,48,81,300,681,1062,64,189,401,654
2018,Placer County,May,1814,63,2,0,13,3,3,1860,1504,54,1,0,10,13,7,1529,65,19,55,30,10,16,23,49,0,3,117,120
2018,Plumas County,May,72,1,0,0,5,1,1,66,105,4,5,0,2,8,3,101,1,7,9,13,4,9,7,20,0,5,5,10
2018,Riverside County,May,8202,351,204,18,256,281,0,8238,744,50,30,0,39,42,3,740,573,537,80,84,3,323,295,621,18,234,401,653
2018,Sacramento County,May,14912,276,0,0,325,0,0,14863,4066,79,0,0,97,0,0,4048,276,325,79,97,0,0,422,422,0,0,355,355
2018,San Benito County,May,179,2,2,2,3,6,3,173,122,7,2,1,1,8,1,122,6,12,10,10,4,14,4,22,3,4,9,16
2018,San Bernardino County,May,12192,692,75,43,407,277,3,12315,113,6,0,0,26,2,0,91,810,687,6,28,3,279,433,715,43,75,698,816
2018,San Diego County,May,8704,341,82,0,158,169,1,8799,775,31,3,0,18,14,1,776,423,328,34,33,2,183,176,361,0,85,372,457
2018,San Francisco County,May,1988,56,101,14,13,101,3,2042,784,36,16,2,3,16,2,817,171,117,54,21,5,117,16,138,16,117,92,225
2018,San Joaquin County,May,8521,61,12,18,82,0,8,8522,8146,166,6,0,84,19,3,8212,91,90,172,106,11,19,166,196,18,18,227,263
2018,San Luis Obispo County,May,1086,41,40,16,46,43,7,1087,734,48,28,0,45,39,5,721,97,96,76,89,12,82,91,185,16,68,89,173
2018,San Mateo County,May,2701,51,5,0,33,15,6,2703,1889,83,1,0,35,11,4,1923,56,54,84,50,10,26,68,104,0,6,134,140
2018,Santa Barbara County,May,2169,95,54,0,50,65,22,2181,1245,87,71,0,97,74,10,1222,149,137,158,181,32,139,147,318,0,125,182,307
2018,Santa Clara County,May,5509,470,185,600,246,247,674,5597,1924,209,131,272,136,231,280,1889,1255,1167,612,647,954,478,382,1814,872,316,679,1867
2018,Santa Cruz County,May,1072,35,34,0,46,12,24,1059,395,14,4,17,16,7,0,407,69,82,35,23,24,19,62,105,17,38,49,104
2018,Shasta County,May,1549,42,21,0,57,21,0,1534,1,0,0,0,0,0,0,1,63,78,0,0,0,21,57,78,0,21,42,63
2018,Sierra County,May,24,4,0,0,2,1,0,25,11,0,0,0,0,0,0,11,4,3,0,0,0,1,2,3,0,0,4,4
2018,Siskiyou County,May,347,15,9,0,5,8,0,358,3,0,0,1,0,0,0,4,24,13,1,0,0,8,5,13,1,9,15,25
2018,Solano County,May,1696,37,0,0,21,0,3,1709,1055,17,0,0,18,1,2,1051,37,24,17,21,5,1,39,45,0,0,54,54
2018,Sonoma County,May,1642,62,49,2,60,74,6,1615,85,20,26,5,19,25,19,73,113,140,51,63,25,99,79,203,7,75,82,164
2018,Stanislaus County,May,3375,137,82,4,110,79,9,3400,1062,23,49,0,19,32,10,1073,223,198,72,61,19,111,129,259,4,131,160,295
2018,Sutter County,May,692,18,11,0,0,25,9,687,2,0,1,1,0,3,0,1,29,34,2,3,9,28,0,37,1,12,18,31
2018,Tehama County,May,897,12,1,0,1,0,12,897,62,0,0,0,0,0,0,62,13,13,0,0,12,0,1,13,0,1,12,13
2018,Trinity County,May,62,4,3,0,4,3,0,62,11,1,0,0,0,2,0,10,7,7,1,2,0,5,4,9,0,3,5,8
2018,Tulare County,May,2807,70,38,6,66,44,1,2810,311,17,20,0,12,27,0,309,114,111,37,39,1,71,78,150,6,58,87,151
2018,Tuolumne County,May,505,7,7,9,5,3,10,510,87,2,1,4,1,0,4,89,23,18,7,5,14,3,6,23,13,8,9,30
2018,Ventura County,May,2116,40,56,0,74,0,0,2138,6747,241,14,0,84,36,0,6882,96,74,255,120,0,36,158,194,0,70,281,351
2018,Yolo County,May,2477,13,40,2,45,14,3,2470,488,8,3,0,22,3,0,474,55,62,11,25,3,17,67,87,2,43,21,66
2018,Yuba County,May,11,22,13,3,29,0,16,4,3,1,1,1,2,0,1,3,38,45,3,3,17,0,31,48,4,14,23,41
2018,Alameda County,June,6427,155,18,43,122,87,69,6365,196,5,0,2,7,4,0,192,216,278,7,11,69,91,129,289,45,18,160,223
2018,Alpine County,June,11,0,0,2,0,3,0,10,57,0,2,0,5,0,0,54,2,3,2,5,0,3,5,8,2,2,0,4
2018,Amador County,June,252,4,5,5,9,9,0,248,1035,24,11,0,24,9,4,1033,14,18,35,37,4,18,33,55,5,16,28,49
2018,Butte County,June,914,39,34,6,67,51,6,869,278,16,10,1,31,28,1,245,79,124,27,60,7,79,98,184,7,44,55,106
2018,Calaveras County,June,199,5,5,5,12,10,3,189,127,2,1,0,3,5,2,120,15,25,3,10,5,15,15,35,5,6,7,18
2018,Colusa County,June,87,8,3,0,3,5,0,90,40,1,0,0,0,2,0,39,11,8,1,2,0,7,3,10,0,3,9,12
2018,Contra Costa County,June,3670,66,6,14,72,7,24,3653,0,0,0,0,0,0,0,0,86,103,0,0,24,7,72,103,14,6,66,86
2018,Del Norte County,June,159,6,2,1,0,6,0,162,51,6,1,0,2,1,2,53,9,6,7,5,2,7,2,11,1,3,12,16
2018,El Dorado County,June,909,14,13,0,21,20,0,895,108,6,1,0,1,1,0,113,27,41,7,2,0,21,22,43,0,14,20,34
2018,Fresno County,June,4499,180,135,0,37,188,0,4589,4229,132,111,3,59,151,3,4262,315,225,246,213,3,339,96,438,3,246,312,561
2018,Glenn County,June,152,6,6,4,3,7,6,152,104,2,3,1,3,3,1,103,16,16,6,7,7,10,6,23,5,9,8,22
2018,Humboldt County,June,1144,18,0,4,16,10,4,1136,26,2,0,0,0,0,0,28,22,30,2,0,4,10,16,30,4,0,20,24
2018,Imperial County,June,3383,44,22,0,22,34,0,3393,69,1,0,0,0,0,0,70,66,56,1,0,0,34,22,56,0,22,45,67
2018,Inyo County,June,177,4,3,1,3,1,0,181,89,3,1,0,1,1,0,91,8,4,4,2,0,2,4,6,1,4,7,12
2018,Kern County,June,7321,172,21,13,161,24,16,7326,0,0,0,0,0,0,0,0,206,201,0,0,16,24,161,201,13,21,172,206
2018,Kings County,June,1305,13,6,6,10,5,66,1249,2018,27,7,3,28,32,4,1991,25,81,37,64,70,37,38,145,9,13,40,62
2018,Lake County,June,563,10,2,0,2,0,0,573,101,6,0,0,0,0,0,107,12,2,6,0,0,0,2,2,0,2,16,18
2018,Lassen County,June,75,1,0,1,2,0,4,71,41,1,0,4,3,0,0,43,2,6,5,3,4,0,5,9,5,0,2,7
2018,Los Angeles County,June,37892,632,216,0,481,586,22,37651,379,1,0,0,1,0,1,378,848,1089,1,2,23,586,482,1091,0,216,633,849
2018,Madera County,June,2804,21,16,0,12,17,2,2810,596,13,7,0,16,20,3,577,37,31,20,39,5,37,28,70,0,23,34,57
2018,Marin County,June,1386,22,6,0,13,25,0,1376,741,24,6,0,1,24,0,746,28,38,30,25,0,49,14,63,0,12,46,58
2018,Mariposa County,June,112,5,1,0,2,1,4,111,159,5,5,1,9,5,1,155,6,7,11,15,5,6,11,22,1,6,10,17
2018,Mendocino County,June,817,14,21,0,11,9,2,830,187,4,7,0,5,5,2,186,35,22,11,12,4,14,16,34,0,28,18,46
2018,Merced County,June,1538,59,81,5,107,98,8,1470,48,1,4,2,2,5,0,48,145,213,7,7,8,103,109,220,7,85,60,152
2018,Modoc County,June,91,2,0,1,1,1,0,92,34,1,0,0,0,0,0,35,3,2,1,0,0,1,1,2,1,0,3,4
2018,Mono County,June,84,5,0,0,3,0,2,84,51,6,0,0,1,0,2,54,5,5,6,3,4,0,4,8,0,0,11,11
2018,Monterey County,June,1351,8,6,0,1,5,17,1342,230,9,0,0,0,0,2,237,14,23,9,2,19,5,1,25,0,6,17,23
2018,Napa County,June,657,17,17,0,25,32,0,634,1142,51,27,0,14,58,0,1148,34,57,78,72,0,90,39,129,0,44,68,112
2018,Nevada County,June,589,16,9,1,10,7,3,595,152,4,2,1,1,2,1,155,26,20,7,4,4,9,11,24,2,11,20,33
2018,Orange County,June,9921,444,211,96,600,200,82,9790,4392,54,9,0,23,12,0,4420,751,882,63,35,82,212,623,917,96,220,498,814
2018,Placer County,June,1797,55,6,0,22,23,10,1803,1502,60,2,0,12,21,9,1522,61,55,62,42,19,44,34,97,0,8,115,123
2018,Plumas County,June,66,2,2,0,2,2,0,66,101,1,1,0,1,2,4,96,4,4,2,7,4,4,3,11,0,3,3,6
2018,Riverside County,June,8238,316,141,19,183,260,0,8271,740,38,24,0,24,54,2,722,476,443,62,80,2,314,207,523,19,165,354,538
2018,Sacramento County,June,14863,211,0,0,290,0,0,14784,4048,62,0,0,106,0,0,4004,211,290,62,106,0,0,396,396,0,0,273,273
2018,San Benito County,June,173,7,4,3,4,6,0,177,122,4,5,3,2,5,0,127,14,10,12,7,0,11,6,17,6,9,11,26
2018,San Bernardino County,June,12170,623,75,65,465,282,2,12184,100,5,0,0,19,0,0,86,763,749,5,19,2,282,484,768,65,75,628,768
2018,San Diego County,June,8783,339,56,0,197,230,5,8746,786,40,1,0,30,9,2,786,395,432,41,41,7,239,227,473,0,57,379,436
2018,San Francisco County,June,2042,66,91,9,60,114,1,2033,817,23,14,4,19,22,1,816,166,175,41,42,2,136,79,217,13,105,89,207
2018,San Joaquin County,June,8550,28,6,16,34,3,3,8560,8226,66,18,0,60,2,2,8246,50,40,84,64,5,5,94,104,16,24,94,134
2018,San Luis Obispo County,June,1087,46,46,7,42,59,13,1072,721,55,23,0,45,35,5,714,99,114,78,85,18,94,87,199,7,69,101,177
2018,San Mateo County,June,2703,43,5,0,34,11,3,2703,1923,99,5,0,23,9,0,1995,48,48,104,32,3,20,57,80,0,10,142,152
2018,Santa Barbara County,June,2175,67,47,0,23,68,17,2181,1195,95,61,0,79,59,16,1197,114,108,156,154,33,127,102,262,0,108,162,270
2018,Santa Clara County,June,5597,381,147,377,226,234,520,5522,1889,162,103,197,102,165,247,1837,905,980,462,514,767,399,328,1494,574,250,543,1367
2018,Santa Cruz County,June,1059,32,33,0,30,19,25,1050,407,14,6,8,10,13,0,412,65,74,28,23,25,32,40,97,8,39,46,93
2018,Shasta County,June,1534,30,15,0,43,15,0,1521,1,0,0,0,0,0,0,1,45,58,0,0,0,15,43,58,0,15,30,45
2018,Sierra County,June,25,0,0,0,0,0,0,25,11,0,0,0,0,0,0,11,0,0,0,0,0,0,0,0,0,0,0,0
2018,Siskiyou County,June,358,16,5,0,6,13,2,358,4,0,0,0,0,0,0,4,21,21,0,0,2,13,6,21,0,5,16,21
2018,Solano County,June,1686,21,0,0,16,2,3,1686,1051,17,0,0,23,1,1,1043,21,21,17,25,4,3,39,46,0,0,38,38
2018,Sonoma County,June,1615,55,56,1,75,56,7,1589,73,24,20,4,18,19,13,71,112,138,48,50,20,75,93,188,5,76,79,160
2018,Stanislaus County,June,3400,102,51,31,122,83,4,3375,1073,24,30,0,30,35,19,1043,184,209,54,84,23,118,152,293,31,81,126,238
2018,Sutter County,June,687,10,13,2,1,22,16,673,1,0,0,0,0,0,0,1,25,39,0,0,16,22,1,39,2,13,10,25
2018,Tehama County,June,897,10,2,0,1,0,8,900,62,0,0,0,0,0,1,61,12,9,0,1,9,0,1,10,0,2,10,12
2018,Trinity County,June,62,1,3,0,2,3,1,60,10,0,1,0,0,0,0,11,4,6,1,0,1,3,2,6,0,4,1,5
2018,Tulare County,June,2810,77,76,7,80,35,3,2852,309,17,47,0,22,33,0,318,160,118,64,55,3,68,102,173,7,123,94,224
2018,Tuolumne County,June,510,11,10,8,6,6,7,520,89,2,0,4,1,1,4,89,29,19,6,6,11,7,7,25,12,10,13,35
2018,Ventura County,June,2108,52,27,0,50,0,0,2137,6833,254,15,0,94,119,0,6889,79,50,269,213,0,119,144,263,0,42,306,348
2018,Yolo County,June,2470,17,42,4,71,19,4,2439,474,5,5,0,15,10,0,459,63,94,10,25,4,29,86,119,4,47,22,73
2018,Yuba County,June,4,20,18,0,21,0,16,5,3,4,0,0,3,0,2,2,38,37,4,5,18,0,24,42,0,18,24,42
2018,Alameda County,July,6365,140,14,17,131,70,60,6275,192,11,0,0,10,3,1,189,171,261,11,14,61,73,141,275,17,14,151,182
2018,Alpine County,July,10,0,2,0,0,0,0,12,54,2,1,0,4,0,0,53,2,0,3,4,0,0,4,4,0,3,2,5
2018,Amador County,July,248,5,0,6,2,6,0,251,1033,21,2,6,20,10,0,1032,11,8,29,30,0,16,22,38,12,2,26,40
2018,Butte County,July,906,29,44,8,40,51,5,891,269,27,9,0,24,18,0,263,81,96,36,42,5,69,64,138,8,53,56,117
2018,Calaveras County,July,189,3,4,1,5,8,2,182,120,2,4,0,0,2,0,124,8,15,6,2,2,10,5,17,1,8,5,14
2018,Colusa County,July,90,1,0,2,2,4,3,84,39,1,1,0,1,2,0,38,3,9,2,3,3,6,3,12,2,1,2,5
2018,Contra Costa County,July,3653,92,7,11,94,1,43,3625,0,0,0,0,0,0,0,0,110,138,0,0,43,1,94,138,11,7,92,110
2018,Del Norte County,July,162,11,2,1,1,4,1,170,53,1,0,0,0,1,1,52,14,6,1,2,2,5,1,8,1,2,12,15
2018,El Dorado County,July,913,10,16,0,24,18,0,897,109,3,1,0,6,5,0,102,26,42,4,11,0,23,30,53,0,17,13,30
2018,Fresno County,July,4589,207,132,0,54,240,0,4634,4262,74,132,1,66,156,1,4246,339,294,207,223,1,396,120,517,1,264,281,546
2018,Glenn County,July,152,4,2,0,2,2,1,153,103,7,0,0,0,3,1,106,6,5,7,4,2,5,2,9,0,2,11,13
2018,Humboldt County,July,1136,21,0,0,16,10,3,1128,28,1,0,0,0,0,0,29,21,29,1,0,3,10,16,29,0,0,22,22
2018,Imperial County,July,3393,41,29,0,56,41,0,3366,70,0,0,0,0,0,0,70,70,97,0,0,0,41,56,97,0,29,41,70
2018,Inyo County,July,179,6,5,1,10,4,1,176,84,2,3,0,7,2,0,80,12,15,5,9,1,6,17,24,1,8,8,17
2018,Kern County,July,7326,178,21,14,228,33,22,7256,0,0,0,0,0,0,0,0,213,283,0,0,22,33,228,283,14,21,178,213
2018,Kings County,July,1249,33,2,10,11,12,39,1232,1991,77,13,0,44,30,2,2005,45,62,90,76,41,42,55,138,10,15,110,135
2018,Lake County,July,552,11,10,0,1,1,0,571,105,1,0,0,0,0,0,106,21,2,1,0,0,1,1,2,0,10,12,22
2018,Lassen County,July,71,7,0,0,2,0,0,76,43,0,0,0,1,0,0,42,7,2,0,1,0,0,3,3,0,0,7,7
2018,Los Angeles County,July,37664,577,264,0,442,652,32,37379,393,4,0,0,4,1,1,391,841,1126,4,6,33,653,446,1132,0,264,581,845
2018,Madera County,July,2810,25,17,0,11,44,3,2794,577,20,9,0,6,42,0,558,42,58,29,48,3,86,17,106,0,26,45,71
2018,Marin County,July,1376,11,7,0,14,1,0,1379,746,22,6,0,3,25,0,746,18,15,28,28,0,26,17,43,0,13,33,46
2018,Mariposa County,July,111,1,1,1,2,2,3,107,155,2,5,0,6,7,1,148,3,7,7,14,4,9,8,21,1,6,3,10
2018,Mendocino County,July,834,18,22,0,5,3,4,862,184,6,6,0,3,1,0,192,40,12,12,4,4,4,8,16,0,28,24,52
2018,Merced County,July,1526,58,72,0,98,87,2,1469,50,0,1,1,3,2,2,45,130,187,2,7,4,89,101,194,1,73,58,132
2018,Modoc County,July,92,0,0,2,1,1,0,92,35,4,0,0,2,1,0,36,2,2,4,3,0,2,3,5,2,0,4,6
2018,Mono County,July,84,3,0,0,1,0,5,81,54,7,0,0,0,0,1,60,3,6,7,1,6,0,1,7,0,0,10,10
2018,Monterey County,July,1342,21,3,9,10,11,0,1354,237,6,0,2,5,0,0,240,33,21,8,5,0,11,15,26,11,3,27,41
2018,Napa County,July,634,20,11,0,12,27,6,620,1148,34,27,23,35,62,0,1135,31,45,84,97,6,89,47,142,23,38,54,115
2018,Nevada County,July,595,19,7,2,9,8,4,602,155,2,2,1,3,2,1,154,28,21,5,6,5,10,12,27,3,9,21,33
2018,Orange County,July,9790,383,244,109,603,263,165,9495,4420,64,12,0,17,15,0,4464,736,1031,76,32,165,278,620,1063,109,256,447,812
2018,Placer County,July,1797,53,2,0,10,20,21,1801,1541,71,2,0,11,11,18,1574,55,51,73,40,39,31,21,91,0,4,124,128
2018,Plumas County,July,66,2,2,1,1,3,0,67,96,9,3,0,1,1,3,103,5,4,12,5,3,4,2,9,1,5,11,17
2018,Riverside County,July,8271,311,148,3,278,223,0,8232,722,65,27,0,65,36,8,705,462,501,92,109,8,259,343,610,3,175,376,554
2018,Sacramento County,July,14784,201,0,0,307,0,0,14678,4004,71,0,0,80,0,0,3995,201,307,71,80,0,0,387,387,0,0,272,272
2018,San Benito County,July,177,3,2,2,5,8,0,171,127,3,1,5,1,7,1,127,7,13,9,9,1,15,6,22,7,3,6,16
2018,San Bernardino County,July,12096,662,82,57,391,261,3,12242,99,4,0,1,13,2,0,89,801,655,5,15,3,263,404,670,58,82,666,806
2018,San Diego County,July,8746,24,74,0,175,185,1,8483,786,32,3,0,31,8,1,781,98,361,35,40,2,193,206,401,0,77,56,133
2018,San Francisco County,July,2033,58,101,7,82,139,2,1976,816,23,6,2,27,21,1,798,166,223,31,49,3,160,109,272,9,107,81,197
2018,San Joaquin County,July,8560,44,64,5,32,28,1,8612,8246,88,106,0,41,28,1,8370,113,61,194,70,2,56,73,131,5,170,132,307
2018,San Luis Obispo County,July,1072,29,42,15,40,26,17,1075,714,33,25,0,42,29,7,694,86,83,58,78,24,55,82,161,15,67,62,144
2018,San Mateo County,July,2703,49,12,0,46,6,7,2705,1995,63,7,0,29,6,0,2030,61,59,70,35,7,12,75,94,0,19,112,131
2018,Santa Barbara County,July,2164,66,56,0,29,64,17,2176,1203,95,45,0,46,56,5,1236,122,110,140,107,22,120,75,217,0,101,161,262
2018,Santa Clara County,July,5522,402,161,330,182,275,462,5496,1837,160,138,178,81,150,228,1854,893,919,476,459,690,425,263,1378,508,299,562,1369
2018,Santa Cruz County,July,1050,30,20,16,27,26,0,1063,412,17,4,26,16,25,0,418,66,53,47,41,0,51,43,94,42,24,47,113
2018,Shasta County,July,1521,33,9,0,49,9,0,1505,1,0,0,0,0,0,0,1,42,58,0,0,0,9,49,58,0,9,33,42
2018,Sierra County,July,25,0,0,1,0,0,1,25,11,0,0,0,0,0,0,11,1,1,0,0,1,0,0,1,1,0,0,1
2018,Siskiyou County,July,358,8,9,0,6,2,1,366,4,0,0,0,0,0,0,4,17,9,0,0,1,2,6,9,0,9,8,17
2018,Solano County,July,1682,26,1,0,23,10,4,1672,1063,18,0,0,31,2,4,1044,27,37,18,37,8,12,54,74,0,1,44,45
2018,Sonoma County,July,1589,53,54,2,55,57,7,1579,71,26,23,2,16,20,13,73,109,119,51,49,20,77,71,168,4,77,79,160
2018,Stanislaus County,July,3375,120,44,25,106,104,13,3341,1043,19,17,14,40,33,0,1020,189,223,50,73,13,137,146,296,39,61,139,239
2018,Sutter County,July,673,19,20,5,1,19,11,686,1,2,0,0,0,0,0,3,44,31,2,0,11,19,1,31,5,20,21,46
2018,Tehama County,July,900,12,2,0,2,2,11,899,61,0,0,0,0,0,0,61,14,15,0,0,11,2,2,15,0,2,12,14
2018,Trinity County,July,60,5,0,1,1,4,0,61,11,0,1,0,0,1,0,11,6,5,1,1,0,5,1,6,1,1,5,7
2018,Tulare County,July,2852,119,98,18,105,14,1,2967,318,43,40,1,61,26,0,315,235,120,84,87,1,40,166,207,19,138,162,319
2018,Tuolumne County,July,520,14,8,6,2,12,8,526,89,2,1,4,0,0,0,96,28,22,7,0,8,12,2,22,10,9,16,35
2018,Ventura County,July,2106,48,27,0,51,0,0,2130,6862,192,12,0,64,30,0,6972,75,51,204,94,0,30,115,145,0,39,240,279
2018,Yolo County,July,2439,21,45,0,44,18,1,2442,459,1,3,2,8,0,6,451,66,63,6,14,7,18,52,77,2,48,22,72
2018,Yuba County,July,510,26,8,0,11,10,0,523,40,4,3,0,2,0,0,45,34,21,7,2,0,10,13,23,0,11,30,41
2018,Alameda County,August,6275,139,18,57,146,108,56,6179,189,8,0,11,8,11,1,188,214,310,19,20,57,119,154,330,68,18,147,233
2018,Alpine County,August,12,0,0,0,0,1,0,11,53,6,1,0,0,3,0,57,0,1,7,3,0,4,0,4,0,1,6,7
2018,Amador County,August,251,10,4,10,12,12,0,251,1032,26,6,4,26,6,0,1036,24,24,36,32,0,18,38,56,14,10,36,60
2018,Butte County,August,904,58,52,2,74,74,7,861,277,36,15,0,37,30,0,261,112,155,51,67,7,104,111,222,2,67,94,163
2018,Calaveras County,August,182,9,8,2,5,7,4,185,124,6,7,2,3,9,2,125,19,16,15,14,6,16,8,30,4,15,15,34
2018,Colusa County,August,84,4,2,0,0,3,4,83,38,1,0,0,2,2,2,33,6,7,1,6,6,5,2,13,0,2,5,7
2018,Contra Costa County,August,3625,109,16,7,68,8,18,3663,0,0,0,0,0,0,0,0,132,94,0,0,18,8,68,94,7,16,109,132
2018,Del Norte County,August,170,7,3,1,6,5,1,169,52,8,0,0,1,0,2,57,11,12,8,3,3,5,7,15,1,3,15,19
2018,El Dorado County,August,901,18,13,0,26,21,0,885,101,4,1,0,2,2,0,102,31,47,5,4,0,23,28,51,0,14,22,36
2018,Fresno County,August,4634,209,125,2,83,222,2,4663,4246,104,136,11,68,195,11,4223,336,307,251,274,13,417,151,581,13,261,313,587
2018,Glenn County,August,153,2,3,3,2,4,3,152,106,13,1,1,0,6,3,112,8,9,15,9,6,10,2,18,4,4,15,23
2018,Humboldt County,August,1128,41,0,3,15,10,0,1147,29,0,0,0,0,0,0,29,44,25,0,0,0,10,15,25,3,0,41,44
2018,Imperial County,August,3366,47,21,0,7,30,0,3397,70,0,0,0,0,0,0,70,68,37,0,0,0,30,7,37,0,21,47,68
2018,Inyo County,August,177,2,1,0,5,5,1,169,81,10,2,0,7,7,1,78,3,11,12,15,2,12,12,26,0,3,12,15
2018,Kern County,August,7256,202,24,16,203,33,18,7244,0,0,0,0,0,0,0,0,242,254,0,0,18,33,203,254,16,24,202,242
2018,Kings County,August,1232,49,5,12,21,10,32,1235,2005,63,11,2,43,43,26,1969,66,63,76,112,58,53,64,175,14,16,112,142
2018,Lake County,August,555,25,5,1,1,0,0,585,101,1,1,0,0,0,0,103,31,1,2,0,0,0,1,1,1,6,26,33
2018,Lassen County,August,73,6,0,0,4,0,0,75,41,0,0,0,0,0,0,41,6,4,0,0,0,0,4,4,0,0,6,6
2018,Los Angeles County,August,37581,680,269,0,551,753,24,37202,395,3,0,0,6,1,2,389,949,1328,3,9,26,754,557,1337,0,269,683,952
2018,Madera County,August,2794,45,12,0,11,14,6,2820,558,38,7,0,15,21,4,563,57,31,45,40,10,35,26,71,0,19,83,102
2018,Marin County,August,1379,26,6,0,1,26,0,1384,746,26,6,0,15,19,0,744,32,27,32,34,0,45,16,61,0,12,52,64
2018,Mariposa County,August,107,1,3,2,1,2,1,109,148,9,3,0,10,4,0,146,6,4,12,14,1,6,11,18,2,6,10,18
2018,Mendocino County,August,859,18,16,0,5,7,4,877,190,8,10,0,6,3,0,199,34,16,18,9,4,10,11,25,0,26,26,52
2018,Merced County,August,1525,72,49,5,99,106,10,1436,47,1,1,1,2,3,1,44,126,215,3,6,11,109,101,221,6,50,73,129
2018,Modoc County,August,92,0,0,1,0,3,0,90,36,2,0,0,2,0,1,35,1,3,2,3,1,3,2,6,1,0,2,3
2018,Mono County,August,81,3,0,0,0,0,0,84,60,2,0,0,1,0,0,61,3,0,2,1,0,0,1,1,0,0,5,5
2018,Monterey County,August,1354,14,10,0,19,18,6,1335,240,12,1,0,3,1,2,247,24,43,13,6,8,19,22,49,0,11,26,37
2018,Napa County,August,620,25,30,41,16,45,0,655,1135,40,38,22,35,69,0,1131,96,61,100,104,0,114,51,165,63,68,65,196
2018,Nevada County,August,602,9,15,0,11,7,5,603,154,4,5,0,9,1,1,152,24,23,9,11,6,8,20,34,0,20,13,33
2018,Orange County,August,9495,502,207,78,605,266,123,9288,4464,87,7,0,91,19,15,4433,787,994,94,125,138,285,696,1119,78,214,589,881
2018,Placer County,August,1798,49,1,0,11,10,18,1809,1537,52,0,0,15,16,30,1528,50,39,52,61,48,26,26,100,0,1,101,102
2018,Plumas County,August,67,5,5,1,3,3,1,71,103,8,5,0,1,5,3,107,11,7,13,9,4,8,4,16,1,10,13,24
2018,Riverside County,August,8232,365,181,5,204,263,0,8316,705,40,23,0,44,57,3,664,551,467,63,104,3,320,248,571,5,204,405,614
2018,Sacramento County,August,14678,298,0,0,289,0,0,14687,3995,76,0,7,144,0,0,3934,298,289,83,144,0,0,433,433,7,0,374,381
2018,San Benito County,August,171,5,2,5,0,1,0,182,127,3,3,3,2,2,2,130,12,1,9,6,2,3,2,7,8,5,8,21
2018,San Bernardino County,August,12088,679,70,68,502,271,4,12128,101,7,0,2,18,1,0,91,817,777,9,19,4,272,520,796,70,70,686,826
2018,San Diego County,August,8705,377,77,0,177,272,1,8709,772,46,3,0,26,12,0,783,454,450,49,38,1,284,203,488,0,80,423,503
2018,San Francisco County,August,1976,83,134,7,66,111,2,2021,798,27,14,2,29,23,1,788,224,179,43,53,3,134,95,232,9,148,110,267
2018,San Joaquin County,August,8612,48,56,13,33,39,7,8650,8370,122,137,0,48,34,5,8542,117,79,259,87,12,73,81,166,13,193,170,376
2018,San Luis Obispo County,August,1075,29,29,11,44,40,13,1047,694,36,27,0,42,43,7,665,69,97,63,92,20,83,86,189,11,56,65,132
2018,San Mateo County,August,2705,80,9,0,36,13,16,2729,2030,126,5,0,31,4,7,2119,89,65,131,42,23,17,67,107,0,14,206,220
2018,Santa Barbara County,August,2162,66,49,0,32,59,18,2168,1210,99,53,0,99,55,7,1201,115,109,152,161,25,114,131,270,0,102,165,267
2018,Santa Clara County,August,5496,525,178,346,224,247,619,5455,1854,224,115,194,123,181,283,1800,1049,1090,533,587,902,428,347,1677,540,293,749,1582
2018,Santa Cruz County,August,1063,47,19,0,29,27,3,1070,418,20,4,3,8,18,0,419,66,59,27,26,3,45,37,85,3,23,67,93
2018,Shasta County,August,1505,40,7,0,55,7,0,1490,1,0,0,0,0,0,0,1,47,62,0,0,0,7,55,62,0,7,40,47
2018,Sierra County,August,25,1,0,0,0,0,0,26,11,0,0,0,1,0,0,10,1,0,0,1,0,0,1,1,0,0,1,1
2018,Siskiyou County,August,366,13,4,0,5,4,1,373,4,0,0,0,1,0,0,3,17,10,0,1,1,4,6,11,0,4,13,17
2018,Solano County,August,1642,38,0,0,24,7,9,1640,1038,9,0,0,18,2,3,1024,38,40,9,23,12,9,42,63,0,0,47,47
2018,Sonoma County,August,1579,57,54,1,52,44,6,1589,73,23,14,3,14,26,9,64,112,102,40,49,15,70,66,151,4,68,80,152
2018,Stanislaus County,August,3341,118,80,0,99,86,8,3346,1020,27,38,0,28,43,4,1010,198,193,65,75,12,129,127,268,0,118,145,263
2018,Sutter County,August,686,18,3,2,1,20,22,666,3,1,0,0,0,0,0,4,23,43,1,0,22,20,1,43,2,3,19,24
2018,Tehama County,August,899,6,3,0,1,0,9,898,61,0,0,0,0,0,2,59,9,10,0,2,11,0,1,12,0,3,6,9
2018,Trinity County,August,61,2,5,0,2,2,1,63,11,1,2,0,3,1,0,10,7,5,3,4,1,3,5,9,0,7,3,10
2018,Tulare County,August,2967,90,34,0,41,36,0,3014,315,16,18,0,9,28,0,312,124,77,34,37,0,64,50,114,0,52,106,158
2018,Tuolumne County,August,526,13,9,13,4,9,8,540,96,2,1,6,1,3,2,99,35,21,9,6,10,12,5,27,19,10,15,44
2018,Ventura County,August,2097,69,43,0,52,0,0,2157,6894,222,4,0,63,71,0,6986,112,52,226,134,0,71,115,186,0,47,291,338
2018,Yolo County,August,2442,26,53,3,41,17,264,2202,451,5,0,0,40,0,0,416,82,322,5,40,264,17,81,362,3,53,31,87
2018,Yuba County,August,515,13,0,4,9,2,0,521,42,5,0,0,2,3,0,42,17,11,5,5,0,5,11,16,4,0,18,22
2018,Alameda County,September,6179,118,126,0,136,127,77,6083,188,1,3,1,10,6,6,171,244,340,5,22,83,133,146,362,1,129,119,249
2018,Alpine County,September,11,0,0,2,2,0,0,11,57,0,4,0,1,2,0,58,2,2,4,3,0,2,3,5,2,4,0,6
2018,Amador County,September,251,13,0,8,12,11,0,249,1036,33,6,0,20,3,1,1051,21,23,39,24,1,14,32,47,8,6,46,60
2018,Butte County,September,928,47,33,0,77,69,11,851,291,20,11,0,28,25,4,265,80,157,31,57,15,94,105,214,0,44,67,111
2018,Calaveras County,September,185,4,1,2,4,3,2,183,125,1,3,0,5,4,1,119,7,9,4,10,3,7,9,19,2,4,5,11
2018,Colusa County,September,83,5,5,0,1,0,2,90,33,1,1,1,0,0,0,36,10,3,3,0,2,0,1,3,1,6,6,13
2018,Contra Costa County,September,3663,74,4,7,89,8,37,3614,0,0,0,0,0,0,0,0,85,134,0,0,37,8,89,134,7,4,74,85
2018,Del Norte County,September,169,9,4,0,3,5,0,174,57,2,1,1,1,4,2,54,13,8,4,7,2,9,4,15,1,5,11,17
2018,El Dorado County,September,879,7,12,0,28,23,0,847,98,3,2,0,5,3,0,95,19,51,5,8,0,26,33,59,0,14,10,24
2018,Fresno County,September,4663,186,97,1,75,196,2,4674,4223,102,80,2,48,110,2,4247,284,273,184,160,4,306,123,433,3,177,288,468
2018,Glenn County,September,152,6,7,0,2,7,0,156,112,5,4,0,0,4,0,117,13,9,9,4,0,11,2,13,0,11,11,22
2018,Humboldt County,September,1147,27,0,0,10,7,1,1156,29,0,0,0,1,0,1,27,27,18,0,2,2,7,11,20,0,0,27,27
2018,Imperial County,September,3397,54,15,0,16,18,0,3432,70,3,0,0,0,0,0,73,69,34,3,0,0,18,16,34,0,15,57,72
2018,Inyo County,September,171,5,3,0,7,6,0,166,82,5,4,0,5,5,0,81,8,13,9,10,0,11,12,23,0,7,10,17
2018,Kern County,September,7244,197,23,15,127,21,12,7319,0,0,0,0,0,0,0,0,235,160,0,0,12,21,127,160,15,23,197,235
2018,Kings County,September,1235,35,4,10,25,6,24,1229,1969,42,13,1,31,26,2,1966,49,55,56,59,26,32,56,114,11,17,77,105
2018,Lake County,September,565,22,7,2,0,0,0,596,99,1,1,0,0,0,0,101,31,0,2,0,0,0,0,0,2,8,23,33
2018,Lassen County,September,77,3,0,1,2,0,2,77,42,1,0,0,1,0,0,42,4,4,1,1,2,0,3,5,1,0,4,5
2018,Los Angeles County,September,37314,543,255,0,437,583,36,37056,390,2,0,0,1,3,2,386,798,1056,2,6,38,586,438,1062,0,255,545,800
2018,Madera County,September,2820,34,15,0,13,23,3,2830,563,27,15,0,2,35,0,568,49,39,42,37,3,58,15,76,0,30,61,91
2018,Marin County,September,1384,23,6,0,17,1,0,1395,744,31,8,0,16,10,0,757,29,18,39,26,0,11,33,44,0,14,54,68
2018,Mariposa County,September,109,1,0,1,2,2,1,106,146,4,0,0,5,1,1,143,2,5,4,7,2,3,7,12,1,0,5,6
2018,Mendocino County,September,877,22,17,0,6,3,0,907,200,10,2,0,3,3,1,205,39,9,12,7,1,6,9,16,0,19,32,51
2018,Merced County,September,1535,57,48,4,63,62,15,1504,47,3,1,0,3,2,0,46,109,140,4,5,15,64,66,145,4,49,60,113
2018,Modoc County,September,90,0,0,0,0,0,0,90,35,3,0,0,1,0,0,37,0,0,3,1,0,0,1,1,0,0,3,3
2018,Mono County,September,84,2,0,0,4,0,5,77,61,4,0,0,0,0,0,65,2,9,4,0,5,0,4,9,0,0,6,6
2018,Monterey County,September,1335,10,4,18,26,11,0,1330,247,5,1,0,4,1,10,238,32,37,6,15,10,12,30,52,18,5,15,38
2018,Napa County,September,655,17,27,2,15,35,1,650,1132,40,32,2,41,52,4,1109,46,51,74,97,5,87,56,148,4,59,57,120
2018,Nevada County,September,603,9,12,0,11,9,6,598,152,1,1,0,2,0,1,151,21,26,2,3,7,9,13,29,0,13,10,23
2018,Orange County,September,9288,312,189,91,536,187,76,9081,4433,58,3,0,1,3,0,4490,592,799,61,4,76,190,537,803,91,192,370,653
2018,Placer County,September,1813,65,1,0,20,1,16,1842,1525,49,2,0,22,2,13,1539,66,37,51,37,29,3,42,74,0,3,114,117
2018,Plumas County,September,71,4,1,2,1,1,1,75,107,4,4,0,0,5,4,106,7,3,8,9,5,6,1,12,2,5,8,15
2018,Riverside County,September,8316,259,149,2,228,220,0,8278,664,49,22,0,21,34,2,678,410,448,71,57,2,254,249,505,2,171,308,481
2018,Sacramento County,September,14687,275,0,0,248,0,0,14714,3934,83,0,0,80,0,5,3932,275,248,83,85,5,0,328,333,0,0,358,358
2018,San Benito County,September,182,7,2,1,5,3,2,182,130,7,3,1,2,2,4,133,10,10,11,8,6,5,7,18,2,5,14,21
2018,San Bernardino County,September,12055,618,68,63,347,266,1,12190,96,4,0,1,11,2,0,88,749,614,5,13,1,268,358,627,64,68,622,754
2018,San Diego County,September,8709,304,84,0,161,140,5,8791,783,37,4,0,27,7,0,790,388,306,41,34,5,147,188,340,0,88,341,429
2018,San Francisco County,September,2021,58,86,9,46,66,4,2058,788,28,21,2,17,9,1,812,153,116,51,27,5,75,63,143,11,107,86,204
2018,San Joaquin County,September,8650,49,30,0,6535,22,2,2170,8542,91,55,0,6970,22,3,1693,79,6559,146,6995,5,44,13505,13554,0,85,140,225
2018,San Luis Obispo County,September,1047,29,33,11,33,45,13,1029,665,37,15,0,30,24,6,657,73,91,52,60,19,69,63,151,11,48,66,125
2018,San Mateo County,September,2729,54,14,0,42,4,6,2745,2119,119,3,0,26,2,1,2212,68,52,122,29,7,6,68,81,0,17,173,190
2018,Santa Barbara County,September,2161,73,29,0,16,49,10,2188,1180,81,46,0,44,61,6,1196,102,75,127,111,16,110,60,186,0,75,154,229
2018,Santa Clara County,September,5455,419,137,361,180,208,604,5380,1800,142,119,174,90,169,243,1733,917,992,435,502,847,377,270,1494,535,256,561,1352
2018,Santa Cruz County,September,1070,26,21,0,25,21,20,1051,419,14,5,2,13,13,0,414,47,66,21,26,20,34,38,92,2,26,40,68
2018,Shasta County,September,1490,39,16,0,51,16,0,1478,1,0,0,0,0,0,0,1,55,67,0,0,0,16,51,67,0,16,39,55
2018,Sierra County,September,25,0,0,0,0,0,0,25,10,0,0,0,0,0,0,10,0,0,0,0,0,0,0,0,0,0,0,0
2018,Siskiyou County,September,373,9,9,0,7,5,0,379,4,0,0,0,0,0,0,4,18,12,0,0,0,5,7,12,0,9,9,18
2018,Solano County,September,1645,26,0,0,22,4,0,1645,1022,16,0,0,16,3,2,1017,26,26,16,21,2,7,38,47,0,0,42,42
2018,Sonoma County,September,1589,54,41,1,46,51,6,1582,64,32,18,2,30,16,27,43,96,103,52,73,33,67,76,176,3,59,86,148
2018,Stanislaus County,September,3346,108,65,21,111,72,9,3348,1010,22,33,0,27,31,8,999,194,192,55,66,17,103,138,258,21,98,130,249
2018,Sutter County,September,666,18,15,2,0,17,16,668,4,0,0,0,0,0,0,4,35,33,0,0,16,17,0,33,2,15,18,35
2018,Tehama County,September,898,15,2,0,0,0,12,903,59,0,0,0,0,0,0,59,17,12,0,0,12,0,0,12,0,2,15,17
2018,Trinity County,September,63,1,2,2,1,1,0,66,10,0,1,0,0,1,0,10,5,2,1,1,0,2,1,3,2,3,1,6
2018,Tulare County,September,3014,78,46,1,113,48,2,2976,312,16,31,0,35,12,1,311,125,163,47,48,3,60,148,211,1,77,94,172
2018,Tuolumne County,September,540,14,6,3,5,12,9,537,99,3,0,0,2,0,0,100,23,26,3,2,9,12,7,28,3,6,17,26
2018,Ventura County,September,2141,51,26,0,67,0,0,2151,6959,199,3,0,74,55,0,7032,77,67,202,129,0,55,141,196,0,29,250,279
2018,Yolo County,September,2202,22,39,0,34,17,195,2017,416,4,8,0,7,0,0,421,61,246,12,7,195,17,41,253,0,47,26,73
2018,Yuba County,September,521,7,0,0,12,9,0,507,42,2,1,0,0,1,0,44,7,21,3,1,0,10,12,22,0,1,9,10
2018,Alameda County,October,6083,132,23,67,116,102,54,6033,171,6,1,4,6,1,1,174,222,272,11,8,55,103,122,280,71,24,138,233
2018,Alpine County,October,11,1,0,0,0,0,0,12,58,4,3,0,1,3,0,61,1,0,7,4,0,3,1,4,0,3,5,8
2018,Amador County,October,249,11,2,8,5,7,0,258,1051,34,4,11,33,12,0,1055,21,12,49,45,0,19,38,57,19,6,45,70
2018,Butte County,October,902,48,63,6,23,78,3,915,286,23,19,0,32,32,5,259,117,104,42,69,8,110,55,173,6,82,71,159
2018,Calaveras County,October,183,2,2,1,4,7,3,174,119,3,2,0,7,3,0,114,5,14,5,10,3,10,11,24,1,4,5,10
2018,Colusa County,October,90,2,1,0,0,3,3,87,36,1,0,0,0,0,0,37,3,6,1,0,3,3,0,6,0,1,3,4
2018,Contra Costa County,October,3614,134,13,20,77,5,29,3670,0,0,0,0,0,0,0,0,167,111,0,0,29,5,77,111,20,13,134,167
2018,Del Norte County,October,174,13,3,2,7,3,0,182,54,1,2,0,2,4,0,51,18,10,3,6,0,7,9,16,2,5,14,21
2018,El Dorado County,October,856,19,19,0,34,21,0,839,98,8,1,0,4,4,0,99,38,55,9,8,0,25,38,63,0,20,27,47
2018,Fresno County,October,4674,228,103,0,87,195,0,4723,4247,116,75,2,48,137,2,4253,331,282,193,187,2,332,135,469,2,178,344,524
2018,Glenn County,October,156,8,4,1,2,10,2,155,117,8,0,0,6,5,1,113,13,14,8,12,3,15,8,26,1,4,16,21
2018,Humboldt County,October,1156,26,0,1,26,4,6,1147,27,0,0,0,0,0,0,27,27,36,0,0,6,4,26,36,1,0,26,27
2018,Imperial County,October,3432,40,16,0,24,25,0,3439,73,0,0,0,0,0,0,73,56,49,0,0,0,25,24,49,0,16,40,56
2018,Inyo County,October,162,2,6,0,6,4,1,159,79,8,6,0,7,6,0,80,8,11,14,13,1,10,13,24,0,12,10,22
2018,Kern County,October,7319,205,24,15,171,25,16,7351,0,0,0,0,0,0,0,0,244,212,0,0,16,25,171,212,15,24,205,244
2018,Kings County,October,1229,55,12,259,27,15,30,1483,1966,74,15,63,24,14,12,2068,326,72,152,50,42,29,51,122,322,27,129,478
2018,Lake County,October,569,30,6,1,1,0,1,604,96,2,0,0,0,0,0,98,37,2,2,0,1,0,1,2,1,6,32,39
2018,Lassen County,October,77,7,0,1,1,0,0,84,42,1,0,0,2,0,0,41,8,1,1,2,0,0,3,3,1,0,8,9
2018,Los Angeles County,October,37306,579,264,0,522,748,28,36851,404,4,0,0,2,0,0,406,843,1298,4,2,28,748,524,1300,0,264,583,847
2018,Madera County,October,2830,27,11,0,9,20,4,2835,568,26,4,0,7,22,2,567,38,33,30,31,6,42,16,64,0,15,53,68
2018,Marin County,October,1395,23,6,0,12,21,0,1391,757,36,9,0,24,12,0,766,29,33,45,36,0,33,36,69,0,15,59,74
2018,Mariposa County,October,106,0,0,1,0,1,0,106,143,7,2,1,8,6,1,138,1,1,10,15,1,7,8,16,2,2,7,11
2018,Mendocino County,October,910,32,29,0,5,2,2,962,205,7,7,0,3,2,2,212,61,9,14,7,4,4,8,16,0,36,39,75
2018,Merced County,October,1538,57,66,3,116,97,9,1442,47,0,0,0,4,3,0,40,126,222,0,7,9,100,120,229,3,66,57,126
2018,Modoc County,October,90,1,0,2,2,0,0,91,37,2,0,0,2,0,0,37,3,2,2,2,0,0,4,4,2,0,3,5
2018,Mono County,October,77,2,0,5,0,1,2,81,65,7,0,0,0,0,0,72,7,3,7,0,2,1,0,3,5,0,9,14
2018,Monterey County,October,1330,21,30,25,21,20,0,1365,238,12,0,5,2,3,0,250,76,41,17,5,0,23,23,46,30,30,33,93
2018,Napa County,October,650,33,15,28,16,39,7,664,1109,58,32,35,54,57,5,1118,76,62,125,116,12,96,70,178,63,47,91,201
2018,Nevada County,October,598,8,9,2,5,2,2,608,151,8,2,1,3,0,0,159,19,9,11,3,2,2,8,12,3,11,16,30
2018,Orange County,October,9081,473,168,108,619,211,123,8877,4490,111,9,0,74,12,0,4524,749,953,120,86,123,223,693,1039,108,177,584,869
2018,Placer County,October,1806,60,0,0,18,0,34,1814,1520,52,1,0,12,5,30,1526,60,52,53,47,64,5,30,99,0,1,112,113
2018,Plumas County,October,75,6,2,2,5,4,0,76,106,6,2,0,3,2,7,102,10,9,8,12,7,6,8,21,2,4,12,18
2018,Riverside County,October,8278,324,167,8,236,236,0,8305,678,50,23,9,45,44,0,671,499,472,82,89,0,280,281,561,17,190,374,581
2018,Sacramento County,October,14714,247,0,0,307,0,0,14654,3932,75,0,5,73,0,14,3925,247,307,80,87,14,0,380,394,5,0,322,327
2018,San Benito County,October,182,8,2,2,2,1,4,187,133,6,1,2,3,3,2,134,12,7,9,8,6,4,5,15,4,3,14,21
2018,San Bernardino County,October,12102,691,84,52,428,306,3,12192,107,6,0,2,17,1,0,97,827,737,8,18,3,307,445,755,54,84,697,835
2018,San Diego County,October,8791,243,55,0,144,168,0,8777,790,26,2,0,30,5,0,783,298,312,28,35,0,173,174,347,0,57,269,326
2018,San Francisco County,October,2058,67,84,13,62,134,3,2023,812,24,16,2,24,27,1,802,164,199,42,52,4,161,86,251,15,100,91,206
2018,San Joaquin County,October,2170,43,45,11,47,15,6,2201,1693,86,45,0,49,23,4,1748,99,68,131,76,10,38,96,144,11,90,129,230
2018,San Luis Obispo County,October,1029,45,35,8,44,33,11,1029,657,44,18,0,32,21,1,665,88,88,62,54,12,54,76,142,8,53,89,150
2018,San Mateo County,October,2745,56,6,0,40,6,7,2754,2212,152,4,0,39,2,2,2325,62,53,156,43,9,8,79,96,0,10,208,218
2018,Santa Barbara County,October,2161,67,37,0,37,66,13,2149,1178,102,49,0,61,65,8,1195,104,116,151,134,21,131,98,250,0,86,169,255
2018,Santa Clara County,October,5380,477,180,432,194,260,625,5390,1733,176,120,204,86,180,240,1727,1089,1079,500,506,865,440,280,1585,636,300,653,1589
2018,Santa Cruz County,October,1051,45,24,0,25,28,14,1053,414,17,2,12,15,21,0,409,69,67,31,36,14,49,40,103,12,26,62,100
2018,Shasta County,October,1478,34,7,0,38,7,0,1474,1,0,0,0,0,0,0,1,41,45,0,0,0,7,38,45,0,7,34,41
2018,Sierra County,October,25,0,0,0,0,0,0,25,10,0,0,0,0,0,0,10,0,0,0,0,0,0,0,0,0,0,0,0
2018,Siskiyou County,October,379,10,11,0,7,14,2,377,4,0,0,0,0,0,0,4,21,23,0,0,2,14,7,23,0,11,10,21
2018,Solano County,October,1644,38,0,0,20,4,3,1655,1015,22,0,0,12,3,5,1017,38,27,22,20,8,7,32,47,0,0,60,60
2018,Sonoma County,October,1582,58,52,2,53,63,6,1572,43,25,23,1,20,20,27,25,112,122,49,67,33,83,73,189,3,75,83,161
2018,Stanislaus County,October,3348,119,50,1,90,88,6,3334,1004,21,33,0,37,39,32,950,170,184,54,108,38,127,127,292,1,83,140,224
2018,Sutter County,October,668,27,10,5,0,21,13,676,4,1,1,0,0,1,0,5,42,34,2,1,13,22,0,35,5,11,28,44
2018,Tehama County,October,903,12,1,0,2,0,8,906,59,0,0,0,0,0,2,57,13,10,0,2,10,0,2,12,0,1,12,13
2018,Trinity County,October,66,2,3,0,1,3,2,65,10,1,2,0,2,0,0,11,5,6,3,2,2,3,3,8,0,5,3,8
2018,Tulare County,October,2976,72,28,2,31,56,0,2991,311,11,22,0,18,31,0,295,102,87,33,49,0,87,49,136,2,50,83,135
2018,Tuolumne County,October,537,6,5,5,4,6,11,532,100,3,0,10,2,0,1,110,16,21,13,3,12,6,6,24,15,5,9,29
2018,Ventura County,October,2113,59,48,0,53,0,0,2167,6992,230,3,0,80,53,0,7092,107,53,233,133,0,53,133,186,0,51,289,340
2018,Yolo County,October,2017,18,37,5,54,14,145,1864,421,33,0,0,4,0,0,450,60,213,33,4,145,14,58,217,5,37,51,93
2018,Yuba County,October,507,16,0,0,10,4,0,509,44,5,1,0,2,0,0,48,16,14,6,2,0,4,12,16,0,1,21,22
2018,Alameda County,November,6033,111,14,47,112,79,53,5961,174,3,1,2,4,2,0,174,172,244,6,6,53,81,116,250,49,15,114,178
2018,Alpine County,November,12,0,0,0,0,0,0,12,61,1,1,0,0,0,0,63,0,0,2,0,0,0,0,0,0,1,1,2
2018,Amador County,November,258,6,0,8,12,8,0,252,1055,23,4,20,33,13,0,1056,14,20,47,46,0,21,45,66,28,4,29,61
2018,Butte County,November,902,29,19,3,22,45,9,877,275,10,8,1,14,18,2,241,51,76,19,34,11,63,36,110,4,27,39,70
2018,Calaveras County,November,174,8,7,3,6,6,1,179,114,2,1,0,3,6,3,105,18,13,3,12,4,12,9,25,3,8,10,21
2018,Colusa County,November,87,0,1,0,1,2,1,84,37,0,0,0,6,1,0,30,1,4,0,7,1,3,7,11,0,1,0,1
2018,Contra Costa County,November,3670,108,6,10,43,5,28,3718,0,0,0,0,0,0,0,0,124,76,0,0,28,5,43,76,10,6,108,124
2018,Del Norte County,November,182,9,2,1,3,3,1,187,51,4,0,0,0,0,0,55,12,7,4,0,1,3,3,7,1,2,13,16
2018,El Dorado County,November,850,14,21,0,25,26,0,834,105,2,6,0,6,4,0,103,35,51,8,10,0,30,31,61,0,27,16,43
2018,Fresno County,November,4723,162,106,0,126,156,0,4709,4253,94,102,4,59,112,4,4278,268,282,200,175,4,268,185,457,4,208,256,468
2018,Glenn County,November,155,10,4,0,1,8,4,156,113,7,3,0,0,5,2,116,14,13,10,7,6,13,1,20,0,7,17,24
2018,Humboldt County,November,1147,25,0,0,10,12,1,1149,27,0,0,1,0,0,0,28,25,23,1,0,1,12,10,23,1,0,25,26
2018,Imperial County,November,3439,29,10,0,17,27,0,3434,73,0,0,0,0,0,0,73,39,44,0,0,0,27,17,44,0,10,29,39
2018,Inyo County,November,156,3,2,1,2,8,0,152,84,3,1,0,9,9,0,70,6,10,4,18,0,17,11,28,1,3,6,10
2018,Kern County,November,7351,189,23,15,149,21,12,7396,0,0,0,0,0,0,0,0,227,182,0,0,12,21,149,182,15,23,189,227
2018,Kings County,November,1483,49,5,114,26,19,18,1588,2068,59,9,0,30,15,4,2087,168,63,68,49,22,34,56,112,114,14,108,236
2018,Lake County,November,580,19,6,0,7,0,0,598,95,2,1,0,1,0,0,97,25,7,3,1,0,0,8,8,0,7,21,28
2018,Lassen County,November,83,4,0,2,1,0,0,88,41,1,0,0,3,0,0,39,6,1,1,3,0,0,4,4,2,0,5,7
2018,Los Angeles County,November,37049,480,210,0,424,531,34,36750,406,6,0,0,1,0,0,411,690,989,6,1,34,531,425,990,0,210,486,696
2018,Madera County,November,2835,20,16,0,13,2,6,2850,567,21,11,0,5,17,1,576,36,21,32,23,7,19,18,44,0,27,41,68
2018,Marin County,November,1391,28,7,0,10,14,0,1402,766,25,6,0,10,15,0,772,35,24,31,25,0,29,20,49,0,13,53,66
2018,Mariposa County,November,106,3,1,0,2,1,0,107,138,2,2,0,5,1,0,136,4,3,4,6,0,2,7,9,0,3,5,8
2018,Mendocino County,November,961,16,18,0,6,7,3,979,212,8,6,0,0,0,0,226,34,16,14,0,3,7,6,16,0,24,24,48
2018,Merced County,November,1519,62,51,3,28,89,11,1507,43,2,1,0,1,1,1,43,116,128,3,3,12,90,29,131,3,52,64,119
2018,Modoc County,November,91,2,0,0,2,1,1,89,37,3,0,0,3,0,0,37,2,4,3,3,1,1,5,7,0,0,5,5
2018,Mono County,November,81,0,0,0,1,0,0,80,72,2,0,0,0,0,1,73,0,1,2,1,1,0,1,2,0,0,2,2
2018,Monterey County,November,1365,10,7,0,15,29,2,1336,250,7,1,3,6,4,0,251,17,46,11,10,2,33,21,56,3,8,17,28
2018,Napa County,November,664,22,22,25,13,45,4,671,1118,49,21,30,30,60,5,1123,69,62,100,95,9,105,43,157,55,43,71,169
2018,Nevada County,November,608,16,19,2,16,8,7,614,159,1,4,2,8,2,2,154,37,31,7,12,9,10,24,43,4,23,17,44
2018,Orange County,November,8877,364,166,84,641,166,87,8597,4524,71,5,0,145,7,0,4448,614,894,76,152,87,173,786,1046,84,171,435,690
2018,Placer County,November,1777,44,0,0,10,2,38,1771,1509,43,3,0,16,0,20,1519,44,50,46,36,58,2,26,86,0,3,87,90
2018,Plumas County,November,75,1,2,0,3,4,0,71,106,13,2,0,1,1,5,114,3,7,15,7,5,5,4,14,0,4,14,18
2018,Riverside County,November,8305,303,113,1,224,224,0,8274,671,43,16,0,46,43,0,641,417,448,59,89,0,267,270,537,1,129,346,476
2018,Sacramento County,November,14654,272,0,0,293,0,0,14633,3925,77,0,0,62,0,1,3939,272,293,77,63,1,0,355,356,0,0,349,349
2018,San Benito County,November,187,2,3,1,5,4,0,184,134,9,0,1,1,1,2,140,6,9,10,4,2,5,6,13,2,3,11,16
2018,San Bernardino County,November,12099,651,69,53,423,229,3,12217,107,6,0,2,17,1,0,97,773,655,8,18,3,230,440,673,55,69,657,781
2018,San Diego County,November,8855,306,66,0,139,180,2,8906,779,36,4,0,30,12,1,776,372,321,40,43,3,192,169,364,0,70,342,412
2018,San Francisco County,November,2023,75,75,2,58,102,3,2012,802,36,15,1,16,20,1,817,152,163,52,37,4,122,74,200,3,90,111,204
2018,San Joaquin County,November,2201,49,23,25,56,11,7,2224,1748,89,54,0,41,34,3,1813,97,74,143,78,10,45,97,152,25,77,138,240
2018,San Luis Obispo County,November,1029,29,38,7,45,34,6,1018,665,41,21,0,58,54,1,614,74,85,62,113,7,88,103,198,7,59,70,136
2018,San Mateo County,November,2754,52,12,0,37,14,9,2758,2325,125,6,0,26,1,11,2418,64,60,131,38,20,15,63,98,0,18,177,195
2018,Santa Barbara County,November,2138,75,23,0,31,45,10,2150,1179,57,22,0,40,62,2,1154,98,86,79,104,12,107,71,190,0,45,132,177
2018,Santa Clara County,November,5390,413,157,359,204,195,556,5364,1727,178,72,159,87,133,226,1690,929,955,409,446,782,328,291,1401,518,229,591,1338
2018,Santa Cruz County,November,1053,38,15,0,25,23,2,1056,409,14,1,26,16,27,0,407,53,50,41,43,2,50,41,93,26,16,52,94
2018,Shasta County,November,1474,51,10,0,28,10,0,1497,1,0,0,0,0,0,0,1,61,38,0,0,0,10,28,38,0,10,51,61
2018,Sierra County,November,25,1,0,0,0,0,0,26,10,1,0,0,1,0,0,10,1,0,1,1,0,0,1,1,0,0,2,2
2018,Siskiyou County,November,377,11,11,0,5,3,0,391,4,0,0,0,0,0,0,4,22,8,0,0,0,3,5,8,0,11,11,22
2018,Solano County,November,1637,35,0,0,18,6,5,1643,1018,11,0,0,22,1,2,1004,35,29,11,25,7,7,40,54,0,0,46,46
2018,Sonoma County,November,1572,56,44,1,47,60,3,1563,25,18,22,0,20,18,17,10,101,110,40,55,20,78,67,165,1,66,74,141
2018,Stanislaus County,November,3334,131,57,23,103,89,5,3348,950,11,32,13,46,26,1,933,211,197,56,73,6,115,149,270,36,89,142,267
2018,Sutter County,November,676,15,7,0,0,8,17,673,5,0,1,0,0,2,2,2,22,25,1,4,19,10,0,29,0,8,15,23
2018,Tehama County,November,906,23,7,0,0,0,10,926,57,3,0,0,0,0,0,60,30,10,3,0,10,0,0,10,0,7,26,33
2018,Trinity County,November,65,4,1,0,3,3,0,64,11,1,0,0,0,0,0,12,5,6,1,0,0,3,3,6,0,1,5,6
2018,Tulare County,November,2991,72,26,0,69,28,1,2991,295,12,19,0,24,30,1,271,98,98,31,55,2,58,93,153,0,45,84,129
2018,Tuolumne County,November,532,15,7,7,4,7,6,544,110,2,0,2,3,2,0,109,29,17,4,5,6,9,7,22,9,7,17,33
2018,Ventura County,November,2135,69,18,0,55,0,0,2167,7057,238,3,0,73,125,0,7100,87,55,241,198,0,125,128,253,0,21,307,328
2018,Yolo County,November,1864,24,43,0,50,16,0,1865,450,4,0,0,22,0,0,432,67,66,4,22,0,16,72,88,0,43,28,71
2018,Yuba County,November,509,5,0,3,5,7,12,493,48,3,1,2,1,0,1,52,8,24,6,2,13,7,6,26,5,1,8,14
2018,Alameda County,December,5961,112,22,26,115,103,80,5823,174,1,1,2,9,1,4,164,160,298,4,14,84,104,124,312,28,23,113,164
2018,Alpine County,December,12,0,0,0,0,1,0,11,63,4,1,0,1,2,0,65,0,1,5,3,0,3,1,4,0,1,4,5
2018,Amador County,December,252,8,3,0,7,2,3,251,1056,30,4,15,27,6,0,1072,11,12,49,33,3,8,34,45,15,7,38,60
2018,Butte County,December,896,27,38,4,19,47,8,891,278,12,8,0,24,24,1,249,69,74,20,49,9,71,43,123,4,46,39,89
2018,Calaveras County,December,179,8,4,2,3,8,2,180,105,3,1,0,1,1,1,106,14,13,4,3,3,9,4,16,2,5,11,18
2018,Colusa County,December,84,4,1,1,1,3,3,83,30,0,1,0,0,2,0,29,6,7,1,2,3,5,1,9,1,2,4,7
2018,Contra Costa County,December,3718,93,7,13,62,1,23,3745,0,0,0,0,0,0,0,0,113,86,0,0,23,1,62,86,13,7,93,113
2018,Del Norte County,December,187,10,3,1,8,8,2,183,55,7,1,0,0,1,1,61,14,18,8,2,3,9,8,20,1,4,17,22
2018,El Dorado County,December,867,10,17,0,10,26,0,858,101,4,3,0,4,5,0,99,27,36,7,9,0,31,14,45,0,20,14,34
2018,Fresno County,December,4709, , , , , , ,4709,4278, , , , , , ,4278, , , , , , , , , , , , 
2018,Glenn County,December,156,4,5,0,3,2,5,155,116,6,1,0,0,4,7,112,9,10,7,11,12,6,3,21,0,6,10,16
2018,Humboldt County,December,1149,24,0,1,13,9,3,1149,28,0,0,0,0,0,1,27,25,25,0,1,4,9,13,26,1,0,24,25
2018,Imperial County,December,3434,57,11,0,17,18,0,3467,73,1,0,0,0,0,0,74,68,35,1,0,0,18,17,35,0,11,58,69
2018,Inyo County,December,150,3,3,0,0,1,0,155,79,0,4,0,4,3,1,75,6,1,4,8,1,4,4,9,0,7,3,10
2018,Kern County,December,7396,129,15,10,115,19,12,7404,0,0,0,0,0,0,0,0,154,146,0,0,12,19,115,146,10,15,129,154
2018,Kings County,December,1588,19,5,18,37,7,18,1568,2087,44,1,3,24,10,7,2094,42,62,48,41,25,17,61,103,21,6,63,90
2018,Lake County,December,588,9,5,2,2,0,1,601,94,1,4,0,0,0,0,99,16,3,5,0,1,0,2,3,2,9,10,21
2018,Lassen County,December,88,3,0,0,2,0,0,89,39,1,0,0,1,0,0,39,3,2,1,1,0,0,3,3,0,0,4,4
2018,Los Angeles County,December,37024,433,235,0,426,556,28,36682,411,1,0,0,4,1,0,407,668,1010,1,5,28,557,430,1015,0,235,434,669
2018,Madera County,December,2850,30,15,0,10,22,3,2860,576,18,23,0,7,8,1,601,45,35,41,16,4,30,17,51,0,38,48,86
2018,Marin County,December,1402,18,5,0,16,10,0,1399,772,14,4,0,11,10,0,769,23,26,18,21,0,20,27,47,0,9,32,41
2018,Mariposa County,December,107,8,1,0,4,4,1,107,136,5,1,0,7,3,4,128,9,9,6,14,5,7,11,23,0,2,13,15
2018,Mendocino County,December,980,17,14,0,9,4,2,996,224,3,7,0,3,0,0,231,31,15,10,3,2,4,12,18,0,21,20,41
2018,Merced County,December,1511,58,67,2,17,86,15,1520,44,1,0,0,2,2,0,41,127,118,1,4,15,88,19,122,2,67,59,128
2018,Modoc County,December,89,0,0,0,0,1,0,88,37,2,0,0,0,0,0,39,0,1,2,0,0,1,0,1,0,0,2,2
2018,Mono County,December,80,3,0,0,0,0,1,82,73,2,0,0,0,0,1,74,3,1,2,1,2,0,0,2,0,0,5,5
2018,Monterey County,December,1336,2,9,21,9,19,0,1340,251,4,0,0,4,2,0,249,32,28,4,6,0,21,13,34,21,9,6,36
2018,Napa County,December,671,19,25,15,17,46,7,660,1123,33,37,9,44,57,6,1095,59,70,79,107,13,103,61,177,24,62,52,138
2018,Nevada County,December,614,14,8,0,12,1,8,615,154,3,2,0,4,2,2,151,22,21,5,8,10,3,16,29,0,10,17,27
2018,Orange County,December,8597,278,154,95,525,180,104,8315,4448,40,10,0,159,5,0,4334,527,809,50,164,104,185,684,973,95,164,318,577
2018,Placer County,December,1749,57,1,0,17,5,20,1765,1514,65,0,0,11,1,13,1554,58,42,65,25,33,6,28,67,0,1,122,123
2018,Plumas County,December,71,4,3,0,2,4,2,70,114,3,5,0,1,7,6,108,7,8,8,14,8,11,3,22,0,8,7,15
2018,Riverside County,December,8274,306,125,5,192,213,0,8305,641,33,16,0,23,34,6,627,436,405,49,63,6,247,215,468,5,141,339,485
2018,Sacramento County,December,14633,195,0,0,238,0,0,14590,3939,48,0,0,79,0,4,3904,195,238,48,83,4,0,317,321,0,0,243,243
2018,San Benito County,December,184, , , , , , ,184,140, , , , , , ,140, , , , , , , , , , , , 
2018,San Bernardino County,December,12141,688,52,45,379,250,0,12297,96,4,0,0,12,1,0,87,785,629,4,13,0,251,391,642,45,52,692,789
2018,San Diego County,December,8906,286,61,0,141,241,1,8870,776,20,1,0,18,18,1,760,347,383,21,37,2,259,159,420,0,62,306,368
2018,San Francisco County,December,2012,96,84,13,57,117,1,2030,817,43,17,3,22,24,0,834,193,175,63,46,1,141,79,221,16,101,139,256
2018,San Joaquin County,December,2224,69,54,13,55,11,11,2283,1813,96,42,2,33,19,3,1898,136,77,140,55,14,30,88,132,15,96,165,276
2018,San Luis Obispo County,December,1018,42,34,7,34,45,8,1014,614,26,24,0,38,42,1,583,83,87,50,81,9,87,72,168,7,58,68,133
2018,San Mateo County,December,2758,50,13,0,31,13,12,2765,2418,108,6,0,24,6,3,2499,63,56,114,33,15,19,55,89,0,19,158,177
2018,Santa Barbara County,December,2121,46,41,0,29,42,12,2125,1122,64,39,0,83,41,6,1095,87,83,103,130,18,83,112,213,0,80,110,190
2018,Santa Clara County,December,5364,382,146,403,185,220,561,5329,1690,106,105,151,66,122,198,1666,931,966,362,386,759,342,251,1352,554,251,488,1293
2018,Santa Cruz County,December,1056,16,31,0,30,13,0,1060,407,8,9,0,14,16,0,394,47,43,17,30,0,29,44,73,0,40,24,64
2018,Shasta County,December,1497,37,11,0,65,11,0,1469,1,0,0,0,0,0,0,1,48,76,0,0,0,11,65,76,0,11,37,48
2018,Sierra County,December,26,0,0,0,0,0,0,26,11,0,0,0,0,0,0,11,0,0,0,0,0,0,0,0,0,0,0,0
2018,Siskiyou County,December,391,6,9,0,11,7,2,386,4,0,0,0,0,0,0,4,15,20,0,0,2,7,11,20,0,9,6,15
2018,Solano County,December,1622,30,0,0,22,12,8,1610,1004,15,0,0,22,0,2,995,30,42,15,24,10,12,44,66,0,0,45,45
2018,Sonoma County,December,1563,40,42,0,62,72,6,1505,10,26,12,0,10,24,14,0,82,140,38,48,20,96,72,188,0,54,66,120
2018,Stanislaus County,December,3348, , , , , , ,3348,933, , , , , , ,933, , , , , , , , , , , , 
2018,Sutter County,December,673,22,9,1,0,8,17,680,2,0,0,0,0,0,0,2,32,25,0,0,17,8,0,25,1,9,22,32
2018,Tehama County,December,926,8,0,0,0,0,8,926,60,0,0,0,0,0,0,60,8,8,0,0,8,0,0,8,0,0,8,8
2018,Trinity County,December,64,1,2,0,2,0,1,64,12,0,0,0,0,0,0,12,3,3,0,0,1,0,2,3,0,2,1,3
2018,Tulare County,December,2991,78,32,2,57,49,3,2994,271,12,25,0,28,8,0,272,112,109,37,36,3,57,85,145,2,57,90,149
2018,Tuolumne County,December,544,14,1,6,6,11,9,539,109,1,1,4,1,1,0,113,21,26,6,2,9,12,7,28,10,2,15,27
2018,Ventura County,December,2146,53,31,0,52,0,0,2178,7072,210,16,0,80,0,0,7218,84,52,226,80,0,0,132,132,0,47,263,310
2018,Yolo County,December,1865,19,34,2,52,8,0,1860,432,7,0,0,4,0,0,435,55,60,7,4,0,8,56,64,2,34,26,62
2018,Yuba County,December,493,10,0,1,6,5,6,487,52,1,0,1,3,0,0,51,11,17,2,3,6,5,9,20,2,0,11,13
2019,Alameda County,January,7121,21,137,10,69,364,12,6844,159,0,1,0,7,7,0,146,168,445,1,14,12,371,76,459,10,138,21,169
2019,Alpine County,January,11,1,0,0,0,0,0,12,65,1,0,0,0,0,0,66,1,0,1,0,0,0,0,0,0,0,2,2
2019,Amador County,January,251,9,2,0,3,6,0,253,1072,15,7,11,29,10,0,1066,11,9,33,39,0,16,32,48,11,9,24,44
2019,Butte County,January,886,44,51,16,17,81,5,894,270,27,23,4,37,40,3,244,111,103,54,80,8,121,54,183,20,74,71,165
2019,Calaveras County,January,180,11,4,0,4,11,2,178,106,2,1,0,2,3,3,101,15,17,3,8,5,14,6,25,0,5,13,18
2019,Colusa County,January,83,3,0,0,0,1,2,83,29,1,0,0,0,0,0,30,3,3,1,0,2,1,0,3,0,0,4,4
2019,Contra Costa County,January,3745,93,6,11,114,3,35,3703,2,0,0,0,0,0,0,2,110,152,0,0,35,3,114,152,11,6,93,110
2019,Del Norte County,January,183,8,4,0,2,3,1,189,61,2,0,0,0,2,0,61,12,6,2,2,1,5,2,8,0,4,10,14
2019,El Dorado County,January,882,16,14,0,26,26,0,860,98,4,3,0,1,3,0,101,30,52,7,4,0,29,27,56,0,17,20,37
2019,Fresno County,January,4716,172,115,0,105,204,1,4693,4289,84,80,7,46,115,8,4291,287,310,171,169,9,319,151,479,7,195,256,458
2019,Glenn County,January,155,11,6,0,2,6,2,162,112,11,2,1,2,9,0,115,17,10,14,11,2,15,4,21,1,8,22,31
2019,Humboldt County,January,1149,30,0,0,21,9,4,1145,27,0,0,0,0,0,0,27,30,34,0,0,4,9,21,34,0,0,30,30
2019,Imperial County,January,3467,34,12,0,127,29,0,3357,74,1,0,0,0,0,0,75,46,156,1,0,0,29,127,156,0,12,35,47
2019,Inyo County,January,154,6,5,0,1,4,0,160,76,6,4,1,5,6,0,76,11,5,11,11,0,10,6,16,1,9,12,22
2019,Kern County,January,7404,201,24,16,181,26,17,7421,0,0,0,0,0,0,0,0,241,224,0,0,17,26,181,224,16,24,201,241
2019,Kings County,January,1568,54,13,22,33,14,19,1591,2094,61,6,0,34,26,2,2099,89,66,67,62,21,40,67,128,22,19,115,156
2019,Lake County,January,572,14,10,1,5,0,0,592,97,0,1,0,1,0,0,97,25,5,1,1,0,0,6,6,1,11,14,26
2019,Lassen County,January,89,7,0,3,3,0,0,96,40,1,0,0,1,0,0,40,10,3,1,1,0,0,4,4,3,0,8,11
2019,Los Angeles County,January,36819,676,270,0,476,722,24,36543,411,12,0,0,0,0,2,421,946,1222,12,2,26,722,476,1224,0,270,688,958
2019,Madera County,January,2860,16,13,0,15,7,6,2861,601,34,10,0,4,29,2,610,29,28,44,35,8,36,19,63,0,23,50,73
2019,Marin County,January,1399,14,4,0,20,12,0,1385,769,34,8,0,20,8,0,783,18,32,42,28,0,20,40,60,0,12,48,60
2019,Mariposa County,January,107,0,2,0,3,5,3,98,128,9,7,0,8,9,0,127,2,11,16,17,3,14,11,28,0,9,9,18
2019,Mendocino County,January,996,16,26,0,12,10,8,1008,231,8,6,0,5,4,0,236,42,30,14,9,8,14,17,39,0,32,24,56
2019,Merced County,January,1525,52,72,5,45,104,7,1498,43,1,0,1,1,0,0,44,129,156,2,1,7,104,46,157,6,72,53,131
2019,Modoc County,January,88,3,0,1,2,0,0,90,39,4,0,0,0,0,1,42,4,2,4,1,1,0,2,3,1,0,7,8
2019,Mono County,January,82,3,0,1,0,0,4,82,74,2,0,0,0,0,0,76,4,4,2,0,4,0,0,4,1,0,5,6
2019,Monterey County,January,1340,7,9,55,28,24,0,1359,249,5,0,0,4,3,5,242,71,52,5,12,5,27,32,64,55,9,12,76
2019,Napa County,January,660,21,26,0,14,29,7,657,1095,41,31,24,29,60,1,1101,47,50,96,90,8,89,43,140,24,57,62,143
2019,Nevada County,January,615,8,5,0,17,9,8,594,151,1,5,1,9,4,2,143,13,34,7,15,10,13,26,49,1,10,9,20
2019,Orange County,January,8315,516,167,79,450,275,137,8215,4334,82,8,0,600,13,0,3811,762,862,90,613,137,288,1050,1475,79,175,598,852
2019,Placer County,January,1735,50,1,0,13,13,22,1738,1518,53,1,0,17,10,18,1527,51,48,54,45,40,23,30,93,0,2,103,105
2019,Plumas County,January,70,3,2,0,3,1,6,65,108,11,2,0,1,3,5,112,5,10,13,9,11,4,4,19,0,4,14,18
2019,Riverside County,January,8305,303,138,0,226,244,0,8276,627,42,22,4,19,34,0,642,441,470,68,53,0,278,245,523,4,160,345,509
2019,Sacramento County,January,14590,246,0,0,298,0,0,14538,3904,83,0,5,90,0,0,3902,246,298,88,90,0,0,388,388,5,0,329,334
2019,San Benito County,January,186,7,3,0,8,1,1,186,138,6,3,0,2,0,2,143,10,10,9,4,3,1,10,14,0,6,13,19
2019,San Bernardino County,January,12099,705,62,57,458,324,6,12135,103,5,0,3,13,0,0,98,824,788,8,13,6,324,471,801,60,62,710,832
2019,San Diego County,January,8870,327,84,0,181,245,3,8852,760,36,2,0,15,11,0,772,411,429,38,26,3,256,196,455,0,86,363,449
2019,San Francisco County,January,1711,71,74,18,52,11,86,1725,819,37,11,5,26,2,22,822,163,149,53,50,108,13,78,199,23,85,108,216
2019,San Joaquin County,January,2283,56,39,22,36,51,10,2303,1898,74,58,4,45,57,3,1929,117,97,136,105,13,108,81,202,26,97,130,253
2019,San Luis Obispo County,January,1014,35,40,10,32,46,24,997,583,38,37,0,51,34,9,564,85,102,75,94,33,80,83,196,10,77,73,160
2019,San Mateo County,January,2765,64,9,0,29,4,15,2790,2499,160,4,0,38,8,6,2611,73,48,164,52,21,12,67,100,0,13,224,237
2019,Santa Barbara County,January,2117,69,55,0,45,63,10,2123,1095,93,61,0,60,61,6,1122,124,118,154,127,16,124,105,245,0,116,162,278
2019,Santa Clara County,January,5329,478,161,386,228,299,599,5228,1666,158,78,131,77,113,230,1613,1025,1126,367,420,829,412,305,1546,517,239,636,1392
2019,Santa Cruz County,January,1060,37,22,0,30,21,26,1042,394,9,3,20,18,14,0,394,59,77,32,32,26,35,48,109,20,25,46,91
2019,Shasta County,January,1469,48,23,0,47,23,0,1470,1,0,0,0,0,0,0,1,71,70,0,0,0,23,47,70,0,23,48,71
2019,Sierra County,January,26,0,0,0,0,0,0,26,11,0,0,0,0,0,0,11,0,0,0,0,0,0,0,0,0,0,0,0
2019,Siskiyou County,January,386,15,8,0,8,8,0,393,4,0,0,0,0,1,0,3,23,16,0,1,0,9,8,17,0,8,15,23
2019,Solano County,January,1592,38,0,0,25,16,5,1584,987,21,0,0,21,0,4,983,38,46,21,25,9,16,46,71,0,0,59,59
2019,Sonoma County,January,1505,66,62,0,56,59,8,1510,0,31,20,1,18,21,13,0,128,123,52,52,21,80,74,175,1,82,97,180
2019,Stanislaus County,January,3348,107,58,16,97,65,11,3356,933,20,18,5,27,17,0,932,181,173,43,44,11,82,124,217,21,76,127,224
2019,Sutter County,January,680,14,3,4,2,7,13,679,2,1,0,0,0,0,0,3,21,22,1,0,13,7,2,22,4,3,15,22
2019,Tehama County,January,926,11,2,0,1,0,13,925,60,1,0,0,0,0,1,60,13,14,1,1,14,0,1,15,0,2,12,14
2019,Trinity County,January,64,5,0,1,1,2,1,66,12,2,0,0,0,0,0,14,6,4,2,0,1,2,1,4,1,0,7,8
2019,Tulare County,January,2994,63,26,1,132,66,3,2883,272,13,14,0,31,16,1,251,90,201,27,48,4,82,163,249,1,40,76,117
2019,Tuolumne County,January,539,14,8,10,6,6,7,552,113,0,0,1,2,0,2,110,32,19,1,4,9,6,8,23,11,8,14,33
2019,Ventura County,January,2156,33,15,0,63,0,0,2141,7201,207,3,0,98,55,0,7258,48,63,210,153,0,55,161,216,0,18,240,258
2019,Yolo County,January,1860,19,40,7,55,13,0,1858,435, , ,6,11, , ,430,66,68,6,11,0,13,66,79,13,40,19,72
2019,Yuba County,January,487,8, ,2,5,3,3,486,51,2, ,1,1,2, ,51,10,11,3,3,3,5,6,14,3, ,10,13
2019,Alameda County,February,6995,71,107,2,45,241,22,6867,146,0,0,0,0,0,0,146,180,308,0,0,22,241,45,308,2,107,71,180
2019,Alpine County,February,12,0,1,1,0,0,0,14,66,0,0,0,0,0,0,66,2,0,0,0,0,0,0,0,1,1,0,2
2019,Amador County,February,253,7,1,8,9,2,0,258,1066,13,4,15,34,11,0,1053,16,11,32,45,0,13,43,56,23,5,20,48
2019,Butte County,February,892,35,44,14,18,39,10,918,273,28,10,2,26,14,3,270,93,67,40,43,13,53,44,110,16,54,63,133
2019,Calaveras County,February,178,7,9,1,3,9,3,180,101,6,2,0,2,4,0,103,17,15,8,6,3,13,5,21,1,11,13,25
2019,Colusa County,February,83,2,0,4,0,1,2,86,30,0,0,0,0,0,2,28,6,3,0,2,4,1,0,5,4,0,2,6
2019,Contra Costa County,February,3703,112,12,10,76,2,19,3740,2,0,0,0,0,0,0,2,134,97,0,0,19,2,76,97,10,12,112,134
2019,Del Norte County,February,189,9,2,0,8,3,2,187,61,3,0,0,4,3, ,57,11,13,3,7,2,6,12,20,0,2,12,14
2019,El Dorado County,February,881,15,6,0,23,15,0,864,97,2,1,0,8,2,0,90,21,38,3,10,0,17,31,48,0,7,17,24
2019,Fresno County,February,4693,151,139,0,63,220,0,4700,4291,74,146,4,69,140,4,4302,290,283,224,213,4,360,132,496,4,285,225,514
2019,Glenn County,February,162,2,2,2,6,7,1,154,115,5,3,1,2,4,1,117,6,14,9,7,2,11,8,21,3,5,7,15
2019,Humboldt County,February,1145,19,0,0,8,4,3,1149,27,0,0,0,0,0,0,27,19,15,0,0,3,4,8,15,0,0,19,19
2019,Imperial County,February,3357,19,7,0,24,11,0,3348,75,2,0,0,0,0,0,77,26,35,2,0,0,11,24,35,0,7,21,28
2019,Inyo County,February,160,1,3,0,5,6,1,152,75,4,2,0,7,6,0,68,4,12,6,13,1,12,12,25,0,5,5,10
2019,Kern County,February,7421,145,17,11,103,15,9,7467,0,0,0,0,0,0,0,0,173,127,0,0,9,15,103,127,11,17,145,173
2019,Kings County,February,1591,24,6,21,18,7,18,1599,2099,29,7,4,33,25,4,2077,51,43,40,62,22,32,51,105,25,13,53,91
2019,Lake County,February,573,22,7,1,3,0,2,598,94,0,0,0,0,0,0,94,30,5,0,0,2,0,3,5,1,7,22,30
2019,Lassen County,February,96,6,1,2,3,0,0,102,36,0,0,0,3,0,0,33,9,3,0,3,0,0,6,6,2,1,6,9
2019,Los Angeles County,February,36747,549,229,0,445,594,21,36465,422,7,0,0,1,1,2,425,778,1060,7,4,23,595,446,1064,0,229,556,785
2019,Madera County,February,2861,20,25,0,15,21,1,2869,610,28,19,0,6,27,1,623,45,37,47,34,2,48,21,71,0,44,48,92
2019,Marin County,February,1385,45,11,0,17,3,0,1421,783,25,6,0,13,13,0,788,56,20,31,26,0,16,30,46,0,17,70,87
2019,Mariposa County,February,98,5,1,0,2,1,2,99,127,6,1,0,6,3,1,124,6,5,7,10,3,4,8,15,0,2,11,13
2019,Mendocino County,February,635,18,16,0,8,21,2,638,160,7,5,0,2,9,0,161,34,31,12,11,2,30,10,42,0,21,25,46
2019,Merced County,February,1505,39,78,1,24,103,11,1485,44,0,0,4,3,2,1,42,118,138,4,6,12,105,27,144,5,78,39,122
2019,Modoc County,February,90,1,0,1,2,0,0,90,42,2,0,0,2,0,0,42,2,2,2,2,0,0,4,4,1,0,3,4
2019,Mono County,February,82,2,0,0,0,0,0,84,76,0,0,0,3,0,0,73,2,0,0,3,0,0,3,3,0,0,2,2
2019,Monterey County,February,1359,11,10,0,20,14,4,1342,242,6,1,0,4,1,2,242,21,38,7,7,6,15,24,45,0,11,17,28
2019,Napa County,February,657,20,18,22,13,42,2,660,1101,44,26,39,43,62,5,1100,60,57,109,110,7,104,56,167,61,44,64,169
2019,Nevada County,February,594,11,6,0,18,9,8,576,143,2,1,0,8,4,3,131,17,35,3,15,11,13,26,50,0,7,13,20
2019,Orange County,February,8215,493,187,104,341,174,73,8411,3811,62,3,0,92,11,0,3773,784,588,65,103,73,185,433,691,104,190,555,849
2019,Placer County,February,1720,36,3,0,14,2,15,1728,1507,37,3,0,12,4,18,1513,39,31,40,34,33,6,26,65,0,6,73,79
2019,Plumas County,February,65,3,2,0,0,3,1,66,112,5,6,0,0,5,3,115,5,4,11,8,4,8,0,12,0,8,8,16
2019,Riverside County,February,8276,263,125,18,196,222,0,8264,642,32,9,0,42,19,6,616,406,418,41,67,6,241,238,485,18,134,295,447
2019,Sacramento County,February,14538,236,0,0,234,0,0,14540,3902,66,0,0,75,0,5,3888,236,234,66,80,5,0,309,314,0,0,302,302
2019,San Benito County,February,186,5,1,2,0,2,1,191,143,6,0,1,1,4,3,142,8,3,7,8,4,6,1,11,3,1,11,15
2019,San Bernardino County,February,12099,587,69,53,390,293,2,12123,102,2,0,4,16,2,0,90,709,685,6,18,2,295,406,703,57,69,589,715
2019,San Diego County,February,8852,62,41,0,96,76,0,8783,772,11,1,0,8,4, ,772,103,172,12,12,0,80,104,184,0,42,73,115
2019,San Francisco County,February,1725,76,81,12,54,6,134,1700,822,32,19,3,28,2,23,823,169,194,54,53,157,8,82,247,15,100,108,223
2019,San Joaquin County,February,2303,39,28,20,58,57,9,2266,1929,67,42,4,51,69,6,1916,87,124,113,126,15,126,109,250,24,70,106,200
2019,San Luis Obispo County,February,997,26,40,9,39,31,7,995,564,32,23,0,37,35,0,547,75,77,55,72,7,66,76,149,9,63,58,130
2019,San Mateo County,February,2790,86,10,0,35,13,11,2827,2611,100,9,0,37,10,7,2666,96,59,109,54,18,23,72,113,0,19,186,205
2019,Santa Barbara County,February,2097,62,49,0,28,62,10,2108,1111,64,56,0,58,74,1,1098,111,100,120,133,11,136,86,233,0,105,126,231
2019,Santa Clara County,February,5228,401,129,401,170,220,567,5202,1613,109,77,137,70,130,165,1571,931,957,323,365,732,350,240,1322,538,206,510,1254
2019,Santa Cruz County,February,1042,22,18,21,38,24, ,1041,394,12,0,13,22,10, ,387,61,62,25,32, ,34,60,94,34,18,34,86
2019,Shasta County,February,1470,47,12,0,55,12,0,1462,1,0,0,0,0,0,0,1,59,67,0,0,0,12,55,67,0,12,47,59
2019,Sierra County,February,26,0,0,0,0,0,0,26,11,0,0,0,0,0,0,11,0,0,0,0,0,0,0,0,0,0,0,0
2019,Siskiyou County,February,401,11,8,0,7,15,0,398,3,0,0,0,0,0,0,3,19,22,0,0,0,15,7,22,0,8,11,19
2019,Solano County,February,1588,30,0,0,24,3,2,1589,983,15,0,0,13,1,2,982,30,29,15,16,4,4,37,45,0,0,45,45
2019,Sonoma County,February,1510,47,30,0,38,47,3,1499,0,26,16,4,13,18,15,0,77,88,46,46,18,65,51,134,4,46,73,123
2019,Stanislaus County,February,3337,109,68,9,112,93,7,3311,930,15,26,23,41,19,3,931,186,212,64,63,10,112,153,275,32,94,124,250
2019,Sutter County,February,679,21,6,2,0,20,14,674,3,0,1,0,1,2,0,1,29,34,1,3,14,22,1,37,2,7,21,30
2019,Tehama County,February,925,12,2,0,1,0,8,930,60,0,0,0,0,1,0,59,14,9,0,1,8,1,1,10,0,2,12,14
2019,Trinity County,February,66,2,0,0,2,2,2,62,14,0,0,0,0,0,0,14,2,6,0,0,2,2,2,6,0,0,2,2
2019,Tulare County,February,2883,50,33,3,148,46,0,2775,251,14,8,0,15,12,0,246,86,194,22,27,0,58,163,221,3,41,64,108
2019,Tuolumne County,February,552,13,7,3,5,7,9,554,110,2,1,7,1,5,3,111,23,21,10,9,12,12,6,30,10,8,15,33
2019,Ventura County,February,2111,55,10,0,68,0,0,2108,7192,218,7,0,93,68,0,7256,65,68,225,161,0,68,161,229,0,17,273,290
2019,Yolo County,February,1858,22,33,10,50,25,0,1848,430,3,0,0,14,0,0,419,65,75,3,14,0,25,64,89,10,33,25,68
2019,Yuba County,February,486,13, ,3,7,3, ,492,51,3, , ,2, , ,52,16,10,3,2, ,3,9,12,3, ,16,19
2019,Alameda County,March,8516,148,183,1,9,185,9,8645,1105,0,7,0,2,2,0,1108,332,203,7,4,9,187,11,207,1,190,148,339
2019,Alpine County,March,14,1,1,0,0,0,0,16,66,0,0,0,3,0,0,63,2,0,0,3,0,0,3,3,0,1,1,2
2019,Amador County,March,258,10,2,1,7,7,0,257,1053,21,2,1,30,8,0,1039,13,14,24,38,0,15,37,52,2,4,31,37
2019,Butte County,March,911,37,51,2,19,49,6,927,281,23,10,0,17,18,4,275,90,74,33,39,10,67,36,113,2,61,60,123
2019,Calaveras County,March,180,5,5,0,2,10,1,177,103,2,1,1,6,6,1,94,10,13,4,13,2,16,8,26,1,6,7,14
2019,Colusa County,March,86,1,2,2,1,2,0,88,28,0,1,0,2,0,1,26,5,3,1,3,1,2,3,6,2,3,1,6
2019,Contra Costa County,March,3740,110,7,12,122,11,27,3709,2,0,0,0,0,0,0,2,129,160,0,0,27,11,122,160,12,7,110,129
2019,Del Norte County,March,187,10,3,2,3,16,0,183,57,2,1,0,0,3,0,57,15,19,3,3,0,19,3,22,2,4,12,18
2019,El Dorado County,March,879,16,19,0,33,29,0,852,94,4,1,0,2,3,0,94,35,62,5,5,0,32,35,67,0,20,20,40
2019,Fresno County,March,4700,169,133,0,168,227,0,4607,4302,109,112,5,251,138,5,4134,302,395,226,394,5,365,419,789,5,245,278,528
2019,Glenn County,March,154,4,4,0,7,1,3,151,117,9,4,1,1,1,1,128,8,11,14,3,4,2,8,14,1,8,13,22
2019,Humboldt County,March,1149,23,0,5,11,7,6,1153,27,0,0,0,2,0,1,24,28,24,0,3,7,7,13,27,5,0,23,28
2019,Imperial County,March,1073,34,22,0,22,9,8,1090,101,1,1,0,6,0,0,97,56,39,2,6,8,9,28,45,0,23,35,58
2019,Inyo County,March,155,1,3,0,4,3,0,152,73,4,9,0,8,7,0,71,4,7,13,15,0,10,12,22,0,12,5,17
2019,Kern County,March,7467,205,24,16,210,31,18,7453,0,0,0,0,0,0,0,0,245,259,0,0,18,31,210,259,16,24,205,245
2019,Kings County,March,1599,45,5,7,28,15,31,1582,2077,53,7,2,34,33,3,2069,57,74,62,70,34,48,62,144,9,12,98,119
2019,Lake County,March,581,21,5,1,8,0,2,598,90,1,0,1,1,0,0,91,27,10,2,1,2,0,9,11,2,5,22,29
2019,Lassen County,March,99,1,0,0,4,1,0,95,34,1,0,0,1,0,0,34,1,5,1,1,0,1,5,6,0,0,2,2
2019,Los Angeles County,March,36690,565,220,0,490,707,23,36255,434,5,0,0,0,2,0,437,785,1220,5,2,23,709,490,1222,0,220,570,790
2019,Madera County,March,2869,21,10,0,13,12,4,2871,623,34,13,0,10,21,0,639,31,29,47,31,4,33,23,60,0,23,55,78
2019,Marin County,March,1421,23,6,0,6,22,0,1422,788,28,7,0,10,20,0,793,29,28,35,30,0,42,16,58,0,13,51,64
2019,Mariposa County,March,99,0,0,0,2,1,1,95,124,8,1,0,4,1,1,127,0,4,9,6,2,2,6,10,0,1,8,9
2019,Mendocino County,March,640,21,0,0,14,0,1,646,156,4,0,0,6,0,1,153,21,15,4,7,2,0,20,22,0,0,25,25
2019,Merced County,March,1483,65,73,5,22,107,6,1491,44,4,1,2,2,1,1,47,143,135,7,4,7,108,24,139,7,74,69,150
2019,Modoc County,March,90,4,0,2,2,1,0,93,42,5,0,0,3,0,0,44,6,3,5,3,0,1,5,6,2,0,9,11
2019,Mono County,March,84,1,1,0,0,0,3,83,73,1,0,1,1,0,2,72,2,3,2,3,5,0,1,6,1,1,2,4
2019,Monterey County,March,1342,11,16,8,25,26,0,1326,242,2,0,3,0,0,0,247,35,51,5,0,0,26,25,51,11,16,13,40
2019,Napa County,March,660,15,24,13,20,32,12,648,1100,49,29,29,53,59,8,1087,52,64,107,120,20,91,73,184,42,53,64,159
2019,Nevada County,March,576,13,11,0,18,9,9,564,131,6,1,1,8,0,1,130,24,36,8,9,10,9,26,45,1,12,19,32
2019,Orange County,March,8411,539,156,118,438,194,61,8531,3773,29,10,0,237,3,0,3572,813,693,39,240,61,197,675,933,118,166,568,852
2019,Placer County,March,1744,83,4,0,10,1,25,1795,1510,61,4,0,18,7,10,1540,87,36,65,35,35,8,28,71,0,8,144,152
2019,Plumas County,March,66,5,4,0,5,6,0,64,115,8,8,0,2,7,1,121,9,11,16,10,1,13,7,21,0,12,13,25
2019,Riverside County,March,8264,279,144,8,252,265,0,8178,616,44,14,0,33,39,5,597,431,517,58,77,5,304,285,594,8,158,323,489
2019,Sacramento County,March,14540,260,0,0,290,0,0,14510,3888,67,0,0,74,0,0,3881,260,290,67,74,0,0,364,364,0,0,327,327
2019,San Benito County,March,191,2,0,1,5,4,2,183,142,13,1,1,4,3,3,147,3,11,15,10,5,7,9,21,2,1,15,18
2019,San Bernardino County,March,11963,580,85,53,403,302,1,11975,112,2,0,2,20,0,0,96,718,706,4,20,1,302,423,726,55,85,582,722
2019,San Diego County,March,8928,342,84,0,202,255,10,8887,739,34,5,0,24,20,4,730,426,467,39,48,14,275,226,515,0,89,376,465
2019,San Francisco County,March,1700,82,76,8,37,2,127,1700,823,43,19,3,27,0,25,836,166,166,65,52,152,2,64,218,11,95,125,231
2019,San Joaquin County,March,2266,49,33,16,70,45,8,2241,1916,91,55,2,62,65,4,1933,98,123,148,131,12,110,132,254,18,88,140,246
2019,San Luis Obispo County,March,995,42,38,14,40,37,7,1005,547,38,20,0,35,34,4,532,94,84,58,73,11,71,75,157,14,58,80,152
2019,San Mateo County,March,2827,80,18,0,22,7,3,2893,2666,104,3,0,41,6,0,2726,98,32,107,47,3,13,63,79,0,21,184,205
2019,Santa Barbara County,March,2095,70,44,0,40,57,10,2102,1062,85,52,0,67,53,3,1076,114,107,137,123,13,110,107,230,0,96,155,251
2019,Santa Clara County,March,5202,445,166,504,212,285,622,5198,1571,137,88,182,91,120,226,1541,1115,1119,407,437,848,405,303,1556,686,254,582,1522
2019,Santa Cruz County,March,1041,18,28,2,37,22,0,1030,387,11,4,12,18,16,0,380,48,59,27,34,0,38,55,93,14,32,29,75
2019,Shasta County,March,1462,55,17,8,48,17,0,1477,1,0,0,0,0,0,0,1,80,65,0,0,0,17,48,65,8,17,55,80
2019,Sierra County,March,26,0,0,0,0,0,0,26,11,0,0,0,0,1,0,10,0,0,0,1,0,1,0,1,0,0,0,0
2019,Siskiyou County,March,401,16,8,0,17,21,2,385,3,0,2,0,0,0,0,5,24,40,2,0,2,21,17,40,0,10,16,26
2019,Solano County,March,1573,43,0,0,23,4,6,1583,983,21,0,0,25,1,5,973,43,33,21,31,11,5,48,64,0,0,64,64
2019,Sonoma County,March,1499,63,53,0,46,62,7,1500,0,19,21,17,17,20,20,0,116,115,57,57,27,82,63,172,17,74,82,173
2019,Stanislaus County,March,3311,112,68,17,82,100,10,3316,931,8,32,0,30,39,10,892,197,192,40,79,20,139,112,271,17,100,120,237
2019,Sutter County,March,674,28,5,3,2,11,16,681,1,0,0,0,0,0,0,1,36,29,0,0,16,11,2,29,3,5,28,36
2019,Tehama County,March,930,13,1,0,7,0,9,928,59,1,0,0,0,0,1,59,14,16,1,1,10,0,7,17,0,1,14,15
2019,Trinity County,March,62,3,0,0,0,1,1,63,14,0,0,0,1,1,0,12,3,2,0,2,1,2,1,4,0,0,3,3
2019,Tulare County,March,2775,73,47,1,92,51,0,2753,246,20,45,0,15,35,0,261,121,143,65,50,0,86,107,193,1,92,93,186
2019,Tuolumne County,March,552,13,7,3,5,7,9,554,111,2,1,7,1,5,3,112,23,21,10,9,12,12,6,30,10,8,15,33
2019,Ventura County,March,2091,45,35,0,83,0,0,2088,7231,211,6,0,123,7,0,7318,80,83,217,130,0,7,206,213,0,41,256,297
2019,Yolo County,March,1848,38,55,7,74,23,95,1756,419,1,0,0,18,0,0,402,100,192,1,18,95,23,92,210,7,55,39,101
2019,Yuba County,March,492,10, ,6,5,5,7,491,52,4,0,3, ,1, ,58,16,17,7,1,7,6,5,18,9,0,14,23
2019,Alameda County,April,7174,133,220,21,30,241,9,7268,183,0,1,1,3,0,1,181,374,280,2,4,10,241,33,284,22,221,133,376
2019,Alpine County,April,14,0,1,0,1,0,0,14,63,0,1,0,3,3,0,58,1,1,1,6,0,3,4,7,0,2,0,2
2019,Amador County,April,257,7,5,0,6,2,6,255,1039,8,7,18,13,15,0,1044,12,14,33,28,6,17,19,42,18,12,15,45
2019,Butte County,April,927,32,29,4,18,44,10,920,285,28,12,0,36,30,2,257,65,72,40,68,12,74,54,140,4,41,60,105
2019,Calaveras County,April,177,7,7,2,5,5,1,182,94,0,4,0,2,3,1,92,16,11,4,6,2,8,7,17,2,11,7,20
2019,Colusa County,April,88,7,2,0,4,2,0,91,26,0,0,1,0,0,0,27,9,6,1,0,0,2,4,6,1,2,7,10
2019,Contra Costa County,April,3709,97,4,13,98,3,44,3678,2,0,0,0,0,0,0,2,114,145,0,0,44,3,98,145,13,4,97,114
2019,Del Norte County,April,183,5,8,0,6,9,2,179,57,4,0,0,0,1,3,57,13,17,4,4,5,10,6,21,0,8,9,17
2019,El Dorado County,April,861,23,12,0,21,22,0,853,92,4,3,0,5,1,0,93,35,43,7,6,0,23,26,49,0,15,27,42
2019,Fresno County,April,4607,188,151,0,105,232,2,4607,4134,85,104,3,69,178,3,4076,339,339,192,250,5,410,174,589,3,255,273,531
2019,Glenn County,April,151,10,6,1,7,12,3,146,128,15,1,0,4,7,1,132,17,22,16,12,4,19,11,34,1,7,25,33
2019,Humboldt County,April,1153,24,0,8,13,9,3,1160,24,0,0,0,0,0,0,24,32,25,0,0,3,9,13,25,8,0,24,32
2019,Imperial County,April,1090,15,31,0,4,14,8,1110,97,0,2,0,1,0,0,98,46,26,2,1,8,14,5,27,0,33,15,48
2019,Inyo County,April,150,2,7,0,2,4,4,149,73,3,7,0,10,7,0,66,9,10,10,17,4,11,12,27,0,14,5,19
2019,Kern County,April,7453,186,22,14,173,25,15,7462,0,0,0,0,0,0,0,0,222,213,0,0,15,25,173,213,14,22,186,222
2019,Kings County,April,1585,45,7,22,19,8,25,1607,2072,43,19,3,27,46,4,2060,74,52,65,77,29,54,46,129,25,26,88,139
2019,Lake County,April,577,15,6,1,13,0,0,586,91,1,0,0,2,0,0,90,22,13,1,2,0,0,15,15,1,6,16,23
2019,Lassen County,April,93,1,0,0,2,1,4,87,31,2,1,0,5,1,0,28,1,7,3,6,4,2,7,13,0,1,3,4
2019,Los Angeles County,April,36498,567,291,0,567,710,21,36058,451,3,0,0,1,2,1,450,858,1298,3,4,22,712,568,1302,0,291,570,861
2019,Madera County,April,2871,39,25,0,16,10,3,2906,639,64,18,0,6,16,3,696,64,29,82,25,6,26,22,54,0,43,103,146
2019,Marin County,April,1422,27,7,0,11,18,0,1427,793,20,5,0,11,27,0,780,34,29,25,38,0,45,22,67,0,12,47,59
2019,Mariposa County,April,95,3,1,0,3,2,2,92,127,11,4,0,10,8,0,124,4,7,15,18,2,10,13,25,0,5,14,19
2019,Mendocino County,April,648,13,0,0,16,0,0,645,154,3,0,0,7,0,0,150,13,16,3,7,0,0,23,23,0,0,16,16
2019,Merced County,April,1482,63,65,5,17,74,11,1513,50,0,1,0,3,0,0,48,133,102,1,3,11,74,20,105,5,66,63,134
2019,Modoc County,April,93,5,0,0,0,0,1,97,44,0,0,0,0,0,0,44,5,1,0,0,1,0,0,1,0,0,5,5
2019,Mono County,April,79,2,2,1,5,0,2,77,57,4,1,0,11,0,0,51,5,7,5,11,2,0,16,18,1,3,6,10
2019,Monterey County,April,1326,21,21,0,26,12,11,1319,247,8,0,8,0,0,0,263,42,49,16,0,11,12,26,49,8,21,29,58
2019,Napa County,April,648,24,23,11,18,36,6,646,1087,52,36,20,35,66,9,1085,58,60,108,110,15,102,53,170,31,59,76,166
2019,Nevada County,April,564,9,8,0,15,7,2,557,130,5,3,2,8,0,0,132,17,24,10,8,2,7,23,32,2,11,14,27
2019,Orange County,April,8531,387,190,109,428,214,89,8486,3572,29,6,0,258,9,0,3340,686,731,35,267,89,223,686,998,109,196,416,721
2019,Placer County,April,1750,64,2,0,19,0,19,1778,1505,51,5,0,17,1,11,1532,66,38,56,29,30,1,36,67,0,7,115,122
2019,Plumas County,April,64,1,4,0,4,5, ,60,121,7,6,0,6,11,11,106,5,9,13,28,11,16,10,37,0,10,8,18
2019,Riverside County,April,8178,271,167,15,242,277,0,8112,597,58,26,0,38,39,3,601,453,519,84,80,3,316,280,599,15,193,329,537
2019,Sacramento County,April,14510,262,0,0,259,0,0,14513,3881,90,0,4,90,0,0,3885,262,259,94,90,0,0,349,349,4,0,352,356
2019,San Benito County,April,183,5,2,0,10,0,3,177,147,5,0,1,1,7,1,144,7,13,6,9,4,7,11,22,1,2,10,13
2019,San Bernardino County,April,11876,678,86,41,413,282,6,11980,105,4,0,2,17,0,0,94,805,701,6,17,6,282,430,718,43,86,682,811
2019,San Diego County,April,8887,394,75,0,193,220,3,8940,730,33,4,0,27,12,0,728,469,416,37,39,3,232,220,455,0,79,427,506
2019,San Francisco County,April,1700,67,76,22,54,8,115,1688,836,24,19,2,23,0,30,828,165,177,45,53,145,8,77,230,24,95,91,210
2019,San Joaquin County,April,2241,52,45,18,81,50,12,2213,1933,70,57,9,48,82,6,1933,115,143,136,136,18,132,129,279,27,102,122,251
2019,San Luis Obispo County,April,1005,35,37,6,49,50,13,971,532,31,32,0,61,56,4,474,78,112,63,121,17,106,110,233,6,69,66,141
2019,San Mateo County,April,2893,67,16,0,38,9,6,2923,2726,72,3,0,36,20,4,2741,83,53,75,60,10,29,74,113,0,19,139,158
2019,Santa Barbara County,April,2098,64,45,0,26,60,7,2114,1060,90,64,0,60,48,11,1095,109,93,154,119,18,108,86,212,0,109,154,263
2019,Santa Clara County,April,5198,393,153,431,172,250,575,5178,1541,130,88,171,73,117,194,1546,977,997,389,384,769,367,245,1381,602,241,523,1366
2019,Santa Cruz County,April,1030,24,26,0,38,17,10,1015,380,9,6,9,20,16,0,368,50,65,24,36,10,33,58,101,9,32,33,74
2019,Shasta County,April,1469,46,9,0,59,9,0,1456,1,0,0,0,0,0,0,1,55,68,0,0,0,9,59,68,0,9,46,55
2019,Sierra County,April,28,1,0,0,0,0,0,29,10,1,0,0,0,0,0,11,1,0,1,0,0,0,0,0,0,0,2,2
2019,Siskiyou County,April,385,10,10,0,4,16,4,381,5,0,0,0,0,1,0,4,20,24,0,1,4,17,4,25,0,10,10,20
2019,Solano County,April,1575,42,0,0,17,11,4,1585,972,21,0,0,16,2,4,971,42,32,21,22,8,13,33,54,0,0,63,63
2019,Sonoma County,April,1500,70,51,0,50,60,10,1501,0,21,20,1,20,12,10,0,121,120,42,42,20,72,70,162,1,71,91,163
2019,Stanislaus County,April,3316,122,84,0,97,87,9,3329,892,7,32,10,50,26,1,864,206,193,49,77,10,113,147,270,10,116,129,255
2019,Sutter County,April,681,25,8,1,1,9,15,690,1,0,0,0,0,0,0,1,34,25,0,0,15,9,1,25,1,8,25,34
2019,Tehama County,April,928,15,6,0,2,1,15,931,59,0,0,0,0,0,1,58,21,18,0,1,16,1,2,19,0,6,15,21
2019,Trinity County,April,63,3,2,0,4,1,4,59,12,1,0,0,0,0,1,12,5,9,1,1,5,1,4,10,0,2,4,6
2019,Tulare County,April,2753,58,47,2,162,72,3,2623,261,13,17,0,21,9,1,260,107,237,30,31,4,81,183,268,2,64,71,137
2019,Tuolumne County,April,543,11,4,7,6,10,10,539,120,6,1,4,4,2,2,123,22,26,11,8,12,12,10,34,11,5,17,33
2019,Ventura County,April,2088,45,14,0,84,0,0,2063,7210,211,7,0,128,19,0,7281,59,84,218,147,0,19,212,231,0,21,256,277
2019,Yolo County,April,1756,32,33,5,47,24,0,1755,402,5,0,0,13,0,0,394,70,71,5,13,0,24,60,84,5,33,37,75
2019,Yuba County,April,491,13,0,0,9,5,1,489,58,4,0,0,0,1,0,61,13,15,4,1,1,6,9,16,0,0,17,17
2019,Alameda County,May,7076,161,216,17,27,236,41,7166,152,0,1,0,12,0,1,140,394,304,1,13,42,236,39,317,17,217,161,395
2019,Alpine County,May,14,0,0,0,1,0,0,13,58,0,4,0,8,2,0,52,0,1,4,10,0,2,9,11,0,4,0,4
2019,Amador County,May,255,7,2,0,18,6,3,237,1044,17,4,15,34,9,0,1037,9,27,36,43,3,15,52,70,15,6,24,45
2019,Butte County,May,910,48,51,5,20,66,6,922,282,27,17,0,37,33,1,255,104,92,44,71,7,99,57,163,5,68,75,148
2019,Calaveras County,May,182,5,7,5,2,11,4,182,92,4,2,0,1,2,0,95,17,17,6,3,4,13,3,20,5,9,9,23
2019,Colusa County,May,91,7,0,0,4,1,2,91,27,1,0,0,0,1,1,26,7,7,1,2,3,2,4,9,0,0,8,8
2019,Contra Costa County,May,3678,102,7,12,100,1,38,3660,2,0,0,0,0,0,0,2,121,139,0,0,38,1,100,139,12,7,102,121
2019,Del Norte County,May,179,6,4,0,4,7,2,176,57,4,0,1,2,1,0,59,10,13,5,3,2,8,6,16,1,4,10,15
2019,El Dorado County,May,873,18,15,0,11,25,0,870,90,3,0,0,2,3,0,88,33,36,3,5,0,28,13,41,0,15,21,36
2019,Fresno County,May,4607,187,109,0,78,179,1,4645,4076,69,58,2,71,84,2,4048,296,258,129,157,3,263,149,415,2,167,256,425
2019,Glenn County,May,146,5,1,0,4,8,2,138,132,11,2,1,0,6,1,139,6,14,14,7,3,14,4,21,1,3,16,20
2019,Humboldt County,May,1160,30,0,3,20,8,8,1157,24,0,0,0,0,0,0,24,33,36,0,0,8,8,20,36,3,0,30,33
2019,Imperial County,May,1110,59,27,0,22,6,11,1157,98,2,0,0,16,0,1,83,86,39,2,17,12,6,38,56,0,27,61,88
2019,Inyo County,May,148,8,5,0,3,2,0,156,71,4,4,0,3,4,0,72,13,5,8,7,0,6,6,12,0,9,12,21
2019,Kern County,May,7462,236,28,18,287,46,21,7390,0,0,0,0,0,0,0,0,282,354,0,0,21,46,287,354,18,28,236,282
2019,Kings County,May,1607,37,6,21,26,23,38,1584,2060,62,5,1,42,33,8,2045,64,87,68,83,46,56,68,170,22,11,99,132
2019,Lake County,May,568,10,15,1,4,1,2,587,87,0,0,1,0,0,0,88,26,7,1,0,2,1,4,7,2,15,10,27
2019,Lassen County,May,88,1,0,1,2,0,1,87,28,0,0,0,0,0,0,28,2,3,0,0,1,0,2,3,1,0,1,2
2019,Los Angeles County,May,36350,592,265,0,568,712,22,35905,473,5,0, ,2,1,0,475,857,1302,5,3,22,713,570,1305,0,265,597,862
2019,Madera County,May,2906,24,20,0,21,39,4,2886,696,54,19,0,5,38,0,726,44,64,73,43,4,77,26,107,0,39,78,117
2019,Marin County,May,1427,25,6,0,8,11,0,1439,780,34,8,0,17,1,0,804,31,19,42,18,0,12,25,37,0,14,59,73
2019,Mariposa County,May,92,6,2,0,3,1,0,96,124,15,5,0,6,5,2,131,8,4,20,13,2,6,9,17,0,7,21,28
2019,Mendocino County,May,650,24,0,0,16,0,4,654,153,5,0,0,9,0,0,149,24,20,5,9,4,0,25,29,0,0,29,29
2019,Merced County,May,1490,55,71,3,31,88,9,1491,46,0,4,1,3,3,0,45,129,128,5,6,9,91,34,134,4,75,55,134
2019,Modoc County,May,97,4,0,0,2,0,0,99,44,3,0,0,3,0,0,44,4,2,3,3,0,0,5,5,0,0,7,7
2019,Mono County,May,77,3,0,0,1,2,1,76,51,2,0,0,1,0,1,51,3,4,2,2,2,2,2,6,0,0,5,5
2019,Monterey County,May,1319,10,16,0,20,23,8,1294,263,1,4,0,2,2,0,264,26,51,5,4,8,25,22,55,0,20,11,31
2019,Napa County,May,646,18,19,31,22,39,7,646,1085,61,46,26,37,66,14,1101,68,68,133,117,21,105,59,185,57,65,79,201
2019,Nevada County,May,557,10,10,2,12,5,6,556,132,3,2,1,9,5,3,121,22,23,6,17,9,10,21,40,3,12,13,28
2019,Orange County,May,8486,417,214,78,414,272,86,8423,3340,84,7,0,205,9,0,3217,709,772,91,214,86,281,619,986,78,221,501,800
2019,Placer County,May,1767,75,3,0,21,1,38,1785,1494,38,3,0,19,0,29,1487,78,60,41,48,67,1,40,108,0,6,113,119
2019,Plumas County,May,60,2,1,1,3,3,1,57,106,2,4,0,0,5,8,99,4,7,6,13,9,8,3,20,1,5,4,10
2019,Riverside County,May,8112,304,144,18,293,256,0,8029,601,41,28,0,20,34,8,608,466,549,69,62,8,290,313,611,18,172,345,535
2019,Sacramento County,May,14513,300,0,0,294,0,0,14519,3885,79,0,0,96,0,12,3856,300,294,79,108,12,0,390,402,0,0,379,379
2019,San Benito County,May,177,9,1,0,1,5,2,179,144,2,5,0,1,8,1,141,10,8,7,10,3,13,2,18,0,6,11,17
2019,San Bernardino County,May,11841,743,75,54,516,274,4,11919,119,5,0,3,27,0,0,100,872,794,8,27,4,274,543,821,57,75,748,880
2019,San Diego County,May,8940,366,81,0,180,242,8,8957,728,33,1,0,35,19,0,708,447,430,34,54,8,261,215,484,0,82,399,481
2019,San Francisco County,May,1688,62,97,9,60,17,60,1719,828,37,24,1,21,0,36,833,168,137,62,57,96,17,81,194,10,121,99,230
2019,San Joaquin County,May,2213,64,36,31,74,44,7,2219,1933,97,59,7,89,93,0,1914,131,125,163,182,7,137,163,307,38,95,161,294
2019,San Luis Obispo County,May,971,43,37,14,52,33,9,971,474,33,29,0,57,33,6,440,94,94,62,96,15,66,109,190,14,66,76,156
2019,San Mateo County,May,2923,75,15,0,45,10,16,2942,2741,109,2,0,35,16,9,2792,90,71,111,60,25,26,80,131,0,17,184,201
2019,Santa Barbara County,May,2080,61,49,0,40,49,10,2091,1069,61,46,0,66,61,7,1042,110,99,107,134,17,110,106,233,0,95,122,217
2019,Santa Clara County,May,5178,410,172,429,230,246,588,5125,1546,150,86,196,116,135,210,1517,1011,1064,432,461,798,381,346,1525,625,258,560,1443
2019,Santa Cruz County,May,1015,24,29,3,35,21,0,1015,368,10,3,16,20,17,0,360,56,56,29,37,0,38,55,93,19,32,34,85
2019,Shasta County,May,1456,46,18,0,61,18,0,1441,1,0,0,0,0,0,0,1,64,79,0,0,0,18,61,79,0,18,46,64
2019,Sierra County,May,29,0,0,0,2,0,0,27,11,0,0,0,3,0,0,8,0,2,0,3,0,0,5,5,0,0,0,0
2019,Siskiyou County,May,381,14,10,0,7,26,0,372,4,0,0,0,0,0,0,4,24,33,0,0,0,26,7,33,0,10,14,24
2019,Solano County,May,1575,37,0,0,23,6,5,1578,969,28,0,0,22,1,4,970,37,34,28,27,9,7,45,61,0,0,65,65
2019,Sonoma County,May,1501,55,47,1,52,53,9,1490,0,27,12,2,16,10,15,0,103,114,41,41,24,63,68,155,3,59,82,144
2019,Stanislaus County,May,3329,125,74,24,114,119,10,3309,864,1,29,2,41,26,0,829,223,243,32,67,10,145,155,310,26,103,126,255
2019,Sutter County,May,690,23,8,2,0,22,13,688,1,0,0,0,0,1,0,0,33,35,0,1,13,23,0,36,2,8,23,33
2019,Tehama County,May,928,16,3,0,1,3,5,938,59,1,0,0,0,0,0,60,19,9,1,0,5,3,1,9,0,3,17,20
2019,Trinity County,May,59,2,2,2,3,0,4,58,12,0,2,0,1,1,0,12,6,7,2,2,4,1,4,9,2,4,2,8
2019,Tulare County,May,2623,64,35,7,109,35,1,2584,260,13,17,1,18,15,0,258,106,145,31,33,1,50,127,178,8,52,77,137
2019,Tuolumne County,May,539,16,14,9,2,14,9,553,123,4,0,9,1,2,5,128,39,25,13,8,14,16,3,33,18,14,20,52
2019,Ventura County,May,2055,70,11,0,67,0,0,2069,7240,184,5,0,164,26,0,7239,81,67,189,190,0,26,231,257,0,16,254,270
2019,Yolo County,May,1755,28,33,2,51,25,0,1742,395,3,0,0,11,0,0,387,63,76,3,11,0,25,62,87,2,33,31,66
2019,Yuba County,May,489,14,0,3,10,5,4,487,61,6,0,0,0,1,1,65,17,19,6,2,5,6,10,21,3,0,20,23
2019,Alameda County,June,6789,162,200,83,7,218,20,6989,114,0,0,1,2,0,1,112,445,245,1,3,21,218,9,248,84,200,162,446
2019,Alpine County,June,13,1,0,0,0,0,0,14,51,1,1,0,5,0,0,48,1,0,2,5,0,0,5,5,0,1,2,3
2019,Amador County,June,237,6,1,12,8,7,0,241,1037,28,4,11,23,7,0,1050,19,15,43,30,0,14,31,45,23,5,34,62
2019,Butte County,June,929,48,37,7,21,58,9,933,280,21,15,1,28,23,3,263,92,88,37,54,12,81,49,142,8,52,69,129
2019,Calaveras County,June,182,7,10,4,2,13,4,184,95,3,5,1,5,6,3,90,21,19,9,14,7,19,7,33,5,15,10,30
2019,Colusa County,June,91,3,0,0,0,2,1,91,26,0,0,0,1,0,1,24,3,3,0,2,2,2,1,5,0,0,3,3
2019,Contra Costa County,June,3660,130,6,13,70,3,24,3712,2,0,0,0,0,0,0,2,149,97,0,0,24,3,70,97,13,6,130,149
2019,Del Norte County,June,176,8,5,3,7,10,2,173,59,4,0,0,0,3,1,59,16,19,4,4,3,13,7,23,3,5,12,20
2019,El Dorado County,June,890,12,12,0,30,36,0,848,90,0,2,0,6,4,0,82,24,66,2,10,0,40,36,76,0,14,12,26
2019,Fresno County,June,4645,202,116,2,121,199,6,4639,4048,82,60,7,76,99,7,4015,320,326,149,182,13,298,197,508,9,176,284,469
2019,Glenn County,June,138,3,4,8,6,3,2,142,140,7,2,0,5,8,3,133,15,11,9,16,5,11,11,27,8,6,10,24
2019,Humboldt County,June,1157,23,0,4,11,6,3,1164,24,0,0,0,1,0,0,23,27,20,0,1,3,6,12,21,4,0,23,27
2019,Imperial County,June,1157,27,32,0,16,9,8,1183,83,1,0,0,2,0,0,82,59,33,1,2,8,9,18,35,0,32,28,60
2019,Inyo County,June,152,0,3,0,4,6,1,144,72,1,4,0,6,6,1,64,3,11,5,13,2,12,10,24,0,7,1,8
2019,Kern County,June,7390,213,25,17,59,8,5,7573,0,0,0,0,0,0,0,0,255,72,0,0,5,8,59,72,17,25,213,255
2019,Kings County,June,1584,25,6,15,19,18,25,1568,2045,38,10,2,37,41,11,2006,46,62,50,89,36,59,56,151,17,16,63,96
2019,Lake County,June,569,13,5,3,6,0,2,582,89,0,0,0,0,0,0,89,21,8,0,0,2,0,6,8,3,5,13,21
2019,Lassen County,June,87,3,0,0,1,0,7,82,27,1,0,0,2,1,1,24,3,8,1,4,8,1,3,12,0,0,4,4
2019,Los Angeles County,June,36236,570,268,0,499,633,24,35918,490,2,0,0,2,0,1,489,838,1156,2,3,25,633,501,1159,0,268,572,840
2019,Madera County,June,2886,16,13,0,11,48,3,2853,726,32,21,0,9,47,3,720,29,62,53,59,6,95,20,121,0,34,48,82
2019,Marin County,June,1439,14,4,0,1,26,0,1430,804,28,7,0,11,28,0,800,18,27,35,39,0,54,12,66,0,11,42,53
2019,Mariposa County,June,96,5,1,3,6,6,1,92,131,8,1,0,7,4,2,127,9,13,9,13,3,10,13,26,3,2,13,18
2019,Mendocino County,June,656,29,0,0,15,0,7,663,144,3,0,0,8,0,2,137,29,22,3,10,9,0,23,32,0,0,32,32
2019,Merced County,June,1485,45,70,8,21,76,7,1504,47,1,3,0,2,2,1,46,123,104,4,5,8,78,23,109,8,73,46,127
2019,Modoc County,June,99,3,0,1,2,2,0,99,44,1,0,0,3,0,0,42,4,4,1,3,0,2,5,7,1,0,4,5
2019,Mono County,June,76,2,0,1,0,1,0,78,51,0,0,0,2,0,0,49,3,1,0,2,0,1,2,3,1,0,2,3
2019,Monterey County,June,1294,23,14,0,14,11,28,1278,264,1,0,14,3,2,0,274,37,53,15,5,28,13,17,58,14,14,24,52
2019,Napa County,June,646,23,22,8,17,44,10,628,1101,32,41,30,16,72,8,1108,53,71,103,96,18,116,33,167,38,63,55,156
2019,Nevada County,June,556,11,9,3,14,3,0,562,121,1,1,2,5,0,0,120,23,17,4,5,0,3,19,22,5,10,12,27
2019,Orange County,June,8423,534,166,96,432,180,96,8511,3217,37,2,0,194,2,1,3059,796,708,39,197,97,182,626,905,96,168,571,835
2019,Placer County,June,1738,51,4,0,18,3,18,1754,1470,44,9,0,12,2,12,1497,55,39,53,26,30,5,30,65,0,13,95,108
2019,Plumas County,June,57,3,2,2,8,0,2,54,99,4,1,0,3,2,5,94,7,10,5,10,7,2,11,20,2,3,7,12
2019,Riverside County,June,8029,275,145,9,245,210,0,8003,608,39,10,5,58,22,0,582,429,455,54,80,0,232,303,535,14,155,314,483
2019,Sacramento County,June,14519,251,0,0,239,0,0,14531,3856,72,0,0,69,0,1,3858,251,239,72,70,1,0,308,309,0,0,323,323
2019,San Benito County,June,179,2,2,0,2,2,2,177,141,7,0,4,2,1,0,149,4,6,11,3,2,3,4,9,4,2,9,15
2019,San Bernardino County,June,11919,603,82,58,386,260,4,12012,100,4,0,1,10,1,0,94,743,650,5,11,4,261,396,661,59,82,607,748
2019,San Diego County,June,8957,322,102,0,172,211,5,8993,708,29,2,0,18,9,1,711,424,388,31,28,6,220,190,416,0,104,351,455
2019,San Francisco County,June,1719,60,69,7,39,15,97,1704,833,43,22,3,17,2,40,842,136,151,68,59,137,17,56,210,10,91,103,204
2019,San Joaquin County,June,2219,56,51,9,46,63,18,2208,1914,76,77,1,67,113,4,1884,116,127,154,184,22,176,113,311,10,128,132,270
2019,San Luis Obispo County,June,971,32,40,3,51,39,15,941,440,33,24,0,48,28,6,415,75,105,57,82,21,67,99,187,3,64,65,132
2019,San Mateo County,June,2942,59,9,0,38,3,2,2967,2792,74,4,0,19,7,4,2840,68,43,78,30,6,10,57,73,0,13,133,146
2019,Santa Barbara County,June,2080,57,41,0,25,61,14,2078,1041,57,45,0,50,56,14,1023,98,100,102,120,28,117,75,220,0,86,114,200
2019,Santa Clara County,June,5125,409,170,496,253,228,619,5100,1517,138,87,150,81,105,186,1520,1075,1100,375,372,805,333,334,1472,646,257,547,1450
2019,Santa Cruz County,June,1015,33,27,14,30,25,0,1034,360,5,2,13,17,10,0,353,74,55,20,27,0,35,47,82,27,29,38,94
2019,Shasta County,June,1441,43,15,0,47,15,0,1437,1,0,0,0,0,0,0,1,58,62,0,0,0,15,47,62,0,15,43,58
2019,Sierra County,June,27,4,0,0,0,0,0,31,8,1,0,0,0,0,0,9,4,0,1,0,0,0,0,0,0,0,5,5
2019,Siskiyou County,June,372,20,14,0,3,12,3,388,4,0,0,0,0,0,0,4,34,18,0,0,3,12,3,18,0,14,20,34
2019,Solano County,June,1573,31,0,0,22,6,9,1567,971,24,0,0,18,1,8,968,31,37,24,27,17,7,40,64,0,0,55,55
2019,Sonoma County,June,1490,54,29,0,48,64,6,1455,0,23,14,1,14,20,13,-9,83,118,38,47,19,84,62,165,1,43,77,121
2019,Stanislaus County,June,3309,129,78,38,112,93,13,3336,829,4,19,15,35,14,1,817,245,218,38,50,14,107,147,268,53,97,133,283
2019,Sutter County,June,688,22,4,1,1,18,13,683,0,1,0,0,0,0,0,1,27,32,1,0,13,18,1,32,1,4,23,28
2019,Tehama County,June,942,17,2,0,1,0,8,952,60,1,0,0,0,0,0,61,19,9,1,0,8,0,1,9,0,2,18,20
2019,Trinity County,June,58,6,1,0,0,1,1,63,12,0,1,0,1,0,0,12,7,2,1,1,1,1,1,3,0,2,6,8
2019,Tulare County,June,2584,66,44,5,139,62,2,2496,258,19,12,0,21,18,0,250,115,203,31,39,2,80,160,242,5,56,85,146
2019,Tuolumne County,June,553,17,6,7,5,16,12,550,128,2,2,3,0,0,1,134,30,33,7,1,13,16,5,34,10,8,19,37
2019,Ventura County,June,2055,63,21,0,63,0,0,2076,7164,184,3,0,153,94,0,7104,84,63,187,247,0,94,216,310,0,24,247,271
2019,Yolo County,June,1742,21,37,5,56,15,0,1734,387,1,0,0,10,0,0,378,63,71,1,10,0,15,66,81,5,37,22,64
2019,Yuba County,June,487,10,0,1,7,4,2,485,65,0,0,0,0,1,2,62,11,13,0,3,4,5,7,16,1,0,10,11
2019,Alameda County,July,6744,166,232,7,7,299,23,6820,115,0,0,0,2,0,0,113,405,329,0,2,23,299,9,331,7,232,166,405
2019,Alpine County,July,13,1,0,0,1,0,0,13,51,1,1,0,3,1,0,49,1,1,2,4,0,1,4,5,0,1,2,3
2019,Amador County,July,241,8,3,0,8,5,0,239,1050,17,4,0,24,6,0,1041,11,13,21,30,0,11,32,43,0,7,25,32
2019,Butte County,July,924,39,35,2,31,49,11,909,280,18,11,1,29,24,2,255,76,91,30,55,13,73,60,146,3,46,57,106
2019,Calaveras County,July,182,7,10,4,2,13,4,184,95,3,5,1,5,6,3,90,21,19,9,14,7,19,7,33,5,15,10,30
2019,Colusa County,July,91,4,1,1,4,4,2,87,24,0,0,0,3,2,0,19,6,10,0,5,2,6,7,15,1,1,4,6
2019,Contra Costa County,July,3712,151,6,13,70,0,27,3785,2,0,0,0,0,0,0,2,170,97,0,0,27,0,70,97,13,6,151,170
2019,Del Norte County,July,173,2,5,1,4,10,2,165,59,6,0,0,1,1,1,62,8,16,6,3,3,11,5,19,1,5,8,14
2019,El Dorado County,July,888,15,19,0,20,29,0,873,85,5,1,0,3,1,0,87,34,49,6,4,0,30,23,53,0,20,20,40
2019,Fresno County,July,4639,143,119,1,77,195,3,4627,4015,96,102,6,81,113,6,4019,263,275,204,200,9,308,158,475,7,221,239,467
2019,Glenn County,July,142,8,2,2,3,2,2,147,133,14,3,0,6,5,3,136,12,7,17,14,5,7,9,21,2,5,22,29
2019,Humboldt County,July,1164,24,0,3,12,9,1,1169,23,0,0,0,0,0,0,23,27,22,0,0,1,9,12,22,3,0,24,27
2019,Imperial County,July,1183,29,31,0,49,13,20,1161,82,1,0,0,6,0,0,77,60,82,1,6,20,13,55,88,0,31,30,61
2019,Inyo County,July,142,7,4,1,3,3,2,146,67,1,4,0,7,7,1,57,12,8,5,15,3,10,10,23,1,8,8,17
2019,Kern County,July,7573,240,28,19,355,58,40,7407,0,0,0,0,0,0,0,0,287,453,0,0,40,58,355,453,19,28,240,287
2019,Kings County,July,1584,19,7,3,28,10,21,1554,2046,27,3,1,24,31,0,2022,29,59,31,55,21,41,52,114,4,10,46,60
2019,Lake County,July,560,14,7,2,9,0,4,570,105,0,0,0,0,0,0,105,23,13,0,0,4,0,9,13,2,7,14,23
2019,Lassen County,July,88,3,1,0,1,0,3,88,21,2,1,0,1,1,1,21,4,4,3,3,4,1,2,7,0,2,5,7
2019,Los Angeles County,July,36274,560,293,0,536,709,24,35858,482,3,0,0,0,3,1,481,853,1269,3,4,25,712,536,1273,0,293,563,856
2019,Madera County,July,2853,29,20,0,16,30,4,2852,720,30,13,0,10,47,2,704,49,50,43,59,6,77,26,109,0,33,59,92
2019,Marin County,July,1430,21,5,0,9,5,0,1442,800,25,6,0,10,11,0,810,26,14,31,21,0,16,19,35,0,11,46,57
2019,Mariposa County,July,99,4,0,1,3,1,0,100,42,2,0,0,0,0,0,44,5,4,2,0,0,1,3,4,1,0,6,7
2019,Mendocino County,July,667,22,0,0,13,0,9,667,140,6,0,0,5,0,1,140,22,22,6,6,10,0,18,28,0,0,28,28
2019,Merced County,July,1492,48,63,9,30,84,4,1494,48,1,2,2,1,2,0,50,120,118,5,3,4,86,31,121,11,65,49,125
2019,Modoc County,July,99,4,0,1,3,1,0,100,42,2,0,0,0,0,0,44,5,4,2,0,0,1,3,4,1,0,6,7
2019,Mono County,July,78,4,1,0,1,0,0,82,49,2,0,0,5,0,0,46,5,1,2,5,0,0,6,6,0,1,6,7
2019,Monterey County,July,1278,21,16,0,12,16,33,1254,274,2,1,9,1,3,0,282,37,61,12,4,33,19,13,65,9,17,23,49
2019,Napa County,July,628,27,21,22,17,42,13,626,1108,42,38,20,35,63,8,1102,70,72,100,106,21,105,52,178,42,59,69,170
2019,Nevada County,July,562,11,10,2,15,1,0,569,120,2,1,2,8,0,0,117,23,16,5,8,0,1,23,24,4,11,13,28
2019,Orange County,July,8511,486,188,119,434,203,81,8586,3059,59,14,1,238,12,0,2883,793,718,74,250,81,215,672,968,120,202,545,867
2019,Placer County,July,1749,51,3,0,20,1,31,1751,1465,45,8,0,20,7,16,1475,54,52,53,43,47,8,40,95,0,11,96,107
2019,Plumas County,July,54,1,5,3,2,5,1,55,94,6,1,1,2,1,6,93,9,8,8,9,7,6,4,17,4,6,7,17
2019,Riverside County,July,8003,343,157,8,263,222,0,8026,582,22,5,3,48,14,0,550,508,485,30,62,0,236,311,547,11,162,365,538
2019,Sacramento County,July,14531,254,0,0,236,0,0,14549,3858,67,0,0,104,0,4,3817,254,236,67,108,4,0,340,344,0,0,321,321
2019,San Benito County,July,177,4,3,0,3,0,1,180,149,8,4,0,4,5,1,151,7,4,12,10,2,5,7,14,0,7,12,19
2019,San Bernardino County,July,11899,622,92,40,437,267,5,11944,79,2,0,2,13,3,0,67,754,709,4,16,5,270,450,725,42,92,624,758
2019,San Diego County,July,8993,345,92,0,183,272,6,8969,711,39,2,0,14,13,3,722,437,461,41,30,9,285,197,491,0,94,384,478
2019,San Francisco County,July,1704,58,84,10,59,8,109,1680,842,35,21,2,22,0,20,858,152,176,58,42,129,8,81,218,12,105,93,210
2019,San Joaquin County,July,2208,58,54,32,48,45,10,2249,1884,84,73,10,73,86,2,1890,144,103,167,161,12,131,121,264,42,127,142,311
2019,San Luis Obispo County,July,941,46,36,9,55,41,14,922,415,33,27,0,52,30,10,383,91,110,60,92,24,71,107,202,9,63,79,151
2019,San Mateo County,July,2967,83,13,0,30,22,2,3009,2840,84,4,0,42,34,19,2833,96,54,88,95,21,56,72,149,0,17,167,184
2019,Santa Barbara County,July,2090,54,44,0,36,56,6,2090,1019,67,41,0,50,51,1,1025,98,98,108,102,7,107,86,200,0,85,121,206
2019,Santa Clara County,July,5100,329,162,409,188,260,506,5046,1520,162,85,199,71,148,243,1504,900,954,446,462,749,408,259,1416,608,247,491,1346
2019,Santa Cruz County,July,1034,29,23,6,30,26,0,1036,353,12,2,19,20,24,0,342,58,56,33,44,0,50,50,100,25,25,41,91
2019,Shasta County,July,1437,59,12,0,56,12,0,1440,1,0,0,0,0,0,0,1,71,68,0,0,0,12,56,68,0,12,59,71
2019,Sierra County,July,31,1,0,0,1,0,0,31,9,0,0,0,0,0,0,9,1,1,0,0,0,0,1,1,0,0,1,1
2019,Siskiyou County,July,388,7,12,0,9,29,2,367,4,0,0,0,1,0,0,3,19,40,0,1,2,29,10,41,0,12,7,19
2019,Solano County,July,1566,42,0,0,31,3,8,1566,968,22,0,0,19,1,4,966,42,42,22,24,12,4,50,66,0,0,64,64
2019,Sonoma County,July,1455,48,36,0,37,81,1,1420,0,28,17,1,22,32,16,-24,84,119,46,70,17,113,59,189,1,53,76,130
2019,Stanislaus County,July,3336,112,83,17,85,97,13,3353,817,4,18,0,27,8,15,789,212,195,22,50,28,105,112,245,17,101,116,234
2019,Sutter County,July,683,22,11,6,1,10,11,700,1,0,0,0,0,0,0,1,39,22,0,0,11,10,1,22,6,11,22,39
2019,Tehama County,July,952,10,1,0,1,1,14,947,61,1,0,0,0,0,0,62,11,16,1,0,14,1,1,16,0,1,11,12
2019,Trinity County,July,63,1,0,0,2,5,0,57,12,0,0,0,0,0,0,12,1,7,0,0,0,5,2,7,0,0,1,1
2019,Tulare County,July,2496,81,62,0,72,49,1,2517,250,22,13,0,18,15,0,252,143,122,35,33,1,64,90,155,0,75,103,178
2019,Tuolumne County,July,550,15,8,5,2,14,7,555,134,3,0,11,2,1,2,143,28,23,14,5,9,15,4,28,16,8,18,42
2019,Ventura County,July,2062,72,19,0,56,0,0,2097,7029,151,31,0,90,0,0,7121,91,56,182,90,0,0,146,146,0,50,223,273
2019,Yolo County,July,1734,24,48,5,56,19,5,1731,378,3,0,0,6,0,0,375,77,80,3,6,5,19,62,86,5,48,27,80
2019,Yuba County,July,485,20,0,3,5,11,9,483,62,1,0,2,3,2,2,58,23,25,3,7,11,13,8,32,5,0,21,26
2019,Alameda County,August,6624,144,205,6,7,303,18,6651,109,0,1,1,2,1,0,108,355,328,2,3,18,304,9,331,7,206,144,357
2019,Alpine County,August,13,0,0,1,0,0,0,14,49,1,1,0,1,0,0,50,1,0,2,1,0,0,1,1,1,1,1,3
2019,Amador County,August,239,3,4,9,11,9,0,235,1041,15,5,1,27,5, ,1030,16,20,21,32,0,14,38,52,10,9,18,37
2019,Butte County,August,897,42,50,5,14,65,6,909,263,28,15,0,30,30,3,243,97,85,43,63,9,95,44,148,5,65,70,140
2019,Calaveras County,August,187,3,10,3,2,6,0,195,93,4,5,1,2,5,0,96,16,8,10,7,0,11,4,15,4,15,7,26
2019,Colusa County,August,87,7,1,1,2,8,1,85,19,1,0,0,0,2,0,18,9,11,1,2,1,10,2,13,1,1,8,10
2019,Contra Costa County,August,3785,101,3,5,86,3,35,3770,2,0,0,0,0,0,0,2,109,124,0,0,35,3,86,124,5,3,101,109
2019,Del Norte County,August,165,7,6,0,3,13,2,160,62,3,1,0,1,6,2,57,13,18,4,9,4,19,4,27,0,7,10,17
2019,El Dorado County,August,884,14,16,0,20,25,0,869,92,4,0,0,3,2,0,91,30,45,4,5,0,27,23,50,0,16,18,34
2019,Fresno County,August,4627,156,155,0,152,278,0,4508,4019,97,128,8,135,177,8,3932,311,430,233,320,8,455,287,750,8,283,253,544
2019,Glenn County,August,147,1,5,2,2,6,2,145,136,3,4,0,14,3,3,123,8,10,7,20,5,9,16,30,2,9,4,15
2019,Humboldt County,August,1169,21,0,2,17,7,2,1166,23,0,0,0,0,0,0,23,23,26,0,0,2,7,17,26,2,0,21,23
2019,Imperial County,August,1161,38,19,0,41,6,12,1159,77,0,0,0,17,0,0,60,57,59,0,17,12,6,58,76,0,19,38,57
2019,Inyo County,August,141,5,4,1,3,5,0,143,61,5,4,0,6,4,0,60,10,8,9,10,0,9,9,18,1,8,10,19
2019,Kern County,August,7407,200,24,15,110,16,10,7510,0,0,0,0,0,0,0,0,239,136,0,0,10,16,110,136,15,24,200,239
2019,Kings County,August,1545,32,9,1,18,16,13,1540,2018,58,12,0,46,38,1,2003,42,47,70,85,14,54,64,132,1,21,90,112
2019,Lake County,August,552,9,8,0,6,0,2,561,83,0,0,0,0,0,0,83,17,8,0,0,2,0,6,8,0,8,9,17
2019,Lassen County,August,91,4,1,0,0,1,0,95,22,2,0,0,1,0,0,23,5,1,2,1,0,1,1,2,0,1,6,7
2019,Los Angeles County,August,35968,586,258,0,481,708,21,35602,487,11,0,0,0,0,0,498,844,1210,11,0,21,708,481,1210,0,258,597,855
2019,Madera County,August,2852,39,32,0,4,76,9,2834,704,58,26,0,6,104,5,673,71,89,84,115,14,180,10,204,0,58,97,155
2019,Marin County,August,1442,16,4,0,12,13,0,1437,810,27,7,0,19,1,0,824,20,25,34,20,0,14,31,45,0,11,43,54
2019,Mariposa County,August,91,5,1,1,4,0,0,94,134,7,1,0,10,11,0,121,7,4,8,21,0,11,14,25,1,2,12,15
2019,Mendocino County,August,670,15,0,0,20,0,6,659,136,12,0,0,4,0,1,143,15,26,12,5,7,0,24,31,0,0,27,27
2019,Merced County,August,1476,47,66,7,23,80,10,1483,52,1,1,1,3,4,0,48,120,113,3,7,10,84,26,120,8,67,48,123
2019,Modoc County,August,100,0,0,0,0,0,0,100,44,3,0,0,1,1,0,45,0,0,3,2,0,1,1,2,0,0,3,3
2019,Mono County,August,75,3,0,0,0,0,0,78,53,0,0,2,0,0,0,55,3,0,2,0,0,0,0,0,2,0,3,5
2019,Monterey County,August,1254,10,14,7,21,10,0,1254,282,0,0,9,4,0,0,287,31,31,9,4,0,10,25,35,16,14,10,40
2019,Napa County,August,626,26,21,17,15,39,12,624,1102,41,30,29,50,63,15,1074,64,66,100,128,27,102,65,194,46,51,67,164
2019,Nevada County,August,569,15,12,3,11,4,0,584,117,4,1,3,3,6,0,116,30,15,8,9,0,10,14,24,6,13,19,38
2019,Orange County,August,8586,354,216,138,439,238,84,8533,2883,30,8,0,221,10,1,2689,708,761,38,232,85,248,660,993,138,224,384,746
2019,Placer County,August,1750,69,7,0,17,1,14,1794,1458,41,3,0,21,3,17,1461,76,32,44,41,31,4,38,73,0,10,110,120
2019,Plumas County,August,55,2,1,0,5,1,2,50,93,4,7,0,5,7,3,89,3,8,11,15,5,8,10,23,0,8,6,14
2019,Riverside County,August,8026,338,146,1,240,251,0,8020,550,22,5,0,31,8,2,536,485,491,27,41,2,259,271,532,1,151,360,512
2019,Sacramento County,August,14549,291,0,0,271,0,0,14569,3817,65,0,4,82,0,0,3804,291,271,69,82,0,0,353,353,4,0,356,360
2019,San Benito County,August,180,5,0,0,6,3,1,175,151,7,2,0,3,5,0,152,5,10,9,8,1,8,9,18,0,2,12,14
2019,San Bernardino County,August,11791,605,50,50,417,324,3,11752,79,9,1,0,17,0,0,72,705,744,10,17,3,324,434,761,50,51,614,715
2019,San Diego County,August,8969,236,68,0,181,208,3,8881,722,33,5,0,17,5,2,736,304,392,38,24,5,213,198,416,0,73,269,342
2019,San Francisco County,August,1680,55,96,11,24,11,92,1715,858,39,14,2,22,0,32,859,162,127,55,54,124,11,46,181,13,110,94,217
2019,San Joaquin County,August,2249,65,42,28,55,60,12,2257,1890,93,78,4,63,91,7,1904,135,127,175,161,19,151,118,288,32,120,158,310
2019,San Luis Obispo County,August,1181,38,24,6,35,31,7,1176,697,38,27,0,43,34,4,681,68,73,65,81,11,65,78,154,6,51,76,133
2019,San Mateo County,August,3009,87,20,0,51,29,9,3027,2833,96,12,0,71,27,20,2823,107,89,108,118,29,56,122,207,0,32,183,215
2019,Santa Barbara County,August,2096,80,50,0,27,54,7,2138,1020,57,46,0,60,53,3,1007,130,88,103,116,10,107,87,204,0,96,137,233
2019,Santa Clara County,August,5046,356,160,409,192,255,444,5080,1504,138,76,176,57,119,195,1523,925,891,390,371,639,374,249,1262,585,236,494,1315
2019,Santa Cruz County,August,1036,35,29,0,29,32,2,1037,342,5,6,15,9,20,0,339,64,63,26,29,2,52,38,92,15,35,40,90
2019,Shasta County,August,1440,44,11,0,53,11,0,1431,1,0,0,0,0,0,0,1,55,64,0,0,0,11,53,64,0,11,44,55
2019,Sierra County,August,31,1,0,0,0,0,0,32,9,0,0,0,0,0,0,9,1,0,0,0,0,0,0,0,0,0,1,1
2019,Siskiyou County,August,367,10,18,0,15,14,0,366,3,0,0,1,0,0,0,4,28,29,1,0,0,14,15,29,1,18,10,29
2019,Solano County,August,1557,36,0,0,20,7,8,1558,962,24,0,0,20,0,2,964,36,35,24,22,10,7,40,57,0,0,60,60
2019,Sonoma County,August,1420,36,39,0,45,71,2,1377,8,18,18,1,18,19,10,-2,75,118,37,47,12,90,63,165,1,57,54,112
2019,Stanislaus County,August,3353,110,72,0,87,122,21,3305,789,2,28,12,39,13,2,777,182,230,42,54,23,135,126,284,12,100,112,224
2019,Sutter County,August,700,25,3,2,0,16,17,697,1,0,0,0,0,0,0,1,30,33,0,0,17,16,0,33,2,3,25,30
2019,Tehama County,August,947,11,3,0,2,0,11,948,62,0,0,0,0,0,0,62,14,13,0,0,11,0,2,13,0,3,11,14
2019,Trinity County,August,57,4,2,1,0,2,3,59,12,0,0,0,1,0,0,11,7,5,0,1,3,2,1,6,1,2,4,7
2019,Tulare County,August,2517,76,44,0,60,53,3,2521,252,41,30,0,16,15,0,292,120,116,71,31,3,68,76,147,0,74,117,191
2019,Tuolumne County,August,555,9,12,8,8,18,9,549,143,1,0,9,3,1,1,148,29,35,10,5,10,19,11,40,17,12,10,39
2019,Ventura County,August,2066,84,27,0,72,0,0,2105,7086,125,2,0,136,216,0,6861,111,72,127,352,0,216,208,424,0,29,209,238
2019,Yolo County,August,1731,27,30,3,68,6,195,1522,366,5,0,0,15,0,0,356,60,269,5,15,195,6,83,284,3,30,32,65
2019,Yuba County,August,483,7,0,7,11,10,6,470,58,2,0,1,0,2,0,59,14,27,3,2,6,12,11,29,8,0,9,17
2019,Alameda County,September,6522,140,192,9,5,257,13,6588,111,0,1,0,0,0,0,112,341,275,1,0,13,257,5,275,9,193,140,342
2019,Alpine County,September,14,0,0,0,0,0,0,14,50,3,0,0,1,0,0,52,0,0,3,1,0,0,1,1,0,0,3,3
2019,Amador County,September,235,5,3,7,7,10,0,233,1030,24,6,4,21,8,0,1035,15,17,34,29,0,18,28,46,11,9,29,49
2019,Butte County,September,917,43,36,5,27,58,1,915,266,21,12,0,33,31,1,234,84,86,33,65,2,89,60,151,5,48,64,117
2019,Calaveras County,September,195,5,4,5,6,5,1,197,96,1,2,1,3,4,2,91,14,12,4,9,3,9,9,21,6,6,6,18
2019,Colusa County,September,85,5,2,0,5,2,1,84,18,3,1,0,0,0,0,22,7,8,4,0,1,2,5,8,0,3,8,11
2019,Contra Costa County,September,3770,110,4,7,94,2,36,3759,2,0,0,0,0,0,0,2,121,132,0,0,36,2,94,132,7,4,110,121
2019,Del Norte County,September,160,11,0,1,4,5,0,164,57,5,0,1,1,2,0,60,12,9,6,3,0,7,5,12,2,0,16,18
2019,El Dorado County,September,880,14,11,0,15,20,0,870,92,6,0,0,4,1,0,93,25,35,6,5,0,21,19,40,0,11,20,31
2019,Fresno County,September,4508,173,107,0,79,219,1,4489,3932,87,105,4,100,165,4,3859,280,299,196,269,5,384,179,568,4,212,260,476
2019,Glenn County,September,145,9,6,2,5,7,1,149,123,5,3,1,4,3,3,122,17,13,9,10,4,10,9,23,3,9,14,26
2019,Humboldt County,September,1166,26,0,1,14,0,4,1175,23,0,0,0,1,0,0,22,27,18,0,1,4,0,15,19,1,0,26,27
2019,Imperial County,September,1159,39,19,0,17,3,2,1195,60,2,0,0,11,0,0,51,58,22,2,11,2,3,28,33,0,19,41,60
2019,Inyo County,September,145,3,6,0,5,4,2,143,65,3,6,0,6,2,0,66,9,11,9,8,2,6,11,19,0,12,6,18
2019,Kern County,September,7510,186,22,14,188,28,18,7498,0,0,0,0,0,0,0,0,222,234,0,0,18,28,188,234,14,22,186,222
2019,Kings County,September,1540,21,6,7,17,19,10,1528,2003,35,5,0,28,23,4,1988,34,46,40,55,14,42,45,101,7,11,56,74
2019,Lake County,September,552,14,5,4,8,0,3,564,85,0,0,2,1,0,0,86,23,11,2,1,3,0,9,12,6,5,14,25
2019,Lassen County,September,91,0,0,0,0,1,0,90,19,0,0,0,0,0,0,19,0,1,0,0,0,1,0,1,0,0,0,0
2019,Los Angeles County,September,35747,569,246,0,482,584,22,35474,521,2,0,0,1,1,0,521,815,1088,2,2,22,585,483,1090,0,246,571,817
2019,Madera County,September,2834,28,22,0,10,37,3,2834,673,29,13,0,4,39,5,667,50,50,42,48,8,76,14,98,0,35,57,92
2019,Marin County,September,1437,16,4,0,1,20,0,1436,825,30,8,0,9,14,0,840,20,21,38,23,0,34,10,44,0,12,46,58
2019,Mariposa County,September,94,5,1,0,0,2,3,95,121,8,10,0,8,5,4,122,6,5,18,17,7,7,8,22,0,11,13,24
2019,Mendocino County,September,661,18,0,0,23,0,5,651,140,11,0,0,4,0,1,146,18,28,11,5,6,0,27,33,0,0,29,29
2019,Merced County,September,1473,59,58,7,27,61,1,1508,51,0,0,2,1,1,0,51,124,89,2,2,1,62,28,91,9,58,59,126
2019,Modoc County,September,100,7,0,0,4,0,2,101,45,3,0,0,0,0,0,48,7,6,3,0,2,0,4,6,0,0,10,10
2019,Mono County,September,78,3,0,0,2,0,1,78,55,3,0,0,2,0,0,56,3,3,3,2,1,0,4,5,0,0,6,6
2019,Monterey County,September,1254,11,21,0,20,13,3,1250,287,5,1,0,0,0,2,291,32,36,6,2,5,13,20,38,0,22,16,38
2019,Napa County,September,624,21,32,11,16,36,12,624,1074,43,27,42,49,62,14,1061,64,64,112,125,26,98,65,189,53,59,64,176
2019,Nevada County,September,584,13,16,5,10,3,1,604,116,2,2,2,2,0,0,120,34,14,6,2,1,3,12,16,7,18,15,40
2019,Orange County,September,8533,451,204,108,490,227,84,8495,2689,80,12,0,242,26,1,2512,763,801,92,269,85,253,732,1070,108,216,531,855
2019,Placer County,September,1753,50,0,0,15,2,14,1772,1434,34,0,0,12,4,5,1447,50,31,34,21,19,6,27,52,0,0,84,84
2019,Plumas County,September,50,11,1,1,1,3,0,59,89,8,6,1,1,6,6,91,13,4,15,13,6,9,2,17,2,7,19,28
2019,Riverside County,September,8020,309,153,2,243,205,0,8036,536,24,3,5,28,5,0,535,464,448,32,33,0,210,271,481,7,156,333,496
2019,Sacramento County,September,14569,240,0,0,229,0,0,14580,3804,80,0,0,86,0,4,3794,240,229,80,90,4,0,315,319,0,0,320,320
2019,San Benito County,September,175,7,1,2,4,7,3,171,152,6,2,0,3,3,3,151,10,14,8,9,6,10,7,23,2,3,13,18
2019,San Bernardino County,September,11563,561,46,34,393,239,8,11564,80,3,0,6,18,1,0,70,641,640,9,19,8,240,411,659,40,46,564,650
2019,San Diego County,September,8968,381,83,0,164,231,5,9032,730,12,3,0,20,17,2,706,464,400,15,39,7,248,184,439,0,86,393,479
2019,San Francisco County,September,1715,59,67,10,38,9,116,1688,859,43,26,3,19,1,41,870,136,163,72,61,157,10,57,224,13,93,102,208
2019,San Joaquin County,September,2257,55,42,20,57,59,11,2247,1904,84,63,5,66,70,5,1915,117,127,152,141,16,129,123,268,25,105,139,269
2019,San Luis Obispo County,September,1176,43,26,10,34,19,11,1191,681,29,26,0,37,27,5,667,79,64,55,69,16,46,71,133,10,52,72,134
2019,San Mateo County,September,3027,78,11,0,48,21,14,3033,2823,91,8,0,76,14,11,2821,89,83,99,101,25,35,124,184,0,19,169,188
2019,Santa Barbara County,September,2102,66,52,0,29,53,4,2134,987,74,52,0,45,52,4,1012,118,86,126,101,8,105,74,187,0,104,140,244
2019,Santa Clara County,September,5080,362,115,391,168,209,511,5060,1523,131,40,151,62,92,186,1505,868,888,322,340,697,301,230,1228,542,155,493,1190
2019,Santa Cruz County,September,1037,23,20,0,27,22,0,1031,339,11,1,16,17,6,0,344,43,49,28,23,0,28,44,72,16,21,34,71
2019,Shasta County,September,1431,44,10,0,59,10,0,1416,1,0,0,0,0,0,0,1,54,69,0,0,0,10,59,69,0,10,44,54
2019,Sierra County,September,32,0,0,0,1,0,0,31,9,0,0,0,0,0,0,9,0,1,0,0,0,0,1,1,0,0,0,0
2019,Siskiyou County,September,366,19,9,0,8,16,1,369,4,0,0,0,0,0,0,4,28,25,0,0,1,16,8,25,0,9,19,28
2019,Solano County,September,1554,37,0,0,19,9,9,1554,968,22,0,0,11,0,5,974,37,37,22,16,14,9,30,53,0,0,59,59
2019,Sonoma County,September,1377,45,38,0,45,73,2,1340,7,23,23,0,18,20,4,11,83,120,46,42,6,93,63,162,0,61,68,129
2019,Stanislaus County,September,3305,128,80,18,117,91,16,3307,777,11,35,2,37,21,1,766,226,224,48,59,17,112,154,283,20,115,139,274
2019,Sutter County,September,694,30,9,7,1,15,24,700,1,23,0,0,0,0,0,24,46,40,23,0,24,15,1,40,7,9,53,69
2019,Tehama County,September,948,16,4,0,0,0,1,967,62,0,0,0,0,0,0,62,20,1,0,0,1,0,0,1,0,4,16,20
2019,Trinity County,September,59,6,1,1,0,0,2,65,11,0,0,0,0,0,0,11,8,2,0,0,2,0,0,2,1,1,6,8
2019,Tulare County,September,2521,73,40,5,95,43,2,2499,292,33,15,0,21,16,0,303,118,140,48,37,2,59,116,177,5,55,106,166
2019,Tuolumne County,September,549,10,4,15,8,14,4,552,148,1,0,3,2,2,5,143,29,26,4,9,9,16,10,35,18,4,11,33
2019,Ventura County,September,2087,56,41,0,47,0,0,2137,6825,94,1,0,85,88,0,6747,97,47,95,173,0,88,132,220,0,42,150,192
2019,Yolo County,September,1522,30,34,0,19,54,230,1283,356,11,0,0,23,0,0,344,64,303,11,23,230,54,42,326,0,34,41,75
2019,Yuba County,September,470,9,0,0,8,8,2,461,61,5,0,0,1,2,1,62,9,18,5,4,3,10,9,22,0,0,14,14
2019,Alameda County,October,6336,198,243,15,3,240,36,6513,106,1,2,2,1,2,0,108,456,279,5,3,36,242,4,282,17,245,199,461
2019,Alpine County,October,14,1,0,0,0,0,1,14,52,2,0,0,3,4,0,47,1,1,2,7,1,4,3,8,0,0,3,3
2019,Amador County,October,233,12,1,3,7,6,0,236,1035,28,6,4,29,4,0,1040,16,13,38,33,0,10,36,46,7,7,40,54
2019,Butte County,October,908,44,38,4,19,60,9,906,256,16,25,0,26,30,3,238,86,88,41,59,12,90,45,147,4,63,60,127
2019,Calaveras County,October,197,5,6,0,5,9,1,193,91,0,2,0,1,3,1,88,11,15,2,5,2,12,6,20,0,8,5,13
2019,Colusa County,October,84,3,3,3,2,2,3,86,22,1,1,0,0,0,0,24,9,7,2,0,3,2,2,7,3,4,4,11
2019,Contra Costa County,October,3759,113,5,10,75,1,29,3782,2,0,0,0,0,0,0,2,128,105,0,0,29,1,75,105,10,5,113,128
2019,Del Norte County,October,164,7,6,2,4,5,0,170,60,2,2,0,0,2,0,62,15,9,4,2,0,7,4,11,2,8,9,19
2019,El Dorado County,October,860,8,4,0,14,21,0,837,93,0,0,0,4,2,0,87,12,35,0,6,0,23,18,41,0,4,8,12
2019,Fresno County,October,4489,179,128,0,13,207,0,4576,3859,84,87,8,71,138,8,3821,307,220,179,217,8,345,84,437,8,215,263,486
2019,Glenn County,October,149,10,2,3,2,2,3,157,122,7,2,4,4,3,3,125,15,7,13,10,6,5,6,17,7,4,17,28
2019,Humboldt County,October,1175,33,0,1,17,4,5,1183,22,0,0,1,2,0,0,21,34,26,1,2,5,4,19,28,2,0,33,35
2019,Imperial County,October,1195,36,12,0,18,3,6,1216,51,1,0,0,1,0,0,51,48,27,1,1,6,3,19,28,0,12,37,49
2019,Inyo County,October,139,4,5,1,4,8,2,135,66,2,4,0,2,1,0,69,10,14,6,3,2,9,6,17,1,9,6,16
2019,Kern County,October,7498,200,24,15,229,37,23,7448,0,0,0,0,0,0,0,0,239,289,0,0,23,37,229,289,15,24,200,239
2019,Kings County,October,1528,19,12,4,15,13,8,1527,1988,29,4,0,24,23,0,1974,35,36,33,47,8,36,39,83,4,16,48,68
2019,Lake County,October,541,23,4,0,5,0,0,563,86,0,0,1,0,0,0,87,27,5,1,0,0,0,5,5,1,4,23,28
2019,Lassen County,October,85,0,0,0,0,0,0,85,18,0,0,0,0,0,0,18,0,0,0,0,0,0,0,0,0,0,0,0
2019,Los Angeles County,October,35669,595,251,0,505,692,22,35296,527,6,0,0,1,0,1,531,846,1219,6,2,23,692,506,1221,0,251,601,852
2019,Madera County,October,2834,44,12,0,13,20,2,2855,667,54,17,0,5,22,1,710,56,35,71,28,3,42,18,63,0,29,98,127
2019,Marin County,October,1436,12,3,0,1,19,0,1431,840,22,5,0,17,15,0,835,15,20,27,32,0,34,18,52,0,8,34,42
2019,Mariposa County,October,95,10,0,0,4,1,3,97,122,8,4,0,9,3,3,119,10,8,12,15,6,4,13,23,0,4,18,22
2019,Mendocino County,October,657,24,0,0,18,0,2,661,139,7,0,0,6,0,0,140,24,20,7,6,2,0,24,26,0,0,31,31
2019,Merced County,October,1502,45,59,5,28,84,6,1493,54,0,1,2,3,2,3,49,109,118,3,8,9,86,31,126,7,60,45,112
2019,Modoc County,October,101,3,0,0,3,1,1,99,48,3,0,0,0,1,0,50,3,5,3,1,1,2,3,6,0,0,6,6
2019,Mono County,October,78,3,0,0,0,0,3,78,56,2,0,0,1,0,1,56,3,3,2,2,4,0,1,5,0,0,5,5
2019,Monterey County,October,1250,11,15,0,19,11,4,1242,291,6,0,11,3,1,0,304,26,34,17,4,4,12,22,38,11,15,17,43
2019,Napa County,October,624,34,17,15,11,39,9,631,1061,45,40,4,43,57,8,1042,66,59,89,108,17,96,54,167,19,57,79,155
2019,Nevada County,October,604,13,10,2,9,3,0,617,120,0,1,3,6,1,0,117,25,12,4,7,0,4,15,19,5,11,13,29
2019,Orange County,October,8495,720,203,156,512,290,121,8651,2512,103,11,0,223,15,1,2387,1079,923,114,239,122,305,735,1162,156,214,823,1193
2019,Placer County,October,1721,47,2,0,22,2,15,1731,1433,42,5,0,22,2,15,1441,49,39,47,39,30,4,44,78,0,7,89,96
2019,Plumas County,October,59,1,8,0,2,8,0,58,91,14,3,0,2,4,2,100,9,10,17,8,2,12,4,18,0,11,15,26
2019,Riverside County,October,8036,314,143,14,247,204,0,8056,535,32,5,0,69,12,0,491,471,451,37,81,0,216,316,532,14,148,346,508
2019,Sacramento County,October,14580,301,0,0,277,0,0,14604,3794,72,0,4,96,0,0,3774,301,277,76,96,0,0,373,373,4,0,373,377
2019,San Benito County,October,171,7,1,2,2,7,1,171,151,6,1,0,1,7,2,148,10,10,7,10,3,14,3,20,2,2,13,17
2019,San Bernardino County,October,11632,635,95,57,434,335,4,11646,81,5,0,2,18,1,0,69,787,773,7,19,4,336,452,792,59,95,640,794
2019,San Diego County,October,9032,419,78,0,221,232,3,9073,706,37,3,0,33,11,1,701,497,456,40,45,4,243,254,501,0,81,456,537
2019,San Francisco County,October,1688,66,90,8,33,15,106,1698,866,48,26,0,24,0,32,884,164,154,74,56,138,15,57,210,8,116,114,238
2019,San Joaquin County,October,2247,66,44,25,36,54,9,2283,1915,79,51,3,46,81,4,1917,135,99,133,131,13,135,82,230,28,95,145,268
2019,San Luis Obispo County,October,1191,55,36,16,62,40,16,1180,667,37,18,0,42,27,5,648,107,118,55,74,21,67,104,192,16,54,92,162
2019,San Mateo County,October,3033,78,21,0,21,25,7,3079,2821,117,19,0,48,63,11,2835,99,53,136,122,18,88,69,175,0,40,195,235
2019,Santa Barbara County,October,2118,75,55,0,38,78,11,2121,986,85,60,0,51,76,7,997,130,127,145,134,18,154,89,261,0,115,160,275
2019,Santa Clara County,October,5060,340,114,408,184,195,524,5019,1505,100,63,136,93,98,161,1452,862,903,299,352,685,293,277,1255,544,177,440,1161
2019,Santa Cruz County,October,1031,28,32,0,32,27,9,1023,344,12,1,11,15,12,0,341,60,68,24,27,9,39,47,95,11,33,40,84
2019,Shasta County,October,1416,51,16,0,57,16,0,1410,1,0,0,0,0,0,0,1,67,73,0,0,0,16,57,73,0,16,51,67
2019,Sierra County,October,31,0,0,0,0,0,0,31,9,0,0,0,0,0,0,9,0,0,0,0,0,0,0,0,0,0,0,0
2019,Siskiyou County,October,369,11,11,0,6,26,0,359,4,0,0,1,0,0,0,5,22,32,1,0,0,26,6,32,1,11,11,23
2019,Solano County,October,1545,30,0,0,18,4,5,1548,979,11,0,0,14,1,2,973,30,27,11,17,7,5,32,44,0,0,41,41
2019,Sonoma County,October,1340,34,51,0,49,55,0,1321,15,21,12,0,14,20,5,9,85,104,33,39,5,75,63,143,0,63,55,118
2019,Stanislaus County,October,3307,126,73,43,126,99,4,3320,766,15,18,0,34,17,10,738,242,229,33,61,14,116,160,290,43,91,141,275
2019,Sutter County,October,700,18,7,5,3,15,24,688,24,1,0,1,0,0,1,25,30,42,2,1,25,15,3,43,6,7,19,32
2019,Tehama County,October,967,18,7,0,1,0,15,976,62,0,0,0,0,0,0,62,25,16,0,0,15,0,1,16,0,7,18,25
2019,Trinity County,October,65,3,2,0,0,5,0,65,11,1,0,0,0,1,0,11,5,5,1,1,0,6,0,6,0,2,4,6
2019,Tulare County,October,2499,63,38,2,157,48,5,2392,303,13,47,0,37,18,1,307,103,210,60,56,6,66,194,266,2,85,76,163
2019,Tuolumne County,October,552,15,8,7,9,17,6,550,143,2,0,6,2,2,0,147,30,32,8,4,6,19,11,36,13,8,17,38
2019,Ventura County,October,2101,68,26,0,55,0,0,2140,6609,117,4,0,116,36,0,6578,94,55,121,152,0,36,171,207,0,30,185,215
2019,Yolo County,October,1283,30,31,4,56,18,106,1168,344,4,0,0,17,0,0,331,65,180,4,17,106,18,73,197,4,31,34,69
2019,Yuba County,October,461,12,3,2,9,6,2,461,62,1,0,0,1,1,1,60,17,17,1,3,3,7,10,20,2,3,13,18
2019,Alameda County,November,6247,143,193,54,3,217,5,6412,94,1,2,5,2,1,0,99,390,225,8,3,5,218,5,228,59,195,144,398
2019,Alpine County,November,14,0,0,0,1,1,0,12,47,1,0,0,3,1,0,44,0,2,1,4,0,2,4,6,0,0,1,1
2019,Amador County,November,236,3,5,1,8,6,0,231,1040,25,3,8,17,5,0,1054,9,14,36,22,0,11,25,36,9,8,28,45
2019,Butte County,November,906,36,38,4,22,48,8,906,254,15,12,0,13,16,3,249,78,78,27,32,11,64,35,110,4,50,51,105
2019,Calaveras County,November,193,4,10,1,0,13,4,191,88,4,1,3,3,7,0,86,15,17,8,10,4,20,3,27,4,11,8,23
2019,Colusa County,November,86,7,1,3,4,6,2,85,24,1,1,0,1,1,1,23,11,12,2,3,3,7,5,15,3,2,8,13
2019,Contra Costa County,November,3782,100,8,7,62,0,33,3802,2,0,0,0,0,0,0,2,115,95,0,0,33,0,62,95,7,8,100,115
2019,Del Norte County,November,170,6,3,0,5,10,3,161,62,3,1,0,0,3,0,63,9,18,4,3,3,13,5,21,0,4,9,13
2019,El Dorado County,November,850,23,13,0,23,14,0,849,92,1,0,0,2,4,0,87,36,37,1,6,0,18,25,43,0,13,24,37
2019,Fresno County,November,4576,164,85,0,64,142,0,4619,3821,75,58,8,69,113,8,3772,249,206,141,190,8,255,133,396,8,143,239,390
2019,Glenn County,November,157,3,2,4,2,5,5,154,125,3,3,0,2,4,0,125,9,12,6,6,5,9,4,18,4,5,6,15
2019,Humboldt County,November,1183,28,0,2,20,3,3,1187,21,1,0,0,0,0,0,22,30,26,1,0,3,3,20,26,2,0,29,31
2019,Imperial County,November,1216,26,15,0,12,2,8,1235,51,0,0,0,4,0,0,47,41,22,0,4,8,2,16,26,0,15,26,41
2019,Inyo County,November,136,6,2,0,2,4,0,138,69,4,1,0,2,0,0,72,8,6,5,2,0,4,4,8,0,3,10,13
2019,Kern County,November,7448,167,19,12,42,6,4,7594,0,0,0,0,0,0,0,0,198,52,0,0,4,6,42,52,12,19,167,198
2019,Kings County,November,1527,18,10,4,8,13,15,1523,1974,30,9,0,24,26,6,1957,32,36,39,56,21,39,32,92,4,19,48,71
2019,Lake County,November,557,16,6,0,4,0,0,575,87,0,0,0,0,0,0,87,22,4,0,0,0,0,4,4,0,6,16,22
2019,Lassen County,November,78,0,0,0,0,0,0,78,18,0,0,0,0,0,0,18,0,0,0,0,0,0,0,0,0,0,0,0
2019,Los Angeles County,November,35559,473,188,0,381,512,20,35307,538,2,0,0,1,1,1,537,661,913,2,3,21,513,382,916,0,188,475,663
2019,Madera County,November,2865,20,19,0,20,36,3,2845,710,36,11,0,10,55,6,686,39,59,47,71,9,91,30,130,0,30,56,86
2019,Marin County,November,1431,14,3,0,17,1,0,1430,835,23,6,0,16,12,0,836,17,18,29,28,0,13,33,46,0,9,37,46
2019,Mariposa County,November,97,3,1,0,1,1,1,98,119,5,1,0,9,7,1,108,4,3,6,17,2,8,10,20,0,2,8,10
2019,Mendocino County,November,663,15,0,0,8,0,3,667,139,4,0,0,6,0,1,136,15,11,4,7,4,0,14,18,0,0,19,19
2019,Merced County,November,1486,54,54,9,27,59,10,1507,49,2,2,1,2,5,2,45,117,96,5,9,12,64,29,105,10,56,56,122
2019,Modoc County,November,99,3,0,0,2,2,0,98,50,1,0,0,1,0,0,50,3,4,1,1,0,2,3,5,0,0,4,4
2019,Mono County,November,78,1,0,3,3,0,1,78,56,0,0,1,0,0,2,55,4,4,1,2,3,0,3,6,4,0,1,5
2019,Monterey County,November,1242,21,13,0,18,12,9,1237,304,1,0,11,4,3,0,309,34,39,12,7,9,15,22,46,11,13,22,46
2019,Napa County,November,631,15,20,0,12,24,19,611,1042,37,30,15,35,50,10,1029,35,55,82,95,29,74,47,150,15,50,52,117
2019,Nevada County,November,617,13,15,0,7,1,0,637,117,2,0,0,3,0,0,116,28,8,2,3,0,1,10,11,0,15,15,30
2019,Orange County,November,8651,680,117,58,326,132,32,9016,2387,96,14,0,190,17,0,2290,855,490,110,207,32,149,516,697,58,131,776,965
2019,Placer County,November,1710,41,1,0,14,8,21,1709,1442,60,3,0,26,2,15,1462,42,43,63,43,36,10,40,86,0,4,101,105
2019,Plumas County,November,58,1,4,0,1,5,0,57,100,1,6,1,0,4,2,102,5,6,8,6,2,9,1,12,1,10,2,13
2019,Riverside County,November,8056,281,92,8,223,183,0,8031,491,13,8,0,9,7,8,488,381,406,21,24,8,190,232,430,8,100,294,402
2019,Sacramento County,November,14604,238,0,0,239,0,0,14603,3774,70,0,3,87,0,0,3760,238,239,73,87,0,0,326,326,3,0,308,311
2019,San Benito County,November,171,1,2,1,1,1,0,173,148,4,2,0,2,6,2,144,4,2,6,10,2,7,3,12,1,4,5,10
2019,San Bernardino County,November,11646, , , , , , ,11646,69, , , , , , ,69, , , , , , , , , , , , 
2019,San Diego County,November,9073,289,70,0,153,232,5,9042,701,25,1,0,12,9,2,704,359,390,26,23,7,241,165,413,0,71,314,385
2019,San Francisco County,November,1698,53,62,7,35,7,95,1683,884,27,14,1,18,1,37,870,122,137,42,56,132,8,53,193,8,76,80,164
2019,San Joaquin County,November,2283,51,34,11,33,37,15,2294,1917,64,48,3,28,72,1,1931,96,85,115,101,16,109,61,186,14,82,115,211
2019,San Luis Obispo County,November,1180,17,28,10,35,39,10,1151,648,17,15,0,31,23,3,623,55,84,32,57,13,62,66,141,10,43,34,87
2019,San Mateo County,November,3079,54,21,10,34,23,0,3107,2835,82,13,8,54,59,0,2825,85,57,103,113,0,82,88,170,18,34,136,188
2019,Santa Barbara County,November,2171,56,48,0,19,58,5,2193,1040,48,43,0,68,46,2,1015,104,82,91,116,7,104,87,198,0,91,104,195
2019,Santa Clara County,November,5019,310,98,327,149,180,422,5003,1452,125,31,148,66,77,169,1444,735,751,304,312,591,257,215,1063,475,129,435,1039
2019,Santa Cruz County,November,1023,31,23,9,17,25,0,1044,341,8,3,3,14,8,0,333,63,42,14,22,0,33,31,64,12,26,39,77
2019,Shasta County,November,1410,38,10,0,57,10,0,1391,1,0,0,0,0,0,0,1,48,67,0,0,0,10,57,67,0,10,38,48
2019,Sierra County,November,31,0,0,0,0,0,0,31,9,0,0,0,1,0,0,8,0,0,0,1,0,0,1,1,0,0,0,0
2019,Siskiyou County,November,359,13,6,0,8,15,3,352,5,0,0,0,0,0,0,5,19,26,0,0,3,15,8,26,0,6,13,19
2019,Solano County,November,1537,39,0,0,21,2,2,1551,968,17,0,0,9,0,5,971,39,25,17,14,7,2,30,39,0,0,56,56
2019,Sonoma County,November,1321,47,43,1,49,69,0,1294,9,14,14,0,14,15,9,-1,91,118,28,38,9,84,63,156,1,57,61,119
2019,Stanislaus County,November,3320,103,70,18,99,82,8,3322,738,15,28,11,43,16,1,732,191,189,54,60,9,98,142,249,29,98,118,245
2019,Sutter County,November,688,21,13,3,2,10,13,700,25,0,0,0,0,0,2,23,37,25,0,2,15,10,2,27,3,13,21,37
2019,Tehama County,November,976,11,2,0,0,0,5,984,62,0,0,0,0,0,1,61,13,5,0,1,6,0,0,6,0,2,11,13
2019,Trinity County,November,65,4,0,0,0,1,1,67,11,0,0,0,0,1,0,10,4,2,0,1,1,2,0,3,0,0,4,4
2019,Tulare County,November,2392,62,31,8,67,38,1,2387,307,11,7,0,13,5,0,307,101,106,18,18,1,43,80,124,8,38,73,119
2019,Tuolumne County,November,550,10,6,6,7,5,7,553,147,6,0,4,3,0,4,150,22,19,10,7,11,5,10,26,10,6,16,32
2019,Ventura County,November,2140,38,23,0,70,0,0,2131,6496,95,4,0,104,27,0,6464,61,70,99,131,0,27,174,201,0,27,133,160
2019,Yolo County,November,1168,21,22,5,51,4,0,1161,331,3,0,0,13,0,0,321,48,55,3,13,0,4,64,68,5,22,24,51
2019,Yuba County,November,461,16,0,3,9,6,2,463,60,0,0,0,1,1, ,58,19,17,0,2,2,7,10,19,3,0,16,19
2019,Alameda County,December,6291,26,218,19,11,259,9,6275,100,0,0,5,0,1,0,104,263,279,5,1,9,260,11,280,24,218,26,268
2019,Alpine County,December,12,0,0,0,1,1,0,10,44,1,2,0,2,1,0,44,0,2,3,3,0,2,3,5,0,2,1,3
2019,Amador County,December,231,16,3,9,6,3,0,250,1054,32,2,0,24,8,32,1024,28,9,34,64,32,11,30,73,9,5,48,62
2019,Butte County,December,904,37,34,1,16,46,7,907,257,17,11,1,16,15,6,249,72,69,29,37,13,61,32,106,2,45,54,101
2019,Calaveras County,December,191,7,7,3,1,10,2,195,86,4,6,0,3,2,2,89,17,13,10,7,4,12,4,20,3,13,11,27
2019,Colusa County,December,85,2,2,0,1,6,0,82,23,0,0,0,0,2,1,20,4,7,0,3,1,8,1,10,0,2,2,4
2019,Contra Costa County,December,3802,131,6,9,74,1,37,3836,2,0,0,0,0,0,0,2,146,112,0,0,37,1,74,112,9,6,131,146
2019,Del Norte County,December,161,10,5,2,3,6,0,169,63,3,1,0,2,1,1,63,17,9,4,4,1,7,5,13,2,6,13,21
2019,El Dorado County,December,852,26,9,0,13,17,0,857,89,0,1,0,2,5,0,83,35,30,1,7,0,22,15,37,0,10,26,36
2019,Fresno County,December,4619,140,122,0,131,175,0,4575,3772,86,80,6,137,111,6,3690,262,306,172,254,6,286,268,560,6,202,226,434
2019,Glenn County,December,154,3,1,0,4,8,3,143,125,3,1,1,3,1,2,124,4,15,5,6,5,9,7,21,1,2,6,9
2019,Humboldt County,December,1187,19,0,3,24,7,4,1174,22,0,0,0,1,0,0,21,22,35,0,1,4,7,25,36,3,0,19,22
2019,Imperial County,December,1235,10,3,0,43,4,5,1196,47,1,0,0,2,0,0,46,13,52,1,2,5,4,45,54,0,3,11,14
2019,Inyo County,December,140,3,4,1,3,5,1,139,65,0,3,0,4,3,0,61,8,9,3,7,1,8,7,16,1,7,3,11
2019,Kern County,December,7598,166,20,13,74,12,5,7706,0,0,0,0,0,0,0,0,199,91,0,0,5,12,74,91,13,20,166,199
2019,Kings County,December,1523,6,1,3,10,4,4,1515,1957,8,2,0,7,8,0,1952,10,18,10,15,4,12,17,33,3,3,14,20
2019,Lake County,December,547,8,2,0,3,0,1,553,83,1,0,0,1,0,0,83,10,4,1,1,1,0,4,5,0,2,9,11
2019,Lassen County,December,70,0,0,0,0,0,0,70,17,0,0,0,0,0,0,17,0,0,0,0,0,0,0,0,0,0,0,0
2019,Los Angeles County,December,35519,502,204,0,395,550,30,35250,535,4,0,0,0,0,1,538,706,975,4,1,31,550,395,976,0,204,506,710
2019,Madera County,December,2845,33,27,0,8,80,12,2805,686,33,22,0,3,93,6,639,60,100,55,102,18,173,11,202,0,49,66,115
2019,Marin County,December,1430,32,8,0,9,17,0,1444,836,29,7,0,10,16,0,846,40,26,36,26,0,33,19,52,0,15,61,76
2019,Mariposa County,December,98,4,2,0,3,1,1,99,108,5,4,0,5,1,0,111,6,5,9,6,1,2,8,11,0,6,9,15
2019,Mendocino County,December,671,18,0,0,12,0,1,676,135,9,0,0,6,0,0,138,18,13,9,6,1,0,18,19,0,0,27,27
2019,Merced County,December,1502,53,43,5,32,62,3,1506,50,0,0,0,4,3,2,41,101,97,0,9,5,65,36,106,5,43,53,101
2019,Modoc County,December,98,2,0,1,2,0,0,99,50,1,0,0,0,0,0,51,3,2,1,0,0,0,2,2,1,0,3,4
2019,Mono County,December,78,1,0,0,0,0,1,78,47,1,1,0,1,0,0,48,1,1,2,1,1,0,1,2,0,1,2,3
2019,Monterey County,December,1237,20,9,3,12,23,0,1234,309,3,1,0,1,1,10,301,32,35,4,12,10,24,13,47,3,10,23,36
2019,Napa County,December,611,21,24,26,18,42,6,616,1029,41,24,41,31,59,12,1033,71,66,106,102,18,101,49,168,67,48,62,177
2019,Nevada County,December,637,10,21,4,11,0,1,660,116,2,1,1,4,0,0,116,35,12,4,4,1,0,15,16,5,22,12,39
2019,Orange County,December,9021,566,108,129,431,152,72,9169,2290,58,5,0,222,17,0,2114,803,655,63,239,72,169,653,894,129,113,624,866
2019,Placer County,December,1741,73,1,0,12,9,24,1770,1409,32,2,0,14,8,9,1412,74,45,34,31,33,17,26,76,0,3,105,108
2019,Plumas County,December,56,1,4,1,2,5,2,53,104,5,2,1,4,2,2,104,6,9,8,8,4,7,6,17,2,6,6,14
2019,Riverside County,December,8031,310,129,15,250,209,0,8026,488,20,2,0,18,6,8,478,454,459,22,32,8,215,268,491,15,131,330,476
2019,Sacramento County,December,14603,211,0,0,215, , ,14599,3760,58,0,2,81,0,0,3739,211,215,60,81,0,0,296,296,2,0,269,271
2019,San Benito County,December,173,3,2,1,2,5,0,172,144,5,3,0,2,3,4,143,6,7,8,9,4,8,4,16,1,5,8,14
2019,San Bernardino County,December,11475,580,79,53,343,294,2,11548,83,1,0,2,17,1,0,68,712,639,3,18,2,295,360,657,55,79,581,715
2019,San Diego County,December,9042,244,83,0,136,198,0,9035,704,22,6,0,10,6,1,715,327,334,28,17,1,204,146,351,0,89,266,355
2019,San Francisco County,December,1683,49,72,11,57,12,105,1641,870,23,16,1,30,2,28,850,132,174,40,60,133,14,87,234,12,88,72,172
2019,San Joaquin County,December,2294,48,45,19,35,45,15,2311,1931,69,82,2,44,92,3,1945,112,95,153,139,18,137,79,234,21,127,117,265
2019,San Luis Obispo County,December,1151,39,27,8,24,28,4,1169,623,27,14,0,21,34,0,609,74,56,41,55,4,62,45,111,8,41,66,115
2019,San Mateo County,December,3107,78,22,0,37,28,17,3125,2825,103,9,0,39,25,15,2858,100,82,112,79,32,53,76,161,0,31,181,212
2019,Santa Barbara County,December,2101,65,31,0,20,47,19,2111,951,48,30,0,48,48,1,932,96,86,78,97,20,95,68,183,0,61,113,174
2019,Santa Clara County,December,5003,359,125,317,166,193,463,4982,1444,134,55,146,66,82,189,1442,801,822,335,337,652,275,232,1159,463,180,493,1136
2019,Santa Cruz County,December,1044,30,17,3,26,15,0,1053,333,6,1,8,14,12,0,322,50,41,15,26,0,27,40,67,11,18,36,65
2019,Shasta County,December,1391,38,14,0,52,14,0,1377,1,0,0,0,0,0,0,1,52,66,0,0,0,14,52,66,0,14,38,52
2019,Sierra County,December,31,0,0,0,0,0,0,31,8,0,0,0,0,0,0,8,0,0,0,0,0,0,0,0,0,0,0,0
2019,Siskiyou County,December,352,12,9,0,5,18,1,349,5,0,0,0,1,2,0,2,21,24,0,3,1,20,6,27,0,9,12,21
2019,Solano County,December,1430,32,8,0,9,17,0,1444,836,29,7,0,10,16,0,846,40,26,36,26,0,33,19,52,0,15,61,76
2019,Sonoma County,December,1294,56,57,0,62,62,1,1282,0,26,32,1,24,20,15,0,113,125,59,59,16,82,86,184,1,89,82,172
2019,Stanislaus County,December,3322,117,64,37,100,97,14,3329,732,19,41,0,30,20,8,734,218,211,60,58,22,117,130,269,37,105,136,278
2019,Sutter County,December,700,27,9,1,0,12,15,710,23,0,0,0,0,0,0,23,37,27,0,0,15,12,0,27,1,9,27,37
2019,Tehama County,December,984,17,8,0,0,1,8,1000,61,1,0,0,1,0,0,61,25,9,1,1,8,1,1,10,0,8,18,26
2019,Trinity County,December,67,2,2,0,0,1,2,68,10,0,0,0,0,1,1,8,4,3,0,2,3,2,0,5,0,2,2,4
2019,Tulare County,December,2387,49,27,1,62,38,0,2364,307,27,14,0,8,11,0,329,77,100,41,19,0,49,70,119,1,41,76,118
2019,Tuolumne County,December,553,16,17,7,4,7,10,572,150,1,2,5,0,0,1,157,40,21,8,1,11,7,4,22,12,19,17,48
2019,Ventura County,December,2102,51,2,0,57,0,0,2098,6465,86,6,0,103,76,0,6378,53,57,92,179,0,76,160,236,0,8,137,145
2019,Yolo County,December,1161,19,30,3,42,11,3,1157,321,6,0,0,4,0,0,323,52,56,6,4,3,11,46,60,3,30,25,58
2019,Yuba County,December,464,13,0,5,11,7,8,456,58,3,0,0,1,0,2,58,18,26,3,3,10,7,12,29,5,0,16,21
2020,Alameda County,January,6241,179,258,0,7,380,7,6284,97,1,0,0,1,0,0,97,437,394,1,1,7,380,8,395,0,258,180,438
2020,Alpine County,January,10,0,0,0,1,0,0,9,44,4,0,0,1,0,0,47,0,1,4,1,0,0,2,2,0,0,4,4
2020,Amador County,January,250,11,3,5,9,7,0,253,1024,13,2,12,22,11,0,1018,19,16,27,33,0,18,31,49,17,5,24,46
2020,Butte County,January,895,31,38,7,21,55,13,882,255,19,8,1,25,19,4,235,76,89,28,48,17,74,46,137,8,46,50,104
2020,Calaveras County,January,195,7,6,4,1,11,2,198,89,1,1,0,4,5,0,82,17,14,2,9,2,16,5,23,4,7,8,19
2020,Colusa County,January,82,1,2,1,0,1,5,80,20,0,1,1,0,0,0,22,4,6,2,0,5,1,0,6,2,3,1,6
2020,Contra Costa County,January,3836,117,2,7,73,5,29,3855,2,0,0,0,0,0,0,2,126,107,0,0,29,5,73,107,7,2,117,126
2020,Del Norte County,January,169,9,1,2,3,10,1,167,63,0,1,0,0,2,0,62,12,14,1,2,1,12,3,16,2,2,9,13
2020,El Dorado County,January,862,11,12,0,16,23,0,846,83,10,0,0,6,1,0,86,23,39,10,7,0,24,22,46,0,12,21,33
2020,Fresno County,January,4575,155,131,0,88,228,2,4607,3690,77,84,3,72,125,3,3890,286,318,164,200,5,353,160,518,3,215,232,450
2020,Glenn County,January,143,2,1,0,1,8,0,137,124,6,2,0,2,4,3,123,3,9,8,9,3,12,3,18,0,3,8,11
2020,Humboldt County,January,1044,39,0,1,25,13,8,1038,43,0,0,0,2,0,0,41,40,46,0,2,8,13,27,48,1,0,39,40
2020,Imperial County,January,1196,20,0,0,29,3,5,1179,46,2,0,0,1,0,0,47,20,37,2,1,5,3,30,38,0,0,22,22
2020,Inyo County,January,138,4,5,0,0,2,0,145,62,3,4,0,6,2,0,61,9,2,7,8,0,4,6,10,0,9,7,16
2020,Kern County,January,7706,211,25,16,191,24,14,7729,0, , , , , , ,0,252,229, , ,14,24,191,229,16,25,211,252
2020,Kings County,January,1568, , , , , , ,1568,2094, , , , , , ,2094, , , , , , , , , , , , 
2020,Lake County,January,560,10,5,0,9,0,2,564,81,0,0,1,2,0,0,80,15,11,1,2,2,0,11,13,1,5,10,16
2020,Lassen County,January,66,0,0,0,0,0,0,66,14,0,0,0,0,0,0,14,0,0,0,0,0,0,0,0,0,0,0,0
2020,Los Angeles County,January,35471,624,258,0,515,640,27,35171,560,6,0,0,1,0,1,564,882,1182,6,2,28,640,516,1184,0,258,630,888
2020,Madera County,January,2805,22,21,0,5,32,4,2807,639,43,30,0,4,60,1,647,43,41,73,65,5,92,9,106,0,51,65,116
2020,Marin County,January,1444,18,4,0,1,9,0,1456,846,16,4,0,5,11,0,850,22,10,20,16,0,20,6,26,0,8,34,42
2020,Mariposa County,January,99,4,2,1,3,4,3,96,111,9,1,0,7,4,1,109,7,10,10,12,4,8,10,22,1,3,13,17
2020,Mendocino County,January,682,21,0,0,15,0,2,686,137,8,0,0,8,0,0,137,21,17,8,8,2,0,23,25,0,0,29,29
2020,Merced County,January,1511,64,67,5,24,95,6,1522,44,0,2,1,2,0,1,44,136,125,3,3,7,95,26,128,6,69,64,139
2020,Modoc County,January,99,1,0,1,0,1,0,100,51,2,0,0,1,0,0,52,2,1,2,1,0,1,1,2,1,0,3,4
2020,Mono County,January,78,1,0,0,2,0,0,77,48,1,0,0,0,0,0,49,1,2,1,0,0,0,2,2,0,0,2,2
2020,Monterey County,January,1234,15,5,19,17,15,0,1241,301,2,0,2,2,3,0,300,39,32,4,5,0,18,19,37,21,5,17,43
2020,Napa County,January,616,23,24,11,11,33,10,620,1033,41,30,48,34,67,9,1042,58,54,119,110,19,100,45,164,59,54,64,177
2020,Nevada County,January,576,15,15,7,10,18,12,573,107,2,3,1,5,0,3,105,37,40,6,8,15,18,15,48,8,18,17,43
2020,Orange County,January,9169,630,165,171,465,227,131,9312,2114,35,12,2,225,23,0,1915,966,823,49,248,131,250,690,1071,173,177,665,1015
2020,Placer County,January,1765,64,5,0,30,4,46,1754,1424,44,2,0,24,6,21,1419,69,80,46,51,67,10,54,131,0,7,108,115
2020,Plumas County,January,53,2,3,1,1,5,3,50,104,6,2,0,6,8,4,94,6,9,8,18,7,13,7,27,1,5,8,14
2020,Riverside County,January,8026,400,160,0,227,259,5,8095,478,14,3,0,16,1,1,477,560,491,17,18,6,260,243,509,0,163,414,577
2020,Sacramento County,January,14599,274,0,0,296,0,0,14577,3739,75,0,22,112,0,0,3724,274,296,97,112,0,0,408,408,22,0,349,371
2020,San Benito County,January,172,4,0,1,3,3,1,170,143,9,0,0,1,6,3,142,5,7,9,10,4,9,4,17,1,0,13,14
2020,San Bernardino County,January,11399,659,70,59,422,315,3,11447,79,6,0,1,12,2,1,71,788,740,7,15,4,317,434,755,60,70,665,795
2020,San Diego County,January,9033,420,102,0,183,269,8,9095,705,28,2,0,27,18,1,689,522,460,30,46,9,287,210,506,0,104,448,552
2020,San Francisco County,January,1641,57,92,6,46,9,113,1628,850,35,11,1,29,0,30,838,155,168,47,59,143,9,75,227,7,103,92,202
2020,San Joaquin County,January,2311,65,50,26,66,49,15,2322,1945,84,68,2,91,69,8,1931,141,130,154,168,23,118,157,298,28,118,149,295
2020,San Luis Obispo County,January,1169,39,33,8,27,31,13,1178,609,28,12,0,7,31,9,602,80,71,40,47,22,62,34,118,8,45,67,120
2020,San Mateo County,January,3125,82,19,0,60,32,11,3123,2858,93,11,0,46,44,10,2862,101,103,104,100,21,76,106,203,0,30,175,205
2020,Santa Barbara County,January,2108,61,47,0,33,97,27,2059,934,67,37,0,69,67,7,895,108,157,104,143,34,164,102,300,0,84,128,212
2020,Santa Clara County,January,4982,445,201,364,185,210,597,5000,1442,143,62,131,76,88,180,1434,1010,992,336,344,777,298,261,1336,495,263,588,1346
2020,Santa Cruz County,January,1053,28,27,5,21,19,0,1073,322,8,1,0,18,4,1,308,60,40,9,23,1,23,39,63,5,28,36,69
2020,Shasta County,January,1377,61,16,0,45,16,0,1393,1,0,0,0,0,0,0,1,77,61,0,0,0,16,45,61,0,16,61,77
2020,Sierra County,January,31,0,0,1,0,2,0,30,11,0,0,0,0,0,0,11,1,2,0,0,0,2,0,2,1,0,0,1
2020,Siskiyou County,January,407,9,21,0,22,25,0,390,3,0,0,0,0,1,0,2,30,47,0,1,0,26,22,48,0,21,9,30
2020,Solano County,January,1533,33,0,0,18,2,8,1538,981,21,0,0,13,0,4,985,33,28,21,17,12,2,31,45,0,0,54,54
2020,Sonoma County,January,1282,60,66,1,55,56,6,1292,0,32,14,3,25,17,7,0,127,117,49,49,13,73,80,166,4,80,92,176
2020,Stanislaus County,January,3329,122,71,0,94,111,25,3292,734,27,40,19,41,38,1,740,193,230,86,80,26,149,135,310,19,111,149,279
2020,Sutter County,January,710,28,9,1,0,14,14,720,23,0,0,1,0,1,1,22,38,28,1,2,15,15,0,30,2,9,28,39
2020,Tehama County,January,1000,9,2,0,0,0,2,1009,61,1,0,0,0,0,0,62,11,2,1,0,2,0,0,2,0,2,10,12
2020,Trinity County,January,68,4,2,0,1,3,0,70,9,0,1,0,0,0,0,10,6,4,1,0,0,3,1,4,0,3,4,7
2020,Tulare County,January,2364,79,44,8,134,33,0,2328,329,43,31,0,71,21,0,311,131,167,74,92,0,54,205,259,8,75,122,205
2020,Tuolumne County,January,572,15,5,7,10,17,4,568,157,6,0,6,0,2,4,163,27,31,12,6,8,19,10,37,13,5,21,39
2020,Ventura County,January,2073,68,19,0,68,0,0,2092,6316,96,21,0,136,0,0,6297,87,68,117,136,0,0,204,204,0,40,164,204
2020,Yolo County,January,1148,40,33,0,85,22,0,1114,323,7,0,0,5,0,55,270,73,107,7,60,55,22,90,167,0,33,47,80
2020,Yuba County,January,456,11,0,0,9,11,3,444,58,0,0,0,2,1,0,55,11,23,0,3,3,12,11,26,0,0,11,11
2020,Alameda County,February,6151,6,257,16,9,279,5,6137,86,0,0,0,0,0,0,86,279,293,0,0,5,279,9,293,16,257,6,279
2020,Alpine County,February,9,1,0,0,1,1,0,8,47,2,0,0,1,0,0,48,1,2,2,1,0,1,2,3,0,0,3,3
2020,Amador County,February,253,7,2,6,12,5,0,251,1018,19,5,1,25,13,0,1005,15,17,25,38,0,18,37,55,7,7,26,40
2020,Butte County,February,878,26,39,11,9,42,5,898,251,15,18,3,23,23,2,239,76,56,36,48,7,65,32,104,14,57,41,112
2020,Calaveras County,February,198,6,13,1,6,17,2,193,82,0,3,0,4,7,0,73,20,25,3,11,2,24,10,36,1,16,6,23
2020,Colusa County,February,80,4,1,0,1,4,0,80,22,0,1,0,1,0,0,22,5,5,1,1,0,4,2,6,0,2,4,6
2020,Contra Costa County,February,3855,89,7,8,71,2,26,3860,2,0,0,0,0,0,0,2,104,99,0,0,26,2,71,99,8,7,89,104
2020,Del Norte County,February,167,8,9,1,6,9,1,169,62,1,2,0,1,1,0,63,18,16,3,2,1,10,7,18,1,11,9,21
2020,El Dorado County,February,887,8,11,0,19,16,0,871,89,1,1,0,6,2,0,83,19,35,2,8,0,18,25,43,0,12,9,21
2020,Fresno County,February,4607,182,106,0,102,185,0,4608,3890,111,73,4,66,95,4,3913,288,287,188,165,4,280,168,452,4,179,293,476
2020,Glenn County,February,137,2,2,2,1,1,2,139,123,6,1,1,1,1,4,125,6,4,8,6,6,2,2,10,3,3,8,14
2020,Humboldt County,February,1038,27,0,4,21,8,6,1034,41,0,0,0,1,0,1,39,31,35,0,2,7,8,22,37,4,0,27,31
2020,Imperial County,February,1179,11,5,0,31,8,4,1152,47,9,0,0,3,0,0,53,16,43,9,3,4,8,34,46,0,5,20,25
2020,Inyo County,February,144,3,3,0,1,7,1,141,56,2,3,0,4,3,0,54,6,9,5,7,1,10,5,16,0,6,5,11
2020,Kern County,February,7729,168,21,13,235,37,16,7643,0, , , , , , ,0,202,288, , ,16,37,235,288,13,21,168,202
2020,Kings County,February,1568, , , , , , ,1568,2099, , , , , , ,2099, , , , , , , , , , , , 
2020,Lake County,February,551,13,9,1,5,0,0,569,80,0,0,0,1,0,0,79,23,5,0,1,0,0,6,6,1,9,13,23
2020,Lassen County,February,60,0,0,0,0,0,0,60,13,0,0,0,0,0,0,13,0,0,0,0,0,0,0,0,0,0,0,0
2020,Los Angeles County,February,35418,504,209,0,449,647,17,35018,563,1,0,0,1,0,1,562,713,1113,1,2,18,647,450,1115,0,209,505,714
2020,Madera County,February,2807,18,20,0,15,22,1,2807,647,20,14,0,9,43,4,625,38,38,34,56,5,65,24,94,0,34,38,72
2020,Marin County,February,1456,16,4,0,18,7,0,1451,850,26,6,0,13,13,0,856,20,25,32,26,0,20,31,51,0,10,42,52
2020,Mariposa County,February,96,2,0,1,2,1,2,94,109,3,3,1,15,8,1,92,3,5,7,24,3,9,17,29,2,3,5,10
2020,Mendocino County,February,688,21,0,0,10,0,6,693,136,5,0,0,5,0,1,135,21,16,5,6,7,0,15,22,0,0,26,26
2020,Merced County,February,1523,47,58,7,20,78,14,1523,41,0,0,0,1,1,1,38,112,112,0,3,15,79,21,115,7,58,47,112
2020,Modoc County,February,100,2,0,0,1,0,0,101,52,4,0,0,1,0,0,55,2,1,4,1,0,0,2,2,0,0,6,6
2020,Mono County,February,77, , , , , , ,77,49, , , , , , ,49, , , , , , , , , , , , 
2020,Monterey County,February,1241,15,5,12,17,15,0,1241,300,2,3,0,2,3,0,300,32,32,5,5,0,18,19,37,12,8,17,37
2020,Napa County,February,620,16,18,19,24,34,2,613,1042,39,29,10,44,52,4,1020,53,60,78,100,6,86,68,160,29,47,55,131
2020,Nevada County,February,573,13,20,3,5,14,6,584,104,11,1,1,6,0,2,109,36,25,13,8,8,14,11,33,4,21,24,49
2020,Orange County,February,9312,618,160,125,377,174,105,9559,1915,94,15,0,211,22,1,1790,903,656,109,234,106,196,588,890,125,175,712,1012
2020,Placer County,February,1717,44,0,0,11,2,26,1722,1397,29,2,0,13,4,15,1396,44,39,31,32,41,6,24,71,0,2,73,75
2020,Plumas County,February,50,0,6,0,5,3,1,47,94,2,6,0,5,3,7,87,6,9,8,15,8,6,10,24,0,12,2,14
2020,Riverside County,February,8095,300,147,2,212,178,0,8154,477,16,3,4,102,3,0,395,449,390,23,105,0,181,314,495,6,150,316,472
2020,Sacramento County,February,14577,240,0,0,204,0,0,14613,3724,50,0,10,63,0,0,3721,240,204,60,63,0,0,267,267,10,0,290,300
2020,San Benito County,February,170,5,2,0,6,0,3,168,141,2,2,0,1,1,1,142,7,9,4,3,4,1,7,12,0,4,7,11
2020,San Bernardino County,February,11278,579,78,41,404,293,8,11271,79,12,0,1,15,5,0,72,698,705,13,20,8,298,419,725,42,78,591,711
2020,San Diego County,February,9095,335,76,0,151,200,5,9150,689,22,1,0,19,10,1,682,411,356,23,30,6,210,170,386,0,77,357,434
2020,San Francisco County,February,1628,36,83,9,33,7,93,1623,838,25,13,4,24,2,27,827,128,133,42,53,120,9,57,186,13,96,61,170
2020,San Joaquin County,February,2322,57,57,20,80,44,15,2317,1931,71,48,3,72,48,5,1928,134,139,122,125,20,92,152,264,23,105,128,256
2020,San Luis Obispo County,February,1178,32,23,9,12,23,6,1201,602,31,6,0,13,13,1,612,64,41,37,27,7,36,25,68,9,29,63,101
2020,San Mateo County,February,3123,53,15,0,52,20,6,3113,2862,63,7,0,30,31,14,2857,68,78,70,75,20,51,82,153,0,22,116,138
2020,Santa Barbara County,February,2051,58,68,0,22,32,7,2116,907,63,63,0,62,30,7,934,126,61,126,99,14,62,84,160,0,131,121,252
2020,Santa Clara County,February,5000,382,151,425,144,192,574,5048,1434,149,68,157,59,78,211,1460,958,910,374,348,785,270,203,1258,582,219,531,1332
2020,Santa Cruz County,February,1073,22,19,0,27,15,2,1070,308,8,2,5,14,8,0,301,41,44,15,22,2,23,41,66,5,21,30,56
2020,Shasta County,February,1393,31,19,0,40,19,0,1384,1,0,0,0,0,0,0,1,50,59,0,0,0,19,40,59,0,19,31,50
2020,Sierra County,February,30,0,0,0,0,0,4,26,11,0,0,0,0,0,2,9,0,4,0,2,6,0,0,6,0,0,0,0
2020,Siskiyou County,February,390,9,16,0,8,18,4,385,2,0,0,0,0,0,0,2,25,30,0,0,4,18,8,30,0,16,9,25
2020,Solano County,February,1541,27,0,0,9,3,6,1550,979,16,0,0,7,1,3,984,27,18,16,11,9,4,16,29,0,0,43,43
2020,Sonoma County,February,1292,58,47,0,54,49,0,1294,0,30,16,1,15,20,12,0,105,103,47,47,12,69,69,150,1,63,88,152
2020,Stanislaus County,February,3292,111,76,42,117,70,13,3321,740,21,39,0,37,22,8,733,229,200,60,67,21,92,154,267,42,115,132,289
2020,Sutter County,February,720,17,11,1,0,19,10,720,22,0,0,0,1,0,0,21,29,29,0,1,10,19,1,30,1,11,17,29
2020,Tehama County,February,1009,10,1,0,1,0,2,1017,62,0,0,0,0,0,0,62,11,3,0,0,2,0,1,3,0,1,10,11
2020,Trinity County,February,70,0,2,0,1,4,1,66,10,1,0,0,0,0, ,11,2,6,1,0,1,4,1,6,0,2,1,3
2020,Tulare County,February,2328,37,44,2,62,44,0,2305,311,13,32,0,12,11,0,333,83,106,45,23,0,55,74,129,2,76,50,128
2020,Tuolumne County,February,568,11,8,5,3,19,3,567,163,6,0,7,0,6,3,167,24,25,13,9,6,25,3,34,12,8,17,37
2020,Ventura County,February,2060,43,11,0,53,0,0,2061,6182,104,5,0,87,0,0,6204,54,53,109,87,0,0,140,140,0,16,147,163
2020,Yolo County,February,1117,36,25,0,63,12,0,1103,270,6,0,0,10,0,0,266,61,75,6,10,0,12,73,85,0,25,42,67
2020,Yuba County,February,444,12,0,1,7,2,5,443,55, ,0,2,1,0,0,56,13,14,2,1,5,2,8,15,3,0,12,15
2020,Alameda County,March,6303,4,179,17,6,169,3,6325,87,0,2,1,0,0,0,90,200,178,3,0,3,169,6,178,18,181,4,203
2020,Alpine County,March,8,1,0,0,0,0,0,9,48,2,0,0,0,0,0,50,1,0,2,0,0,0,0,0,0,0,3,3
2020,Amador County,March,251,7,3,0,11,7,1,242,1005,13,0,49,27,8,0,1032,10,19,62,35,1,15,38,54,49,3,20,72
2020,Butte County,March,891,14,18,2,6,34,1,884,251,6,13,0,19,20,2,229,34,41,19,41,3,54,25,82,2,31,20,53
2020,Calaveras County,March,193,4,12,0,3,10,3,193,73,1,2,0,2,0,0,74,16,16,3,2,3,10,5,18,0,14,5,19
2020,Colusa County,March,80, , , , , , ,80,22, , , , , , ,22, , , , , , , , , , , , 
2020,Contra Costa County,March,3860,71,3,3,15,0,7,3915,2,0,0,0,0,0,0,2,77,22,0,0,7,0,15,22,3,3,71,77
2020,Del Norte County,March,169,11,8,0,3,11,1,173,63,2,0,1,1,0,0,65,19,15,3,1,1,11,4,16,1,8,13,22
2020,El Dorado County,March,841,13,23,0,27,16,0,834,87,5,1,0,5,2,0,86,36,43,6,7,0,18,32,50,0,24,18,42
2020,Fresno County,March,4608,144,91,0,83,139,2,4619,3913,87,37,2,43,69,2,3925,235,224,126,114,4,208,126,338,2,128,231,361
2020,Glenn County,March,139,12,4,3,4,3,4,147,125,4,0,4,4,6,3,120,19,11,8,13,7,9,8,24,7,4,16,27
2020,Humboldt County,March,1034,36,0,0,23,8,5,1034,39,1,0,0,3,0,1,36,36,36,1,4,6,8,26,40,0,0,37,37
2020,Imperial County,March,1152,23,4,0,30,9,8,1132,53,4,0,0,0,0,0,57,27,47,4,0,8,9,30,47,0,4,27,31
2020,Inyo County,March,135,4,5,0,1,3,1,139,55,2,3,0,7,4,0,49,9,5,5,11,1,7,8,16,0,8,6,14
2020,Kern County,March,7643,219,26,17,186,31,16,7672,0, , , , , , ,0,262,233, , ,16,31,186,233,17,26,219,262
2020,Kings County,March,1972,24,5,2,18,20,10,1955,1917,30,10,0,9,18,0,1930,31,48,40,27,10,38,27,75,2,15,54,71
2020,Lake County,March,554,7,4,0,9,0,0,556,73,0,0,0,3,0,0,70,11,9,0,3,0,0,12,12,0,4,7,11
2020,Lassen County,March,99, , , , , , ,99,34, , , , , , ,34, , , , , , , , , , , , 
2020,Los Angeles County,March,35100,417,207,0,412,443,13,34856,548,2,0,0,2,3,0,545,624,868,2,5,13,446,414,873,0,207,419,626
2020,Madera County,March,2807,14,25,0,2,10,6,2828,625,34,13,0,2,21,6,643,39,18,47,29,12,31,4,47,0,38,48,86
2020,Marin County,March,1451,22,6,0,14,3,0,1462,856,35,9,0,15,8,0,877,28,17,44,23,0,11,29,40,0,15,57,72
2020,Mariposa County,March,94,3,1,2,1,0,2,97,92,4,4,0,3,1,1,95,6,3,8,5,3,1,4,8,2,5,7,14
2020,Mendocino County,March,692,13,0,0,17,0,5,683,134,2,0,0,7,0,0,129,13,22,2,7,5,0,24,29,0,0,15,15
2020,Merced County,March,1524,39,52,3,35,65,7,1511,38,0,1,0,0,1,0,38,94,107,1,1,7,66,35,108,3,53,39,95
2020,Modoc County,March,101,5,0,1,1,2,0,104,55,2,0,0,0,0,0,57,6,3,2,0,0,2,1,3,1,0,7,8
2020,Mono County,March,77, , , , , , ,77,49, , , , , , ,49, , , , , , , , , , , , 
2020,Monterey County,March,1241,26,13,21,20,13,0,1268,300,2,1,0,5,1,47,250,60,33,3,53,47,14,25,86,21,14,28,63
2020,Napa County,March,613,20,22,0,11,15,7,622,1020,21,21,19,18,43,4,1016,42,33,61,65,11,58,29,98,19,43,41,103
2020,Nevada County,March,584,7,12,0,7,10,2,584,109,7,0,0,6,0,0,110,19,19,7,6,2,10,13,25,0,12,14,26
2020,Orange County,March,9559,664,98,98,361,166,111,9781,1790,74,8,1,154,11,3,1705,860,638,83,168,114,177,515,806,99,106,738,943
2020,Placer County,March,1709,54,0,0,24,5,17,1717,1402,46,1,0,23,6,9,1411,54,46,47,38,26,11,47,84,0,1,100,101
2020,Plumas County,March,47,7,1,2,6,3,1,47,87,2,2,0,1,2,3,85,10,10,4,6,4,5,7,16,2,3,9,14
2020,Riverside County,March,8154,221,144,10,278,209,0,8042,395,21,7,0,116,5,0,302,375,487,28,121,0,214,394,608,10,151,242,403
2020,Sacramento County,March,14613,134,0,0,175,0,0,14572,3721,23,0,10,62,0,0,3692,134,175,33,62,0,0,237,237,10,0,157,167
2020,San Benito County,March,168,7,0,1,2,2,3,169,142,4,1,1,5,7,2,134,8,7,6,14,5,9,7,21,2,1,11,14
2020,San Bernardino County,March,11271,528,55,28,303,222,1,11356,72,2,0,1,5,2,0,68,611,526,3,7,1,224,308,533,29,55,530,614
2020,San Diego County,March,9150,166,72,0,165,111,7,9105,682,8,2,0,13,3,3,673,238,283,10,19,10,114,178,302,0,74,174,248
2020,San Francisco County,March,1623,41,77,8,41,11,43,1654,827,22,22,0,24,3,12,832,126,95,44,39,55,14,65,134,8,99,63,170
2020,San Joaquin County,March,2317,51,43,38,61,44,16,2328,1928,55,58,3,70,94,2,1878,132,121,116,166,18,138,131,287,41,101,106,248
2020,San Luis Obispo County,March,1201,43,20,1,20,18,5,1222,612,25,2,0,16,12,0,611,64,43,27,28,5,30,36,71,1,22,68,91
2020,San Mateo County,March,3113,26,10,0,21,17,3,3108,2857,35,6,0,8,7,12,2871,36,41,41,27,15,24,29,68,0,16,61,77
2020,Santa Barbara County,March,2089,50,59,0,22,72,6,2098,906,38,37,0,48,62,1,870,109,100,75,111,7,134,70,211,0,96,88,184
2020,Santa Clara County,March,5048,342,127,382,175,184,542,4998,1460,120,42,135,71,69,203,1414,851,901,297,343,745,253,246,1244,517,169,462,1148
2020,Santa Cruz County,March,1070,11,17,0,19,4,13,1062,301,4,2,2,6,5,0,298,28,36,8,11,13,9,25,47,2,19,15,36
2020,Shasta County,March,1384,42,6,0,46,6,0,1380,1,0,0,0,0,0,0,1,48,52,0,0,0,6,46,52,0,6,42,48
2020,Sierra County,March,26,0,0,0,0,1,0,25,9,0,0,0,0,0,0,9,0,1,0,0,0,1,0,1,0,0,0,0
2020,Siskiyou County,March,385,9,17,0,10,21,4,376,2,0,0,0,0,0,0,2,26,35,0,0,4,21,10,35,0,17,9,26
2020,Solano County,March,1551,23,0,0,27,1,2,1544,973,13,0,0,14,0,3,969,23,30,13,17,5,1,41,47,0,0,36,36
2020,Sonoma County,March,1294,46,42,2,42,48,1,1293,0,17,14,2,14,10,6,3,90,91,33,30,7,58,56,121,4,56,63,123
2020,Stanislaus County,March,3321,91,57,20,103,51,10,3325,733,13,23,0,31,17,9,712,168,164,36,57,19,68,134,221,20,80,104,204
2020,Sutter County,March,720,22,10,2,0,14,10,730,21,0,0,0,0,0,0,21,34,24,0,0,10,14,0,24,2,10,22,34
2020,Tehama County,March,1017,10,0,0,1,0,8,1018,62,0,0,0,0,0,1,61,10,9,0,1,9,0,1,10,0,0,10,10
2020,Trinity County,March,66,1,2,0,2,1, ,66,11,0,0,0,1,0,0,10,3,3,0,1,0,1,3,4,0,2,1,3
2020,Tulare County,March,2305,29,34,5,81,35,0,2257,333,6,32,0,20,23,0,328,68,116,38,43,0,58,101,159,5,66,35,106
2020,Tuolumne County,March,567,12,11,5,7,13,2,573,167,1,0,2,1,0,4,165,28,22,3,5,6,13,8,27,7,11,13,31
2020,Ventura County,March,2067,57,11,0,43,0,0,2092,6241,51,46,0,86,0,0,6252,68,43,97,86,0,0,129,129,0,57,108,165
2020,Yolo County,March,1103,22,23,0,53,5,0,1090,270,3,0,0,12,0,0,261,45,58,3,12,0,5,65,70,0,23,25,48
2020,Yuba County,March,443,5,6,3,9,6,0,442,56,0,0,0,2,0,0,54,14,15,0,2,0,6,11,17,3,6,5,14
2020,Alameda County,April,6226,30,54,12,4,50,6,6262,86,0,0,2,0,0,0,88,96,60,2,0,6,50,4,60,14,54,30,98
2020,Alpine County,April,9,0,0,0,1,0,0,8,50,0,0,0,0,0,0,50,0,1,0,0,0,0,1,1,0,0,0,0
2020,Amador County,April,242,4,0,0,9,0,4,233,1032,1,0,6,19,5,0,1015,4,13,7,24,4,5,28,37,6,0,5,11
2020,Butte County,April,857,17,22,1,11,16,5,865,243,10,5,0,7,5,1,245,40,32,15,13,6,21,18,45,1,27,27,55
2020,Calaveras County,April,193,3,1,0,3,3,3,188,74,0,2,0,3,2,1,70,4,9,2,6,4,5,6,15,0,3,3,6
2020,Colusa County,April,82,0,2,0,2,0,0,82,22,0,0,0,0,0,0,22,2,2,0,0,0,0,2,2,0,2,0,2
2020,Contra Costa County,April,3915,52,2,1,27,2,15,3926,2,0,0,0,0,0,0,2,55,44,0,0,15,2,27,44,1,2,52,55
2020,Del Norte County,April,173,10,1,1,4,6,1,174,65,0,0,0,1,4,0,60,12,11,0,5,1,10,5,16,1,1,10,12
2020,El Dorado County,April,845,16,4,0,52,14,0,799,89,1,0,0,8,0,0,82,20,66,1,8,0,14,60,74,0,4,17,21
2020,Fresno County,April,4619,21,26,0,87,39,2,4538,3925,14,28,1,53,22,1,3892,47,128,43,76,3,61,140,204,1,54,35,90
2020,Glenn County,April,147,5,3,1,1,1,1,153,116,6,1,1,2,1,5,116,9,3,8,8,6,2,3,11,2,4,11,17
2020,Humboldt County,April,1034,33,0,2,12,2,3,1052,36,0,0,0,1,0,1,34,35,17,0,2,4,2,13,19,2,0,33,35
2020,Imperial County,April,1132,23,1,0,23,14,8,1111,57,1,0,0,1,0,1,56,24,45,1,2,9,14,24,47,0,1,24,25
2020,Inyo County,April,144,4,0,0,3,1,0,144,73,2,0,1,4,1,0,71,4,4,3,5,0,2,7,9,1,0,6,7
2020,Kern County,April,7672,178,21,14,159,24,18,7684,0, , , , , , ,0,213,201, , ,18,24,159,201,14,21,178,213
2020,Kings County,April,1955,21,3,8,19,10,11,1947,1930,8,2,0,18,14,1,1907,32,40,10,33,12,24,37,73,8,5,29,42
2020,Lake County,April,551,2,3,0,4,0,1,551,91,0,0,0,0,0,0,91,5,5,0,0,1,0,4,5,0,3,2,5
2020,Lassen County,April,76,4,1,0,0,0,0,81,29,1,0,0,2,1,0,27,5,0,1,3,0,1,2,3,0,1,5,6
2020,Los Angeles County,April,35626,222,96,0,318,126,4,35496,585,5,0,0,1,0,0,589,318,448,5,1,4,126,319,449,0,96,227,323
2020,Madera County,April,2829,5,7,0,31,32,1,2777,643,8,13,0,9,28,0,627,12,64,21,37,1,60,40,101,0,20,13,33
2020,Marin County,April,1462,3,1,0,5,6,0,1455,877,2,1,0,1,5,0,874,4,11,3,6,0,11,6,17,0,2,5,7
2020,Mariposa County,April,97,0,0,0,1,0,4,92,95,0,0,0,2,1,5,87,0,5,0,8,9,1,3,13,0,0,0,0
2020,Mendocino County,April,686,12,0,0,7,0,10,681,130,2,0,0,3,0,0,129,12,17,2,3,10,0,10,20,0,0,14,14
2020,Merced County,April,1498,12,15,1,29,11,5,1481,38,0,0,0,1,0,0,37,28,45,0,1,5,11,30,46,1,15,12,28
2020,Modoc County,April,104,7,0,2,3,0,0,110,57,0,0,0,0,0,0,57,9,3,0,0,0,0,3,3,2,0,7,9
2020,Mono County,April,71,0,0,0,0,0,0,71,48,0,0,0,1,0,0,47,0,0,0,1,0,0,1,1,0,0,0,0
2020,Monterey County,April,1268,14,15,10,17,1,0,1289,250,0,1,12,6,0,0,257,39,18,13,6,0,1,23,24,22,16,14,52
2020,Napa County,April,622,17,7,3,15,7,1,626,1016,1,6,0,14,2,13,994,27,23,7,29,14,9,29,52,3,13,18,34
2020,Nevada County,April,584,15,4,0,25,2,4,572,110,1,0,0,0,0,0,111,19,31,1,0,4,2,25,31,0,4,16,20
2020,Orange County,April,9781,344,137,33,374,28,56,9837,1705,8,3,1,64,1,1,1651,514,458,12,66,57,29,438,524,34,140,352,526
2020,Placer County,April,1679,27,0,0,14,4,2,1686,1375,15,2,0,15,1,0,1376,27,20,17,16,2,5,29,36,0,2,42,44
2020,Plumas County,April,89,1,0,2,0,0,0,92,68,0,0,0,0,0,2,66,3,0,0,2,2,0,0,2,2,0,1,3
2020,Riverside County,April,8042,52,53,14,238,67,0,7856,302,13,1,2,10,1,0,307,119,305,16,11,0,68,248,316,16,54,65,135
2020,Sacramento County,April,14572,47,0,0,200,0,0,14419,3692,10,0,1,62,0,0,3641,47,200,11,62,0,0,262,262,1,0,57,58
2020,San Benito County,April,169,3,0,0,3,1,2,166,134,0,0,0,4,1,1,128,3,6,0,6,3,2,7,12,0,0,3,3
2020,San Bernardino County,April,11312,370,4,3,236,8,1,11444,67,1,0,1,0,0,0,69,377,245,2,0,1,8,236,245,4,4,371,379
2020,San Diego County,April,9105,5,1,0,136,2,8,8965,673,0,1,0,12,0,1,661,6,146,1,13,9,2,148,159,0,2,5,7
2020,San Francisco County,April,1654,34,39,9,47,1,25,1663,832,7,7,1,19,0,9,819,82,73,15,28,34,1,66,101,10,46,41,97
2020,San Joaquin County,April,2307,15,25,1,43,26,4,2275,1856,20,41,0,45,38,1,1833,41,73,61,84,5,64,88,157,1,66,35,102
2020,San Luis Obispo County,April,1222,34,10,13,34,2,9,1234,611,5,1,0,16,1,6,594,57,45,6,23,15,3,50,68,13,11,39,63
2020,San Mateo County,April,3108,17,6,0,19,2,14,3096,2871,2,0,0,4,0,0,2869,23,35,2,4,14,2,23,39,0,6,19,25
2020,Santa Barbara County,April,2076,13,61,0,30,30,4,2086,888,17,41,0,13,18,0,915,74,64,58,31,4,48,43,95,0,102,30,132
2020,Santa Clara County,April,4998,344,85,356,100,31,549,5103,1414,80,16,59,24,17,120,1408,785,680,155,161,669,48,124,841,415,101,424,940
2020,Santa Cruz County,April,1062,7,3,14,23,3,0,1060,298,1,0,0,6,0,3,290,24,26,1,9,3,3,29,35,14,3,8,25
2020,Shasta County,April,1380,44,7,0,51,7,0,1373,1,0,0,0,0,0,0,1,51,58,0,0,0,7,51,58,0,7,44,51
2020,Sierra County,April,25,0,0,0,1,0,0,24,9,0,0,0,1,0,0,8,0,1,0,1,0,0,2,2,0,0,0,0
2020,Siskiyou County,April,376,11,2,0,5,15,4,365,2,0,0,0,0,0,0,2,13,24,0,0,4,15,5,24,0,2,11,13
2020,Solano County,April,1523,7,0,0,23,7,2,1498,961,5,0,0,14,0,2,950,7,32,5,16,4,7,37,48,0,0,12,12
2020,Sonoma County,April,1293,23,29,0,44,28,1,1272,3,5,4,0,8,4,0,0,52,73,9,12,1,32,52,85,0,33,28,61
2020,Stanislaus County,April,3325,74,21,35,102,8,2,3343,712,0,1,8,42,0,0,679,130,112,9,42,2,8,144,154,43,22,74,139
2020,Sutter County,April,730,10,4,1,0,6,24,715,21,0,0,0,0,0,1,20,15,30,0,1,25,6,0,31,1,4,10,15
2020,Tehama County,April,1018,6,2,0,0,0,4,1022,61,0,0,0,0,0,1,60,8,4,0,1,5,0,0,5,0,2,6,8
2020,Trinity County,April,66,1,1,0,2,3,2,61,10,0,0,0,0,0,0,10,2,7,0,0,2,3,2,7,0,1,1,2
2020,Tulare County,April,2257,7,7,0,79,11,0,2181,328,6,3,0,24,5,0,308,14,90,9,29,0,16,103,119,0,10,13,23
2020,Tuolumne County,April,573,6,12,3,16,14,4,560,165,2,0,4,2,6,0,163,21,34,6,8,4,20,18,42,7,12,8,27
2020,Ventura County,April,2080,33,26,0,31,0,0,2108,6180,9,75,0,62,0,0,6202,59,31,84,62,0,0,93,93,0,101,42,143
2020,Yolo County,April,1090,11,5,0,16,0,0,1090,261,1,0,0,10,0,0,252,16,16,1,10,0,0,26,26,0,5,12,17
2020,Yuba County,April,442,3,0,0,7,3,0,435,54,0,0,0,0,0,0,54,3,10,0,0,0,3,7,10,0,0,3,3
2020,Alameda County,May,6123,2,43,2,22,56,6,6086,81,0,0,1,0,0,0,82,47,84,1,0,6,56,22,84,3,43,2,48
2020,Alpine County,May,8,0,0,0,1,1,0,6,50,5,0,0,4,0,1,50,0,2,5,5,1,1,5,7,0,0,5,5
2020,Amador County,May,233,3,0,0,0,1,1,234,1015,3,0,6,23,0,0,1001,3,2,9,23,1,1,23,25,6,0,6,12
2020,Butte County,May,870,8,10,2,4,8,7,871,252,9,4,0,15,6,1,243,20,19,13,22,8,14,19,41,2,14,17,33
2020,Calaveras County,May,188,7,1,3,1,4,4,190,70,2,0,1,1,4,1,67,11,9,3,6,5,8,2,15,4,1,9,14
2020,Colusa County,May,82,3,1,0,2,2,3,79,22,1,0,0,1,0,0,22,4,7,1,1,3,2,3,8,0,1,4,5
2020,Contra Costa County,May,3926,77,3,5,75,0,28,3908,2,0,0,0,0,0,0,2,85,103,0,0,28,0,75,103,5,3,77,85
2020,Del Norte County,May,174,5,1,0,5,3,0,172,60,1,0,0,4,1,0,56,6,8,1,5,0,4,9,13,0,1,6,7
2020,El Dorado County,May,822,5,1,0,17,12,0,799,82,1,0,0,2,2,0,79,6,29,1,4,0,14,19,33,0,1,6,7
2020,Fresno County,May,4538,40,34,0,72,25,0,4515,3892,12,22,0,12,3,0,3911,74,97,34,15,0,28,84,112,0,56,52,108
2020,Glenn County,May,153,11,2,0,6,3,1,156,116,12,1,0,7,0,0,122,13,10,13,7,1,3,13,17,0,3,23,26
2020,Humboldt County,May,1052,8,0,0,23,6,5,1026,34,0,0,0,3,0,1,30,8,34,0,4,6,6,26,38,0,0,8,8
2020,Imperial County,May,1111,7,1,0,25,3,7,1084,56,1,0,0,1,0,0,56,8,35,1,1,7,3,26,36,0,1,8,9
2020,Inyo County,May,140,0,1,0,1,0,1,139,49,0,0,0,1,0,1,47,1,2,0,2,2,0,2,4,0,1,0,1
2020,Kern County,May,7684,33,4,2,31,5,3,7684,0, , , , , , ,0,39,39, , ,3,5,31,39,2,4,33,39
2020,Kings County,May,1947,15,6,3,34,5,9,1923,1907,9,3,0,24,24,306,1565,24,48,12,354,315,29,58,402,3,9,24,36
2020,Lake County,May,548,2,0,0,13,0,0,537,68,0,0,0,6,0,0,62,2,13,0,6,0,0,19,19,0,0,2,2
2020,Lassen County,May,81,4,0,0,1,1,0,83,27,0,0,0,0,2,0,25,4,2,0,2,0,3,1,4,0,0,4,4
2020,Los Angeles County,May,35605,118,58,0,289,161,7,35324,571,1,0,0,1,0,0,571,176,457,1,1,7,161,290,458,0,58,119,177
2020,Madera County,May,2777,30,7,0,16,8,4,2786,627,21,7,0,9,5,3,638,37,28,28,17,7,13,25,45,0,14,51,65
2020,Marin County,May,1455,15,4,0,10,3,0,1461,874,6,2,0,9,1,0,872,19,13,8,10,0,4,19,23,0,6,21,27
2020,Mariposa County,May,92,0,0,0,1,2,1,88,87,0,0,0,14,6,0,67,0,4,0,20,1,8,15,24,0,0,0,0
2020,Mendocino County,May,683,7,0,0,12,0,1,677,128,2,0,0,3,0,0,127,7,13,2,3,1,0,15,16,0,0,9,9
2020,Merced County,May,1475,14,16,5,34,36,13,1427,37,0,0,0,1,0,0,36,35,83,0,1,13,36,35,84,5,16,14,35
2020,Modoc County,May,101,6,0,0,2,1,1,103,56,1,0,0,0,0,0,57,6,4,1,0,1,1,2,4,0,0,7,7
2020,Mono County,May,71,0,0,0,1,0,2,68,47,0,0,0,0,0,0,47,0,3,0,0,2,0,1,3,0,0,0,0
2020,Monterey County,May,1289,10,4,0,22,19,8,1254,257,1,0,0,1,0,9,248,14,49,1,10,17,19,23,59,0,4,11,15
2020,Napa County,May,626,2,2,19,8,16,0,625,994,0,2,13,12,12,0,985,23,24,15,24,0,28,20,48,32,4,2,38
2020,Nevada County,May,572,7,3,3,10,7,3,565,111,2,0,0,2,0,2,109,13,20,2,4,5,7,12,24,3,3,9,15
2020,Orange County,May,9837,149,35,24,94,51,35,9865,1651,1,1,0,7,8,0,1638,208,180,2,15,35,59,101,195,24,36,150,210
2020,Placer County,May,1681,25,1,0,11,5,30,1661,1357,10,0,0,17,3,8,1339,26,46,10,28,38,8,28,74,0,1,35,36
2020,Plumas County,May,92,1,1,0,1,0,1,92,66,1,1,0,1,0,4,63,2,2,2,5,5,0,2,7,0,2,2,4
2020,Riverside County,May,7856,84,49,5,175,39,0,7780,307,3,0,0,12,1,0,297,138,214,3,13,0,40,187,227,5,49,87,141
2020,Sacramento County,May,14419,124,0,0,262,0,0,14281,3637,30,0,3,47,0,0,3623,124,262,33,47,0,0,309,309,3,0,154,157
2020,San Benito County,May,166,3,0,8,4,3,3,167,128,0,0,0,2,0,10,116,11,10,0,12,13,3,6,22,8,0,3,11
2020,San Bernardino County,May,11175,283,97,19,300,33,2,11239,119,1,0,0,0,0,0,120,399,335,1,0,2,33,300,335,19,97,284,400
2020,San Diego County,May,8965,34,28,0,157,14,10,8846,661,2,0,0,10,0,0,653,62,181,2,10,10,14,167,191,0,28,36,64
2020,San Francisco County,May,1663,33,26,17,38,2,45,1654,819,0,2,5,17,0,9,800,76,85,7,26,54,2,55,111,22,28,33,83
2020,San Joaquin County,May,2275,26,12,10,46,15,8,2254,1833,33,31,0,34,7,2,1854,48,69,64,43,10,22,80,112,10,43,59,112
2020,San Luis Obispo County,May,1234,22,14,10,23,46,13,1198,594,7,4,0,12,26,5,562,46,82,11,43,18,72,35,125,10,18,29,57
2020,San Mateo County,May,3096,28,1,9,20,4,0,3110,2869,7,1,2,19,3,0,2857,38,24,10,22,0,7,39,46,11,2,35,48
2020,Santa Barbara County,May,2065,20,19,0,14,7,2,2081,894,17,13,0,18,5,2,899,39,23,30,25,4,12,32,48,0,32,37,69
2020,Santa Clara County,May,5103,175,87,213,113,31,323,5111,1408,35,12,43,18,9,53,1418,475,467,90,80,376,40,131,547,256,99,210,565
2020,Santa Cruz County,May,1060,8,8,7,16,12,0,1055,290,2,0,0,8,2,3,279,23,28,2,13,3,14,24,41,7,8,10,25
2020,Shasta County,May,1373,23,7,0,49,7,0,1347,1,0,0,0,0,0,0,1,30,56,0,0,0,7,49,56,0,7,23,30
2020,Sierra County,May,24,0,0,0,0,0,0,24,8,0,0,0,0,0,0,8,0,0,0,0,0,0,0,0,0,0,0,0
2020,Siskiyou County,May,365,2,3,0,9,19,3,339,2,0,0,0,0,0,0,2,5,31,0,0,3,19,9,31,0,3,2,5
2020,Solano County,May,1486,3,0,0,16,0,5,1468,943,2,0,0,5,0,4,936,3,21,2,9,9,0,21,30,0,0,5,5
2020,Sonoma County,May,1272,9,15,0,59,38,0,1199,0,4,3,0,3,3,1,0,24,97,7,7,1,41,62,104,0,18,13,31
2020,Stanislaus County,May,3343,68,7,0,76,5,12,3325,679,4,0,8,34,0,1,656,75,93,12,35,13,5,110,128,8,7,72,87
2020,Sutter County,May,775,7,1,1,0,6,28,750,20,1,0,0,0,0,0,21,9,34,1,0,28,6,0,34,1,1,8,10
2020,Tehama County,May,1022,4,0,0,0,0,8,1018,60,1,0,0,0,0,0,61,4,8,1,0,8,0,0,8,0,0,5,5
2020,Trinity County,May,61,2,1,2,2,2,1,61,10,0,0,0,3,1,0,6,5,5,0,4,1,3,5,9,2,1,2,5
2020,Tulare County,May,2181,15,4,4,78,25,0,2101,308,1,4,1,9,5,0,300,23,103,6,14,0,30,87,117,5,8,16,29
2020,Tuolumne County,May,563,6,1,4,4,15,6,549,163,1,0,0,0,0,3,161,11,25,1,3,9,15,4,28,4,1,7,12
2020,Ventura County,May,2100,9,23,0,32,0,0,2100,6154,18,41,0,58,0,0,6155,32,32,59,58,0,0,90,90,0,64,27,91
2020,Yolo County,May,1090,12,4,4,37,2,0,1071,252,0,0,0,2,0,0,250,20,39,0,2,0,2,39,41,4,4,12,20
2020,Yuba County,May,435,14,0,0,12,6,2,429,54,0,0,2,0,0,0,56,14,20,2,0,2,6,12,20,2,0,14,16
2020,Alameda County,June,5951,4,71,1,14,165,4,5844,81,0,0,0,1,0,0,80,76,183,0,1,4,165,15,184,1,71,4,76
2020,Alpine County,June,6,1,0,0,1,0,0,6,51,4,0,0,0,1,0,54,1,1,4,1,0,1,1,2,0,0,5,5
2020,Amador County,June,234,8,0,0,4,2,0,236,1001,15,2,5,24,8,0,991,8,6,22,32,0,10,28,38,5,2,23,30
2020,Butte County,June,871,12,14,5,30,57,4,811,247,4,7,3,16,12,2,231,31,91,14,30,6,69,46,121,8,21,16,45
2020,Calaveras County,June,190,8,2,1,0,7,3,191,67,3,4,0,1,1,0,72,11,10,7,2,3,8,1,12,1,6,11,18
2020,Colusa County,June,79,1,1,1,1,3,6,72,22,0,0,0,0,0,0,22,3,10,0,0,6,3,1,10,1,1,1,3
2020,Contra Costa County,June,3908,89,7,2,46,4,38,3918,2,0,0,0,0,0,0,2,98,88,0,0,38,4,46,88,2,7,89,98
2020,Del Norte County,June,167,3,3,3,10,18,0,148,56,1,0,0,2,3,0,52,9,28,1,5,0,21,12,33,3,3,4,10
2020,El Dorado County,June,822,16,11,0,34,12,0,803,81,3,3,0,5,2,0,80,27,46,6,7,0,14,39,53,0,14,19,33
2020,Fresno County,June,4515,121,33,0,99,58,0,4512,3911,36,8,1,23,23,1,3909,154,157,45,47,1,81,122,204,1,41,157,199
2020,Glenn County,June,156,5,1,1,9,2,2,150,122,3,2,0,5,5,1,116,7,13,5,11,3,7,14,24,1,3,8,12
2020,Humboldt County,June,1026,18,0,3,31,1,9,1006,30,0,0,0,5,0,1,24,21,41,0,6,10,1,36,47,3,0,18,21
2020,Imperial County,June,1084,19,0,0,41,2,6,1054,56,2,0,0,1,0,0,57,19,49,2,1,6,2,42,50,0,0,21,21
2020,Inyo County,June,140,0,2,0,2,6,0,134,46,2,1,0,2,2,0,45,2,8,3,4,0,8,4,12,0,3,2,5
2020,Kern County,June,7672,284,34,23,303,50,34,7569,0, , , , , , ,0,341,387, , ,34,50,303,387,23,34,284,341
2020,Kings County,June,1923,12,2,7,28,9,126,1781,1563,10,0,0,22,13,359,1179,21,163,10,394,485,22,50,557,7,2,22,31
2020,Lake County,June,537,4,1,1,5,0,2,536,63,0,0,0,0,0,0,63,6,7,0,0,2,0,5,7,1,1,4,6
2020,Lassen County,June,83,4,0,0,0,1,0,86,25,0,0,0,0,0,0,25,4,1,0,0,0,1,0,1,0,0,4,4
2020,Los Angeles County,June,35114,264,68,0,376,224,8,34838,563,1,0,0,2,0,0,562,332,608,1,2,8,224,378,610,0,68,265,333
2020,Madera County,June,2786,0,6,0,11,31,3,2747,638,3,0,0,9,26,3,603,6,45,3,38,6,57,20,83,0,6,3,9
2020,Marin County,June,1461,13,3,0,4,1,0,1472,872,19,5,0,7,3,0,886,16,5,24,10,0,4,11,15,0,8,32,40
2020,Mariposa County,June,88,1,1,0,0,2,3,85,67,3,4,0,5,4,0,65,2,5,7,9,3,6,5,14,0,5,4,9
2020,Mendocino County,June,679,6,0,0,8,0,5,672,127,4,0,0,2,0,1,128,6,13,4,3,6,0,10,16,0,0,10,10
2020,Merced County,June,1417,29,36,3,43,66,10,1366,35,0,0,0,2,1,1,31,68,119,0,4,11,67,45,123,3,36,29,68
2020,Modoc County,June,100,5,0,0,0,2,0,103,54,2,0,0,0,0,0,56,5,2,2,0,0,2,0,2,0,0,7,7
2020,Mono County,June,68,0,0,0,0,0,1,67,47,0,0,0,1,0,0,46,0,1,0,1,1,0,1,2,0,0,0,0
2020,Monterey County,June,1254,41,12,0,25,19,17,1246,248,1,1,0,1,1,0,248,53,61,2,2,17,20,26,63,0,13,42,55
2020,Napa County,June,625,14,9,47,16,57,0,622,985,11,10,36,40,53,0,949,70,73,57,93,0,110,56,166,83,19,25,127
2020,Nevada County,June,565,21,4,1,12,11,5,563,109,0,0,2,9,1,3,98,26,28,2,13,8,12,21,41,3,4,21,28
2020,Orange County,June,9832,282,103,75,194,123,52,9923,1638,16,7,0,12,13,1,1635,460,369,23,26,53,136,206,395,75,110,298,483
2020,Placer County,June,1670,44,1,0,14,3,23,1675,1362,37,0,0,21,1,13,1364,45,40,37,35,36,4,35,75,0,1,81,82
2020,Plumas County,June,92,1,1,0,3,4,3,84,66,8,1,0,8,4,3,60,2,10,9,15,6,8,11,25,0,2,9,11
2020,Riverside County,June,7780,179,67,20,189,114,0,7743,295,8,1,0,17,3,8,276,266,303,9,28,8,117,206,331,20,68,187,275
2020,Sacramento County,June,14281,113,0,0,251,0,0,14143,3623,22,0,30,59,0,0,3616,113,251,52,59,0,0,310,310,30,0,135,165
2020,San Benito County,June,167,2,0,1,3,1,0,166,116,0,0,0,2,0,0,114,3,4,0,2,0,1,5,6,1,0,2,3
2020,San Bernardino County,June,11233,465,59,43,390,373,5,11032,22,0,0,1,3,1,0,19,567,768,1,4,5,374,393,772,44,59,465,568
2020,San Diego County,June,8846,75,20,0,150,131,12,8648,653,8,1,0,19,6,1,636,95,293,9,26,13,137,169,319,0,21,83,104
2020,San Francisco County,June,1654,39,46,12,65,2,73,1611,800,12,11,0,24,0,28,771,97,140,23,52,101,2,89,192,12,57,51,120
2020,San Joaquin County,June,2254,68,19,19,58,17,8,2277,1854,40,35,1,38,25,2,1865,106,83,76,65,10,42,96,148,20,54,108,182
2020,San Luis Obispo County,June,1198,29,29,18,45,51,10,1168,562,13,10,0,26,18,3,538,76,106,23,47,13,69,71,153,18,39,42,99
2020,San Mateo County,June,3110,33,7,0,27,6,0,3117,2857,34,3,0,23,1,0,2870,40,33,37,24,0,7,50,57,0,10,67,77
2020,Santa Barbara County,June,2045,50,25, ,18,10,2,2090,883,23,12,0,34,11,5,868,75,30,35,50,7,21,52,80,0,37,73,110
2020,Santa Clara County,June,5108,150,55,179,136,39,235,5082,1418,33,13,36,22,12,49,1417,384,410,82,83,284,51,158,493,215,68,183,466
2020,Santa Cruz County,June,1055,16,6,4,33,7,0,1041,279,7,1,0,8,1,4,274,26,40,8,13,4,8,41,53,4,7,23,34
2020,Shasta County,June,1347,38,20,0,86,20,0,1299,1,0,0,0,0,0,0,1,58,106,0,0,0,20,86,106,0,20,38,58
2020,Sierra County,June,24,0,0,0,1,0,0,23,8,3,0,0,0,0,0,11,0,1,3,0,0,0,1,1,0,0,3,3
2020,Siskiyou County,June,339,13,6,0,8,19,1,330,2,0,0,0,0,0,0,2,19,28,0,0,1,19,8,28,0,6,13,19
2020,Solano County,June,1462,22,0,0,18,1,9,1456,936,10,0,0,17,0,5,924,22,28,10,22,14,1,35,50,0,0,32,32
2020,Sonoma County,June,1199,56,30,0,41,52,1,1191,0,15,10, ,12,13,0,0,86,94,25,25,1,65,53,119,0,40,71,111
2020,Stanislaus County,June,3325,99,10,9,84,40,12,3307,656,2,2,13,36,4,0,633,118,136,17,40,12,44,120,176,22,12,101,135
2020,Sutter County,June,750,21,5,4,9,13,16,742,21,0,0,0,0,0,11,10,30,38,0,11,27,13,9,49,4,5,21,30
2020,Tehama County,June,1018,4,2,0,0,0,4,1020,61,0,0,1,0,0,0,62,6,4,1,0,4,0,0,4,1,2,4,7
2020,Trinity County,June,61,2,0,0,4,0,1,58,6,0,0,0,0,0,0,6,2,5,0,0,1,0,4,5,0,0,2,2
2020,Tulare County,June,2101,38,24,3,51,13,0,2102,300,0,2,0,7,9,0,286,65,64,2,16,0,22,58,80,3,26,38,67
2020,Tuolumne County,June,549,6,4,2,10,13,7,531,161,3,1,0,3,4,3,155,12,30,4,10,10,17,13,40,2,5,9,16
2020,Ventura County,June,2088,31,16,0,22,0,0,2113,6147,54,8,0,76,0,0,6133,47,22,62,76,0,0,98,98,0,24,85,109
2020,Yolo County,June,1071,13,8,6,39,3,0,1056,250,3,0,0,3,0,32,218,27,42,3,35,32,3,42,77,6,8,16,30
2020,Yuba County,June,429,21,0,1,8,2,4,437,56,0,0,0,1,1,1,53,22,14,0,3,5,3,9,17,1,0,21,22
2020,Alameda County,July,5657,0,66,2,8,284,9,5424,78,0,1,0,0,0,0,79,68,301,1,0,9,284,8,301,2,67,0,69
2020,Alpine County,July,6,0,0,1,0,0,0,7,54,0,0,0,5,0,0,49,1,0,0,5,0,0,5,5,1,0,0,1
2020,Amador County,July,236,12,2,6,7,6,0,243,991,17,1,0,23,1,2,983,20,13,18,26,2,7,30,39,6,3,29,38
2020,Butte County,July,798,18,18,9,17,51,5,770,242,5,14,3,23,23,2,216,45,73,22,48,7,74,40,121,12,32,23,67
2020,Calaveras County,July,191,8,5,1,0,6,4,195,72,4,2,1,5,4,0,70,14,10,7,9,4,10,5,19,2,7,12,21
2020,Colusa County,July,72,6,2,0,3,2,1,74,22,0,0,0,0,0,1,21,8,6,0,1,2,2,3,7,0,2,6,8
2020,Contra Costa County,July,3918,78,5,4,56,2,26,3921,2,0,0,0,0,0,0,2,87,84,0,0,26,2,56,84,4,5,78,87
2020,Del Norte County,July,148,15,5,1,5,7,0,157,52,0,1,0,3,2,0,48,21,12,1,5,0,9,8,17,1,6,15,22
2020,El Dorado County,July,810,11,9,0,22,12,0,796,80,0,1,0,0,1,0,80,20,34,1,1,0,13,22,35,0,10,11,21
2020,Fresno County,July,4512,145,27,0,127,106,0,4451,3908,52,18,7,89,25,9,3862,172,233,77,123,9,131,216,356,7,45,197,249
2020,Glenn County,July,150,0,0,6,5,6,4,141,116,10,2,2,4,1,7,118,6,15,14,12,11,7,9,27,8,2,10,20
2020,Humboldt County,July,1006,45,0,0,20,3,3,1025,24,0,0,0,2,0,0,22,45,26,0,2,3,3,22,28,0,0,45,45
2020,Imperial County,July,1054,14,3,0,34,7,6,1024,57,5,0,0,0,0,0,62,17,47,5,0,6,7,34,47,0,3,19,22
2020,Inyo County,July,132,2,1,2,1,9,0,127,45,0,2,0,5,6,0,36,5,10,2,11,0,15,6,21,2,3,2,7
2020,Kern County,July,7569,146,17,11,255,41,25,7422,0, , , , , , ,0,174,321, , ,25,41,255,321,11,17,146,174
2020,Kings County,July,1584, , , , , , ,1584,2046, , , , , , ,2046, , , , , , , , , , , , 
2020,Lake County,July,535,10,0,0,4,0,0,541,60,0,0,0,0,0,0,60,10,4,0,0,0,0,4,4,0,0,10,10
2020,Lassen County,July,88, , , , , , ,88,21, , , , , , ,21, , , , , , , , , , , , 
2020,Los Angeles County,July,35489,464,121,0,453,490,7,35124,595,4,0,0,6,2,0,591,585,950,4,8,7,492,459,958,0,121,468,589
2020,Madera County,July,2747,22,14,0,18,40,3,2722,603,37,16,0,14,51,3,588,36,61,53,68,6,91,32,129,0,30,59,89
2020,Marin County,July,1472,12,3,0,12,7,0,1468,886,20,5,0,3,7,0,901,15,19,25,10,0,14,15,29,0,8,32,40
2020,Mariposa County,July,85,2,2,0,3,2,0,84,65,5,2,0,7,2,0,63,4,5,7,9,0,4,10,14,0,4,7,11
2020,Mendocino County,July,673,5,0,0,12,0,5,661,124,3,0,0,8,0,0,119,5,17,3,8,5,0,20,25,0,0,8,8
2020,Merced County,July,1363,46,52,5,42,78,5,1341,32,1,1,0,3,1,2,28,103,125,2,6,7,79,45,131,5,53,47,105
2020,Modoc County,July,107,2,0,1,1,1,1,107,56,1,0,0,1,0,0,56,3,3,1,1,1,1,2,4,1,0,3,4
2020,Mono County,July,67,0,0,0,0,0,1,66,46,1,0,0,1,0,0,46,0,1,1,1,1,0,1,2,0,0,1,1
2020,Monterey County,July,1246,33,15,6,23,15,0,1262,248,2,1,2,5,1,0,247,54,38,5,6,0,16,28,44,8,16,35,59
2020,Napa County,July,622, , , , , , ,622,949, , , , , , ,949, , , , , , , , , , , , 
2020,Nevada County,July,563,19,15,0,18,16,8,555,98,4,1,6,3,2,8,96,34,42,11,13,16,18,21,55,6,16,23,45
2020,Orange County,July,9923,381,104,76,213,147,104,10020,1635,21,7,1,37,12,1,1614,561,464,29,50,105,159,250,514,77,111,402,590
2020,Placer County,July,1667,44,0,0,19,6,25,1661,1344,31,3,0,22,1,25,1330,44,50,34,48,50,7,41,98,0,3,75,78
2020,Plumas County,July,84,0,3,0,1,6,0,80,60,2,1,1,2,2,2,58,3,7,4,6,2,8,3,13,1,4,2,7
2020,Riverside County,July,7743, , , , , , ,7743,276, , , , , , ,276, , , , , , , , , , , , 
2020,Sacramento County,July,14143,180,0,0,245,0,0,14078,3616,23,0,11,57,0,0,3593,180,245,34,57,0,0,302,302,11,0,203,214
2020,San Benito County,July,166,2,1,0,4,8,2,155,114,1,0,0,2,3,1,109,3,14,1,6,3,11,6,20,0,1,3,4
2020,San Bernardino County,July,10948,761,48,43,414,582,7,10797,21,3,0,1,1,0,0,24,852,1003,4,1,7,582,415,1004,44,48,764,856
2020,San Diego County,July,8648,94,41,0,169,103,9,8502,636,13,0,0,11,4,5,629,135,281,13,20,14,107,180,301,0,41,107,148
2020,San Francisco County,July,1611,34,49,15,70,6,64,1569,771,13,13,0,15,0,19,763,98,140,26,34,83,6,85,174,15,62,47,124
2020,San Joaquin County,July,2277,37,28,17,63,38,11,2247,1865,56,43,2,29,61,3,1873,82,112,101,93,14,99,92,205,19,71,93,183
2020,San Luis Obispo County,July,1168,23,38,28,39,43,5,1170,538,19,11,0,19,26,5,518,89,87,30,50,10,69,58,137,28,49,42,119
2020,San Mateo County,July,3117,24,7,0,27,27,5,3089,2870,33,4,0,20,9,1,2877,31,59,37,30,6,36,47,89,0,11,57,68
2020,Santa Barbara County,July,2052,63,34,0,34,16,4,2095,839,30,29,0,65,13,6,814,97,54,59,84,10,29,99,138,0,63,93,156
2020,Santa Clara County,July,5082,187,91,340,304,84,280,5032,1417,49,23,165,175,16,69,1394,618,668,237,260,349,100,479,928,505,114,236,855
2020,Santa Cruz County,July,1041,24,14,0,29,22,4,1024,274,4,0,6,14,5,0,265,38,55,10,19,4,27,43,74,6,14,28,48
2020,Shasta County,July,1299,42,13,0,41,13,0,1300,1,0,0,0,0,0,0,1,55,54,0,0,0,13,41,54,0,13,42,55
2020,Sierra County,July,23,0,0,0,0,0,2,21,11,1,0,0,0,0,0,12,0,2,1,0,2,0,0,2,0,0,1,1
2020,Siskiyou County,July,330,6,4,0,3,11,0,326,2,0,0,0,0,0,0,2,10,14,0,0,0,11,3,14,0,4,6,10
2020,Solano County,July,1443,30,0,0,23,2,5,1443,914,8,0,0,19,0,6,897,30,30,8,25,11,2,42,55,0,0,38,38
2020,Sonoma County,July,1191,33,32,0,34,65,2,1155,0,15,8,1,11,13,0,0,65,101,24,24,2,78,45,125,1,40,48,89
2020,Stanislaus County,July,3307,158,18,16,90,161,27,3221,633,3,2,0,25,14,3,596,192,278,5,42,30,175,115,320,16,20,161,197
2020,Sutter County,July,742,14,2,0,0,7,9,742,19,0,0,0,0,0,1,18,16,16,0,1,10,7,0,17,0,2,14,16
2020,Tehama County,July,1020,5,0,0,1,0,4,1020,62,0,0,0,0,0,0,62,5,5,0,0,4,0,1,5,0,0,5,5
2020,Trinity County,July,58,1,0,0,1,2,0,56,6,0,0,0,0,0,0,6,1,3,0,0,0,2,1,3,0,0,1,1
2020,Tulare County,July,2102,40,16,1,84,28,1,2046,286,3,6,0,23,10,0,262,57,113,9,33,1,38,107,146,1,22,43,66
2020,Tuolumne County,July,531,3,4,11,6,11,1,531,155,1,0,5,2,10,0,149,18,18,6,12,1,21,8,30,16,4,4,24
2020,Ventura County,July,2098,45,11,0,48,0,0,2106,6082,56,1,0,111,33,0,5995,56,48,57,144,0,33,159,192,0,12,101,113
2020,Yolo County,July,1056,37,2,0,50,0,0,1045,218,1,0,0,10,0,0,209,39,50,1,10,0,0,60,60,0,2,38,40
2020,Yuba County,July,437,12,3,2,19,2,0,433,54,0,0,1,1,1,1,52,17,21,1,3,1,3,20,24,3,3,12,18
2020,Alameda County,August,5337,1,105,3,21,158,8,5259,77,0,1,0,1,1,0,76,109,187,1,2,8,159,22,189,3,106,1,110
2020,Alpine County,August,7,0,0,0,0,0,0,7,49,2,2,0,4,1,0,48,0,0,4,5,0,1,4,5,0,2,2,4
2020,Amador County,August,243,8,0,7,10,8,0,240,983,14,2,10,18,12,0,979,15,18,26,30,0,20,28,48,17,2,22,41
2020,Butte County,August,774,31,36,5,14,42,8,782,235,15,9,1,26,17,1,216,72,64,25,44,9,59,40,108,6,45,46,97
2020,Calaveras County,August,195,7,5,3,3,5,7,195,70,3,1,0,2,3,1,68,15,15,4,6,8,8,5,21,3,6,10,19
2020,Colusa County,August,74, , , , , , ,74,21, , , , , , ,21, , , , , , , , , , , , 
2020,Contra Costa County,August,3921,66,7,4,56,0,27,3915,2,0,0,0,0,0,0,2,77,83,0,0,27,0,56,83,4,7,66,77
2020,Del Norte County,August,157,7,7,1,3,12,3,154,48,3,1,0,2,0,0,50,15,18,4,2,3,12,5,20,1,8,10,19
2020,El Dorado County,August,820,14,10,0,18,13,0,813,82,2,0,0,2,1,0,81,24,31,2,3,0,14,20,34,0,10,16,26
2020,Fresno County,August,4451,106,30,0,77,113,0,4397,3862,60,20,5,43,70,5,3829,136,190,85,118,5,183,120,308,5,50,166,221
2020,Glenn County,August,141,6,0,0,2,4,4,137,118,3,0,2,3,2,0,118,6,10,5,5,4,6,5,15,2,0,9,11
2020,Humboldt County,August,1025,39,0,1,22,3,8,1032,22,0,0,1,1,0,0,22,40,33,1,1,8,3,23,34,2,0,39,41
2020,Imperial County,August,1024,24,3,0,55,7,5,984,62,2,0,0,3,0,1,60,27,67,2,4,6,7,58,71,0,3,26,29
2020,Inyo County,August,127,2,10,0,2,6,0,131,40,2,5,1,2,2,1,43,12,8,8,5,1,8,4,13,1,15,4,20
2020,Kern County,August,7422,180,21,14,122,18,12,7485,0, , , , , , ,0,215,152, , ,12,18,122,152,14,21,180,215
2020,Kings County,August,1545,33,2,13,53,13,42,1485,2018,27,3,0,42,21,0,1985,48,108,30,63,42,34,95,171,13,5,60,78
2020,Lake County,August,530,9,3,2,13,2,3,526,54,0,0,1,5,0,0,50,14,18,1,5,3,2,18,23,3,3,9,15
2020,Lassen County,August,91, , , , , , ,91,22, , , , , , ,22, , , , , , , , , , , , 
2020,Los Angeles County,August,35662,425,127, ,498,606,17,35093,615,7,1, ,3,1,0,619,552,1121,8,4,17,607,501,1125, ,128,432,560
2020,Madera County,August,2722,8,10,0,10,25,0,2705,588,12,7,0,5,14,0,588,18,35,19,19,0,39,15,54,0,17,20,37
2020,Marin County,August,1472,13,3,0,11,3,0,1474,886,17,4,0,6,6,0,895,16,14,21,12,0,9,17,26,0,7,30,37
2020,Mariposa County,August,84,2,2,0,1,2,1,84,63,5,3,0,11,5,9,46,4,4,8,25,10,7,12,29,0,5,7,12
2020,Mendocino County,August,666,6,0,0,3,0,1,668,119,2,0,0,6,0,1,114,6,4,2,7,2,0,9,11,0,0,8,8
2020,Merced County,August,1337,51,51,3,42,49,13,1338,29,0,0,1,0,0,0,30,105,104,1,0,13,49,42,104,4,51,51,106
2020,Modoc County,August,105,2,0,1,0,1,1,106,53,1,0,0,1,0,0,53,3,2,1,1,1,1,1,3,1,0,3,4
2020,Mono County,August,66,1,0,2,2,0,1,66,46,0,0,0,1,0,0,45,3,3,0,1,1,0,3,4,2,0,1,3
2020,Monterey County,August,1262,36,13,0,23,24,17,1247,247,6,0,2,4,0,0,251,49,64,8,4,17,24,27,68,2,13,42,57
2020,Napa County,August,611,15,11,0,14,30,0,593,926,28,17,10,21,47,0,913,26,44,55,68,0,77,35,112,10,28,43,81
2020,Nevada County,August,567,8,9,1,9,12,6,558,95,1,3,1,5,6,0,89,18,27,5,11,6,18,14,38,2,12,9,23
2020,Orange County,August,10020,391,107,100,308,138,88,10084,1614,36,11,3,29,24,2,1609,598,534,50,55,90,162,337,589,103,118,427,648
2020,Placer County,August,1653,33,4,0,18,1,31,1640,1314,33,1,0,16,3,8,1321,37,50,34,27,39,4,34,77,0,5,66,71
2020,Plumas County,August,80,3,3,1,4,2,1,80,58,2,2,0,2,2,0,58,7,7,4,4,1,4,6,11,1,5,5,11
2020,Riverside County,August,7743, , , , , , ,7743,276, , , , , , ,276, , , , , , , , , , , , 
2020,Sacramento County,August,14078,177,0,0,208,0,0,14047,3593,36,0,0,55,0,2,3572,177,208,36,57,2,0,263,265,0,0,213,213
2020,San Benito County,August,155,5,2,0,6,0,6,150,109,7,1,0,1,5,1,110,7,12,8,7,7,5,7,19,0,3,12,15
2020,San Bernardino County,August,10692,627,55,41,500,258,11,10646,23,0,0,3,4,0,0,22,723,769,3,4,11,258,504,773,44,55,627,726
2020,San Diego County,August,8502,78,33,0,201,256,7,8149,629,7,1,0,18,12,4,603,111,464,8,34,11,268,219,498,0,34,85,119
2020,San Francisco County,August,1569,57,27,9,36,4,34,1588,763,26,13,1,28,0,7,768,93,74,40,35,41,4,64,109,10,40,83,133
2020,San Joaquin County,August,2247,52,41,34,50,38,8,2278,1873,55,49,4,37,44,6,1894,127,96,108,87,14,82,87,183,38,90,107,235
2020,San Luis Obispo County,August,1170,21,37,13,30,50,8,1153,518,13,13,0,26,20,5,493,71,88,26,51,13,70,56,139,13,50,34,97
2020,San Mateo County,August,3093,44,9,0,43,20,7,3076,2877,25,3,0,8,14,3,2880,53,70,28,25,10,34,51,95,0,12,69,81
2020,Santa Barbara County,August,2096, , , , , , ,2096,1020, , , , , , ,1020, , , , , , , , , , , , 
2020,Santa Clara County,August,5032,347,113,188,185,79,470,4946,1394,91,48,60,75,29,146,1343,648,734,199,250,616,108,260,984,248,161,438,847
2020,Santa Cruz County,August,1024,16,8,10,20,14,0,1024,265,5,0,1,12,2,0,257,34,34,6,14,0,16,32,48,11,8,21,40
2020,Shasta County,August,1300,46,2,0,34,2,0,1312,1,0,0,0,0,0,0,1,48,36,0,0,0,2,34,36,0,2,46,48
2020,Sierra County,August,21,0,0,0,0,0,0,21,12,2,0,0,0,1,0,13,0,0,2,1,0,1,0,1,0,0,2,2
2020,Siskiyou County,August,326,13,8,0,3,5,0,339,2,0,0,0,0,0,0,2,21,8,0,0,0,5,3,8,0,8,13,21
2020,Solano County,August,1425,14,0,0,21,3,7,1408,880,6,0,0,22,1,1,862,14,31,6,24,8,4,43,55,0,0,20,20
2020,Sonoma County,August,1155,30,49,0,59,59,3,1113,0,4,16,1,10,8,3,0,79,121,21,21,6,67,69,142,1,65,34,100
2020,Stanislaus County,August,3221,106,37,34,115,106,15,3162,596,4,6,24,29,6,0,595,177,236,34,35,15,112,144,271,58,43,110,211
2020,Sutter County,August,742,9,0,1,10,10,11,721,18,0,0,0,0,0,3,15,10,31,0,3,14,10,10,34,1,0,9,10
2020,Tehama County,August,1020, , , , , , ,1020,62,0,0,0,0,0,0,62, , ,0,0,0,0,0,0,0,0,0,0
2020,Trinity County,August,56,2,0,4,0,4,0,58,6,0,0,0,0,0,0,6,6,4,0,0,0,4,0,4,4,0,2,6
2020,Tulare County,August,2046,42,13,4,64,78,0,1963,262,6,6,0,23,31,0,220,59,142,12,54,0,109,87,196,4,19,48,71
2020,Tuolumne County,August,531,10,5,9,6,18,9,522,149,1,0,5,3,9,7,136,24,33,6,19,16,27,9,52,14,5,11,30
2020,Ventura County,August,2093,52,2,0,75,7,0,2065,5962,81,0,0,106,133,0,5804,54,82,81,239,0,140,181,321,0,2,133,135
2020,Yolo County,August,1045,42,7,4,56,0,0,1042,209,2,0,0,14,0,0,197,53,56,2,14,0,0,70,70,4,7,44,55
2020,Yuba County,August,434,9,0,2,15,7,7,416,52,3,0,0,0,0,2,53,11,29,3,2,9,7,15,31,2,0,12,14
2020,Alameda County,September,5217,4,95,0,9,202,10,5095,67,0,1,0,1,1,0,66,99,221,1,2,10,203,10,223,0,96,4,100
2020,Alpine County,September,7,0,0,0,0,0,0,7,48,6,0,0,2,0,0,52,0,0,6,2,0,0,2,2,0,0,6,6
2020,Amador County,September,240,10,0,2,7,5,0,240,979,6,0,0,13,1,0,971,12,12,6,14,0,6,20,26,2,0,16,18
2020,Butte County,September,781,20,35,5,13,35,8,785,226,6,10,0,21,17,1,203,60,56,16,39,9,52,34,95,5,45,26,76
2020,Calaveras County,September,194,1,10,1,0,8,2,196,68,3,3,0,1,3,0,70,12,10,6,4,2,11,1,14,1,13,4,18
2020,Colusa County,September,72,8,3,0,0,4,1,78,20,0,0,0,2,0,0,18,11,5,0,2,1,4,2,7,0,3,8,11
2020,Contra Costa County,September,3915,69,3,1,70,1,58,3859,2,0,0,0,0,0,0,2,73,129,0,0,58,1,70,129,1,3,69,73
2020,Del Norte County,September,154,7,10,1,3,11,0,158,50,0,2,0,4,0,0,48,18,14,2,4,0,11,7,18,1,12,7,20
2020,El Dorado County,September,845,12,3,0,14,19,0,827,82,1,1,0,0,1,0,83,15,33,2,1,0,20,14,34,0,4,13,17
2020,Fresno County,September,4397,100,47,5,76,105,7,4361,3829,80,25,2,44,84,2,3806,152,188,107,130,9,189,120,318,7,72,180,259
2020,Glenn County,September,137,2,4,2,3,2,5,135,118,7,1,0,5,3,6,112,8,10,8,14,11,5,8,24,2,5,9,16
2020,Humboldt County,September,1032,34,0,4,22,5,6,1037,22,0,0,1,1,0,0,22,38,33,1,1,6,5,23,34,5,0,34,39
2020,Imperial County,September,984,18,4,6,32,8,3,969,60,3,0,0,4,0,0,59,28,43,3,4,3,8,36,47,6,4,21,31
2020,Inyo County,September,128,4,3,1,3,8,0,125,40,3,3,0,4,4,0,38,8,11,6,8,0,12,7,19,1,6,7,14
2020,Kern County,September,7485,128,15,10,89,13,10,7526,0, , , , , , ,0,153,112, , ,10,13,89,112,10,15,128,153
2020,Kings County,September,1485,42,3,3,31,17,41,1444,1985,23,6,0,31,22,1,1960,48,89,29,54,42,39,62,143,3,9,65,77
2020,Lake County,September,520,7,2,0,5,0,0,524,50,0,0,0,0,0,0,50,9,5,0,0,0,0,5,5,0,2,7,9
2020,Lassen County,September,91, , , , , , ,91,19, , , , , , ,19, , , , , , , , , , , , 
2020,Los Angeles County,September,35047,405,151,0,473,543,24,34563,570,1,0,0,4,1,0,566,556,1040,1,5,24,544,477,1045,0,151,406,557
2020,Madera County,September,2705,16,10,0,13,11,8,2699,588,24,10,0,10,9,0,603,26,32,34,19,8,20,23,51,0,20,40,60
2020,Marin County,September,1474,8,2,0,6,1,0,1477,896,10,2,0,5,7,0,896,10,7,12,12,0,8,11,19,0,4,18,22
2020,Mariposa County,September,84, , , , , , ,84,46, , , , , , ,46, , , , , , , , , , , , 
2020,Mendocino County,September,669,19,0,0,12,0,1,675,114,6,0,0,0,0,1,119,19,13,6,1,2,0,12,14,0,0,25,25
2020,Merced County,September,1473, , , , , , ,1473,51, , , , , , ,51, , , , , , , , , , , , 
2020,Modoc County,September,109,1,0,0,5,3,1,101,56,2,0,0,6,3,0,49,1,9,2,9,1,6,11,18,0,0,3,3
2020,Mono County,September,66,1,0,1,2,0,0,66,45,0,0,0,1,0,0,44,2,2,0,1,0,0,3,3,1,0,1,2
2020,Monterey County,September,1247,12,14,0,20,26,18,1209,251,0,0,0,4,1,1,245,26,64,0,6,19,27,24,70,0,14,12,26
2020,Napa County,September,593,17,13,8,11,38,0,582,913,38,23,82,121,34,0,901,38,49,143,155,0,72,132,204,90,36,55,181
2020,Nevada County,September,569,18,15,5,11,16,7,573,112,3,2,2,3,1,1,114,38,34,7,5,8,17,14,39,7,17,21,45
2020,Orange County,September,10084,446,112,60,276,137,62,10227,1609,34,11,0,33,8,0,1613,618,475,45,41,62,145,309,516,60,123,480,663
2020,Placer County,September,1635,39,1,0,14,5,25,1631,1313,36,1,0,13,1,11,1325,40,44,37,25,36,6,27,69,0,2,75,77
2020,Plumas County,September,83,1,2,0,3,3,4,76,68,6,2,0,2,1,4,69,3,10,8,7,8,4,5,17,0,4,7,11
2020,Riverside County,September,7463,281,157,2,223,241,0,7439,253,11,0,0,16,3,0,245,440,464,11,19,0,244,239,483,2,157,292,451
2020,Sacramento County,September,14047,200,0,0,214,0,0,14033,3572,29,0,0,72,0,2,3527,200,214,29,74,2,0,286,288,0,0,229,229
2020,San Benito County,September,150,5,1,1,2,5,0,150,110,6,0,0,2,8,2,104,7,7,6,12,2,13,4,19,1,1,11,13
2020,San Bernardino County,September,10646,546,176,38,475,305,3,10623,22,2,0,0,1,0,0,23,760,783,2,1,3,305,476,784,38,176,548,762
2020,San Diego County,September,8149,64,54,0,164,164,8,7931,603,10,2,0,13,5,0,597,118,336,12,18,8,169,177,354,0,56,74,130
2020,San Francisco County,September,1588,25,41,4,43,8,26,1581,768,27,10,1,27,1,11,767,70,77,38,39,37,9,70,116,5,51,52,108
2020,San Joaquin County,September,2278,47,31,21,86,39,15,2237,1894,57,37,2,62,86,4,1838,99,140,96,152,19,125,148,292,23,68,104,195
2020,San Luis Obispo County,September,1153,27,34,14,32,49,5,1142,493,12,13,0,28,28,2,460,75,86,25,58,7,77,60,144,14,47,39,100
2020,San Mateo County,September,3076,41,10,0,34,23,11,3059,2879,30,7,0,25,11,4,2876,51,68,37,40,15,34,59,108,0,17,71,88
2020,Santa Barbara County,September,2073,44,46,0,31,40,3,2089,786,45,33,0,30,43,5,786,90,74,78,78,8,83,61,152,0,79,89,168
2020,Santa Clara County,September,4946,206,65,193,164,105,297,4844,1343,76,25,85,66,12,110,1341,464,566,186,188,407,117,230,754,278,90,282,650
2020,Santa Cruz County,September,1024,24,8,4,27,10,0,1023,257,13,0,0,10,2,6,252,36,37,13,18,6,12,37,55,4,8,37,49
2020,Shasta County,September,1312,39,6,0,45,6,0,1306,1,0,0,0,0,0,0,1,45,51,0,0,0,6,45,51,0,6,39,45
2020,Sierra County,September,21,1,0,0,0,1,0,21,13,0,0,0,0,0,0,13,1,1,0,0,0,1,0,1,0,0,1,1
2020,Siskiyou County,September,344,8,3,0,10,12,1,332,2,0,0,0,0,0,0,2,11,23,0,0,1,12,10,23,0,3,8,11
2020,Solano County,September,1392,25,0,0,25,5,4,1383,870,17,0,0,14,0,3,870,25,34,17,17,7,5,39,51,0,0,42,42
2020,Sonoma County,September,1113,47,48,0,57,54,1,1096,0,19,21,0,18,19,3,0,95,112,40,40,4,73,75,152,0,69,66,135
2020,Stanislaus County,September,3162,82,39,10,98,111,17,3067,595,13,7,0,16,6,15,578,131,226,20,37,32,117,114,263,10,46,95,151
2020,Sutter County,September,721,9,3,1,32,15,11,676,15,0,0,0,1,0,0,14,13,58,0,1,11,15,33,59,1,3,9,13
2020,Tehama County,September,1018,6,2,0,0,0,7,1019,62,1,0,0,0,0,0,63,8,7,1,0,7,0,0,7,0,2,7,9
2020,Trinity County,September,58,2,0,0,0,4,1,55,6,0,0,0,0,0,0,6,2,5,0,0,1,4,0,5,0,0,2,2
2020,Tulare County,September,1963,75,41,3,92,24,0,1966,220,5,6,1,12,5,0,215,119,116,12,17,0,29,104,133,4,47,80,131
2020,Tuolumne County,September,522,6,4,10,5,17,8,512,136,3,0,4,6,2,5,130,20,30,7,13,13,19,11,43,14,4,9,27
2020,Ventura County,September,2055,52,27,0,71,0,0,2063,5766,66,33,0,105,0,0,5760,79,71,99,105,0,0,176,176,0,60,118,178
2020,Yolo County,September,1042,11,14,6,54,4,0,1015,197,3,0,0,11,0,0,189,31,58,3,11,0,4,65,69,6,14,14,34
2020,Yuba County,September,416,14,0,3,6,6,0,421,53,3,0,3,1,3,1,54,17,12,6,5,1,9,7,17,6,0,17,23
2020,Alameda County,October,5035,5,107,10,28,219,8,4902,65,0,1,2,3,1,0,64,122,255,3,4,8,220,31,259,12,108,5,125
2020,Alpine County,October,7,0,0,0,0,0,0,7,52,1,1,0,1,0,0,53,0,0,2,1,0,0,1,1,0,1,1,2
2020,Amador County,October,240,4,2,6,12,8,0,232,971,19,0,8,23,6,0,969,12,20,27,29,0,14,35,49,14,2,23,39
2020,Butte County,October,773,30,34,10,26,45,7,769,211,22,7,0,19,15,3,203,74,78,29,37,10,60,45,115,10,41,52,103
2020,Calaveras County,October,194,8,10,1,2,7,2,202,71,2,2,0,2,1,1,71,19,11,4,4,3,8,4,15,1,12,10,23
2020,Colusa County,October,78,1,0,1,1,0,1,78,18,0,0,0,1,0,0,17,2,2,0,1,1,0,2,3,1,0,1,2
2020,Contra Costa County,October,3859,92,5,6,110,2,39,3811,2,0,0,0,0,0,0,2,103,151,0,0,39,2,110,151,6,5,92,103
2020,Del Norte County,October,158,9,7,0,5,3,1,165,48,1,0,0,1,2,0,46,16,9,1,3,1,5,6,12,0,7,10,17
2020,El Dorado County,October,841,19,13,0,29,22,0,822,83,1,1,0,4,0,0,81,32,51,2,4,0,22,33,55,0,14,20,34
2020,Fresno County,October,4361,105,57,1,145,112,2,4265,3806,46,27,1,41,95,1,3743,163,259,74,137,3,207,186,396,2,84,151,237
2020,Glenn County,October,135,7,3,0,3,6,2,134,112,6,1,0,2,3,0,114,10,11,7,5,2,9,5,16,0,4,13,17
2020,Humboldt County,October,1037,28,0,1,24,2,4,1036,22,0,0,0,2,0,0,20,29,30,0,2,4,2,26,32,1,0,28,29
2020,Imperial County,October,969,19,4,6,45,8,3,942,59,6,0,0,7,0,1,57,29,56,6,8,4,8,52,64,6,4,25,35
2020,Inyo County,October,122,7,5,0,5,6,0,123,40,1,2,0,6,5,0,32,12,11,3,11,0,11,11,22,0,7,8,15
2020,Kern County,October,7526,131,16,5,117,17,10,7534,0, , , , , , ,0,152,144, , ,10,17,117,144,5,16,131,152
2020,Kings County,October,1444,29,4,6,33,17,19,1414,1960,25,1,0,24,20,2,1940,39,69,26,46,21,37,57,115,6,5,54,65
2020,Lake County,October,514,3,1,2,2,0,0,518,46,0,0,0,0,0,0,46,6,2,0,0,0,0,2,2,2,1,3,6
2020,Lassen County,October,74,1,0,0,5,0,0,70,14,1,0,0,1,0,0,14,1,5,1,1,0,0,6,6,0,0,2,2
2020,Los Angeles County,October,34496,412,133,0,499,459,18,34065,551,0,0,0,1,1,0,549,545,976,0,2,18,460,500,978,0,133,412,545
2020,Madera County,October,2699,8,14,0,1,10,1,2709,603,23,11,0,1,23,3,610,22,12,34,27,4,33,2,39,0,25,31,56
2020,Marin County,October,1477,13,3,0,2,9,0,1482,896,21,5,0,16,12,0,894,16,11,26,28,0,21,18,39,0,8,34,42
2020,Mariposa County,October,84, , , , , , ,84,46, , , , , , ,46, , , , , , , , , , , , 
2020,Mendocino County,October,675,11,0,0,11,0,4,671,116,4,0,0,8,0,1,111,11,15,4,9,5,0,19,24,0,0,15,15
2020,Merced County,October,1502, , , , , , ,1502,54, , , , , , ,54, , , , , , , , , , , , 
2020,Modoc County,October,115,4,0,0,5,0,1,113,65,0,0,0,0,0,0,65,4,6,0,0,1,0,5,6,0,0,4,4
2020,Mono County,October,66, , , , , , ,66,44, , , , , , ,44, , , , , , , , , , , , 
2020,Monterey County,October,1209,25,13,0,19,7,6,1215,245,1,1,0,9,0,0,238,38,32,2,9,6,7,28,41,0,14,26,40
2020,Napa County,October,582,23,18,0,11,36,10,566,901,25,19,20,22,55,0,888,41,57,64,77,10,91,33,134,20,37,48,105
2020,Nevada County,October,573,15,10,2,9,10,8,573,114,0,1,3,6,1,4,107,27,27,4,11,12,11,15,38,5,11,15,31
2020,Orange County,October,10242,408,117,76,367,181,766,9529,1613,41,16,0,34,9,0,1627,601,1314,57,43,766,190,401,1357,76,133,449,658
2020,Placer County,October,1647,62,3,0,10,5,16,1681,1298,28,1,0,24,4,22,1277,65,31,29,50,38,9,34,81,0,4,90,94
2020,Plumas County,October,76,3,0,1,0,0,2,78,69,2,1,0,3,2,2,65,4,2,3,7,4,2,3,9,1,1,5,7
2020,Riverside County,October,7439,289,123,10,189,236,0,7436,246,16,3,0,12,5,4,244,422,425,19,21,4,241,201,446,10,126,305,441
2020,Sacramento County,October,14033,185,0,0,231,0,0,13987,3527,30,0,0,67,0,0,3490,185,231,30,67,0,0,298,298,0,0,215,215
2020,San Benito County,October,150,5,1,1,2,5,0,150,110,6,0,0,2,8,2,104,7,7,6,12,2,13,4,19,1,1,11,13
2020,San Bernardino County,October,10572,567,110,33,424,276,9,10573,23,1,0,3,1,0,1,25,710,709,4,2,10,276,425,711,36,110,568,714
2020,San Diego County,October,7926,84,58,0,191,167,2,7708,583,7,2,0,12,5,0,575,142,360,9,17,2,172,203,377,0,60,91,151
2020,San Francisco County,October,1581,25,36,12,50,9,35,1560,767,17,10,2,27,2,10,757,73,94,29,39,45,11,77,133,14,46,42,102
2020,San Joaquin County,October,2244,63,42,18,62,45,19,2241,1869,66,42,3,40,63,5,1872,123,126,111,108,24,108,102,234,21,84,129,234
2020,San Luis Obispo County,October,1142,33,32,14,35,45,10,1131,460,11,7,0,24,12,4,438,79,90,18,40,14,57,59,130,14,39,44,97
2020,San Mateo County,October,3059,48,11,0,29,23,13,3053,2876,25,3,0,21,26,10,2847,59,65,28,57,23,49,50,122,0,14,73,87
2020,Santa Barbara County,October,2118, , , , , , ,2118,986, , , , , , ,986, , , , , , , , , , , , 
2020,Santa Clara County,October,4844,227,71,193,171,106,290,4768,1341,49,12,54,59,33,73,1291,491,567,115,165,363,139,230,732,247,83,276,606
2020,Santa Cruz County,October,1023,22,3,11,31,10,0,1018,252,9,1,0,15,4,0,243,36,41,10,19,0,14,46,60,11,4,31,46
2020,Shasta County,October,1306,29,14,0,43,14,0,1292,1,0,0,0,0,0,0,1,43,57,0,0,0,14,43,57,0,14,29,43
2020,Sierra County,October,21,2,0,0,1,0,0,22,13,1,0,0,0,0,1,13,2,1,1,1,1,0,1,2,0,0,3,3
2020,Siskiyou County,October,332,7,0,0,3,9,0,327,2,0,0,0,0,0,0,2,7,12,0,0,0,9,3,12,0,0,7,7
2020,Solano County,October,1545, , , , , , ,1545,979, , , , , , ,979, , , , , , , , , , , , 
2020,Sonoma County,October,1096, , , , , , ,1096,0, , , , , , ,0, , , , , , , , , , , , 
2020,Stanislaus County,October,3067,87,46,12,106,70,10,3026,578,6,9,0,23,5,10,555,145,186,15,38,20,75,129,224,12,55,93,160
2020,Sutter County,October,676,13,4,0,15,12,3,663,14,0,0,0,0,0,0,14,17,30,0,0,3,12,15,30,0,4,13,17
2020,Tehama County,October,1019,7,3,0,1,0,9,1019,63,0,0,0,0,0,0,63,10,10,0,0,9,0,1,10,0,3,7,10
2020,Trinity County,October,55,2,2,0,0,0,1,58,6,0,0,0,0,0,1,5,4,1,0,1,2,0,0,2,0,2,2,4
2020,Tulare County,October,1966,40,20,4,99,30,3,1898,215,1,4,0,14,2,1,203,64,132,5,17,4,32,113,149,4,24,41,69
2020,Tuolumne County,October,512,6,12,5,6,15,4,510,130,4,0,5,1,4,2,132,23,25,9,7,6,19,7,32,10,12,10,32
2020,Ventura County,October,2042,52,2,0,64,28,0,2004,5725,72,2,0,102,38,0,5659,54,92,74,140,0,66,166,232,0,4,124,128
2020,Yolo County,October,1015,9,9,8,31,2,0,1008,189,0,0,0,14,0,0,175,26,33,0,14,0,2,45,47,8,9,9,26
2020,Yuba County,October,421,14,0,2,4,3,6,424,54,2,0,3,1,1,2,55,16,13,5,4,8,4,5,17,5,0,16,21
2020,Alameda County,November,4821,0,114,1,19,152,8,4757,62,0,1,0,1,0,0,62,115,179,1,1,8,152,20,180,1,115,0,116
2020,Alpine County,November,7,0,0,0,0,0,0,7,53,1,0,0,2,1,0,51,0,0,1,3,0,1,2,3,0,0,1,1
2020,Amador County,November,232,7,1,0,5,0,0,235,969,17,3,0,20,4,1,964,8,5,20,25,1,4,25,30,0,4,24,28
2020,Butte County,November,774,26,28,8,19,42,4,771,215,17,6,1,17,15,1,206,62,65,24,33,5,57,36,98,9,34,43,86
2020,Calaveras County,November,202,6,5,2,2,9,1,203,72,3,1,0,1,3,1,71,13,12,4,5,2,12,3,17,2,6,9,17
2020,Colusa County,November,78,3,1,1,0,1,3,79,17,0,0,0,0,0,0,17,5,4,0,0,3,1,0,4,1,1,3,5
2020,Contra Costa County,November,3811,71,5,3,82,0,38,3770,2,0,0,0,0,0,0,2,79,120,0,0,38,0,82,120,3,5,71,79
2020,Del Norte County,November,165,1,5,1,1,11,0,160,46,1,1,0,0,1,0,47,7,12,2,1,0,12,1,13,1,6,2,9
2020,El Dorado County,November,794,11,7,0,25,13,0,774,76,2,0,0,5,1,0,72,18,38,2,6,0,14,30,44,0,7,13,20
2020,Fresno County,November,4265,108,38,1,92,92,1,4227,3743,36,18,2,34,58,2,3705,147,185,56,94,3,150,126,279,3,56,144,203
2020,Glenn County,November,134,4,0,1,1,7,3,128,114,0,0,1,6,2,4,103,5,11,1,12,7,9,7,23,2,0,4,6
2020,Humboldt County,November,1036,19,0,1,38,8,4,1006,20,1,0,0,2,0,0,19,20,50,1,2,4,8,40,52,1,0,20,21
2020,Imperial County,November,942,12,0,3,26,3,6,922,57,0,0,0,4,0,1,52,15,35,0,5,7,3,30,40,3,0,12,15
2020,Inyo County,November,119,5,2,0,4,3,0,119,39,3,2,0,2,2,0,40,7,7,5,4,0,5,6,11,0,4,8,12
2020,Kern County,November,7534,131,15,10,169,27,17,7477,0, , , , , , ,0,156,213, , ,17,27,169,213,10,15,131,156
2020,Kings County,November,1414,29,6,2,25,22,9,1395,1940,22,2,0,23,15,0,1926,37,56,24,38,9,37,48,94,2,8,51,61
2020,Lake County,November,508,5,3,0,3,0,3,510,42,0,0,0,1,0,0,41,8,6,0,1,3,0,4,7,0,3,5,8
2020,Lassen County,November,70,4,0,0,4,0,2,68,14,2,0,0,0,0,0,16,4,6,2,0,2,0,4,6,0,0,6,6
2020,Los Angeles County,November,34017,361,103,0,448,384,9,33640,532,2,0,0,8,0,0,526,464,841,2,8,9,384,456,849,0,103,363,466
2020,Madera County,November,2709,7,2,0,13,6,2,2697,610,12,2,0,10,9,2,603,9,21,14,21,4,15,23,42,0,4,19,23
2020,Marin County,November,1482,11,3,0,5,7,0,1484,894,13,3,0,15,12,0,883,14,12,16,27,0,19,20,39,0,6,24,30
2020,Mariposa County,November,84, , , , , , ,84,46, , , , , , ,46, , , , , , , , , , , , 
2020,Mendocino County,November,677,10,0,0,5,0,4,678,106,3,0,0,4,0,0,105,10,9,3,4,4,0,9,13,0,0,13,13
2020,Merced County,November,1486, , , , , , ,1486,54, , , , , , ,54, , , , , , , , , , , , 
2020,Modoc County,November,109,3,1,0,1,0,2,110,62,0,1,0,0,0,0,63,4,3,1,0,2,0,1,3,0,2,3,5
2020,Mono County,November,63,2,0,0,1,0,0,64,45,2,0,0,5,0,0,42,2,1,2,5,0,0,6,6,0,0,4,4
2020,Monterey County,November,1215,20,16,0,21,16,18,1196,238,3,1,0,1,4,18,219,36,55,4,23,36,20,22,78,0,17,23,40
2020,Napa County,November,566, , , , , , ,566,888, , , , , , ,888, , , , , , , , , , , , 
2020,Nevada County,November,573,14,16,0,7,15,4,577,107,5,0,0,1,0,5,106,30,26,5,6,9,15,8,32,0,16,19,35
2020,Orange County,November,10219,333,102,25,272,145,47,10215,1627,39,3,0,29,10,0,1630,460,464,42,39,47,155,301,503,25,105,372,502
2020,Placer County,November,1644,37,0,0,23,3,17,1638,1276,27,2,0,17,1,10,1277,37,43,29,28,27,4,40,71,0,2,64,66
2020,Plumas County,November,78,2,3,0,0,3,2,78,65,2,0,0,3,3,0,61,5,5,2,6,2,6,3,11,0,3,4,7
2020,Riverside County,November,7436,215,115,10,189,183,0,7404,244,10,1,0,17,0,0,238,340,372,11,17,0,183,206,389,10,116,225,351
2020,Sacramento County,November,13987,161,0,0,219,0,0,13929,3490,41,0,6,68,0,0,3469,161,219,47,68,0,0,287,287,6,0,202,208
2020,San Benito County,November,144,4,7,0,4,3,1,147,103,5,1,0,0,4,1,104,11,8,6,5,2,7,4,13,0,8,9,17
2020,San Bernardino County,November,10414,540,72,21,445,249,9,10344,25,0,0,0,3,0,1,21,633,703,0,4,10,249,448,707,21,72,540,633
2020,San Diego County,November,7702,167,74,0,168,101,9,7665,556,11,0,0,12,6,0,549,241,278,11,18,9,107,180,296,0,74,178,252
2020,San Francisco County,November,1560,34,29,0,43,2,39,1539,757,19,10,0,20,1,9,756,63,84,29,30,48,3,63,114,0,39,53,92
2020,San Joaquin County,November,2241,35,15,15,71,29,11,2195,1872,62,38,1,48,23,4,1898,65,111,101,75,15,52,119,186,16,53,97,166
2020,San Luis Obispo County,November,1131,23,39,12,28,42,11,1124,438,11,10,0,21,26,1,411,74,81,21,48,12,68,49,129,12,49,34,95
2020,San Mateo County,November,3053,59,5,0,21,24,8,3064,2847,19,5,0,31,11,5,2824,64,53,24,47,13,35,52,100,0,10,78,88
2020,Santa Barbara County,November,2171, , , , , , ,2171,1040, , , , , , ,1040, , , , , , , , , , , , 
2020,Santa Clara County,November,4768, , , , , , ,4768,1291, , , , , , ,1291, , , , , , , , , , , , 
2020,Santa Cruz County,November,1018,18,17,19,24,18,0,1030,243,0,1,20,6,2,0,256,54,42,21,8,0,20,30,50,39,18,18,75
2020,Shasta County,November,1292,35,7,0,36,7,0,1291,1,0,0,0,0,0,0,1,42,43,0,0,0,7,36,43,0,7,35,42
2020,Sierra County,November,22, , , , , , ,22,13, , , , , , ,13, , , , , , , , , , , , 
2020,Siskiyou County,November,327,8,0,0,11,11,0,313,2,0,0,0,0,0,0,2,8,22,0,0,0,11,11,22,0,0,8,8
2020,Solano County,November,1537, , , , , , ,1537,968, , , , , , ,968, , , , , , , , , , , , 
2020,Sonoma County,November,1111,42,57,0,41,59,3,1107,0,26,14,1,17,16,8,0,99,103,41,41,11,75,58,144,1,71,68,140
2020,Stanislaus County,November,3026,106,47,28,102,61,10,3034,555,6,4,25,34,2,1,553,181,173,35,37,11,63,136,210,53,51,112,216
2020,Sutter County,November,663,13,1,0,19,14,4,640,14,1,0,0,5,0,1,9,14,37,1,6,5,14,24,43,0,1,14,15
2020,Tehama County,November,1019,5,1,0,0,0,2,1023,63,0,0,0,0,0,0,63,6,2,0,0,2,0,0,2,0,1,5,6
2020,Trinity County,November,58,2,1,0,2,3,0,56,5,0,0,0,1,0,0,4,3,5,0,1,0,3,3,6,0,1,2,3
2020,Tulare County,November,1898,48,19,0,46,24,2,1893,203,2,1,0,1,1,0,204,67,72,3,2,2,25,47,74,0,20,50,70
2020,Tuolumne County,November,510,1,3,5,6,11,3,499,132,1,0,1,1,2,6,125,9,20,2,9,9,13,7,29,6,3,2,11
2020,Ventura County,November,2004,57,18,0,60,0,0,2019,5660,69,25,0,92,0,0,5662,75,60,94,92,0,0,152,152,0,43,126,169
2020,Yolo County,November,1008,23,5,5,43,15,85,898,175,1,0,0,4,0,0,172,33,143,1,4,85,15,47,147,5,5,24,34
2020,Yuba County,November,424,19,0,2,8,4,4,429,55,1,0,1,0,0,1,56,21,16,2,1,5,4,8,17,3,0,20,23
2020,Alameda County,December,4698,0,119,5,11,123,7,4681,66,0,0,0,4,1,0,61,124,141,0,5,7,124,15,146,5,119,0,124
2020,Alpine County,December,7,0,0,0,1,0,0,6,51,1,0,0,1,1,0,50,0,1,1,2,0,1,2,3,0,0,1,1
2020,Amador County,December,235,6,0,0,8,3,1,229,964,14,1,24,29,19,0,955,6,12,39,48,1,22,37,60,24,1,20,45
2020,Butte County,December,740,32,32,4,32,41,8,727,213,11,14,0,21,16,3,198,68,81,25,40,11,57,53,121,4,46,43,93
2020,Calaveras County,December,203,2,3,0,0,8,2,198,71,1,4,1,1,2,0,74,5,10,6,3,2,10,1,13,1,7,3,11
2020,Colusa County,December,79,5,0,0,1,2,0,81,17,0,0,1,0,0,0,18,5,3,1,0,0,2,1,3,1,0,5,6
2020,Contra Costa County,December,3770,114,10,5,97,1,32,3769,2,0,0,0,0,0,0,2,129,130,0,0,32,1,97,130,5,10,114,129
2020,Del Norte County,December,160,2,1,0,4,6,5,148,47,0,0,0,2,1,1,43,3,15,0,4,6,7,6,19,0,1,2,3
2020,El Dorado County,December,791,19,4,0,14,14,0,786,70,6,0,0,2,0,0,74,23,28,6,2,0,14,16,30,0,4,25,29
2020,Fresno County,December,4227,125,34,6,92,85,6,4209,3705,62,23,2,62,72,0,3658,165,183,87,134,6,157,154,317,8,57,187,252
2020,Glenn County,December,128,11,10,7,4,4,1,147,103,8,3,0,5,3,3,103,28,9,11,11,4,7,9,20,7,13,19,39
2020,Humboldt County,December,1006,14,0,5,8,4,6,1007,19,2,0,1,4,1,1,16,19,18,3,6,7,5,12,24,6,0,16,22
2020,Imperial County,December,922,4,2,8,40,4,2,890,52,1,0,0,0,0,0,53,14,46,1,0,2,4,40,46,8,2,5,15
2020,Inyo County,December,117,6,7,0,3,6,0,121,44,1,4,0,2,3,0,44,13,9,5,5,0,9,5,14,0,11,7,18
2020,Kern County,December,7477,116,14,10,121,19,11,7466,0, , , , , , ,0,140,151, , ,11,19,121,151,10,14,116,140
2020,Kings County,December,1395,42,4,2,20,16,5,1402,1926,23,8,0,25,14,1,1917,48,41,31,40,6,30,45,81,2,12,65,79
2020,Lake County,December,503,5,1,4,10,0,0,503,40,0,0,0,0,0,0,40,10,10,0,0,0,0,10,10,4,1,5,10
2020,Lassen County,December,80,0,1,0,5,0,2,74,34,0,0,0,1,0,0,33,1,7,0,1,2,0,6,8,0,1,0,1
2020,Los Angeles County,December,33603,470,136,0,404,474,16,33315,501,2,0,0,0,1,0,502,606,894,2,1,16,475,404,895,0,136,472,608
2020,Madera County,December,2697,0,0,0,13,0,2,2682,603,0,0,0,6,0,0,597,0,15,0,6,2,0,19,21,0,0,0,0
2020,Marin County,December,1484,13,3,0,16,10,0,1474,883,14,4,0,18,18,0,865,16,26,18,36,0,28,34,62,0,7,27,34
2020,Mariposa County,December,84, , , , , , ,84,46, , , , , , ,46, , , , , , , , , , , , 
2020,Mendocino County,December,679,22,0,0,19,0,10,672,104,5,0,0,6,0,0,103,22,29,5,6,10,0,25,35,0,0,27,27
2020,Merced County,December,1292,44,24,9,26,40,14,1289,22,0,0,1,0,0,1,22,77,80,1,1,15,40,26,81,10,24,44,78
2020,Modoc County,December,111,3,0,0,2,0,1,111,60,0,1,0,0,1,0,60,3,3,1,1,1,1,2,4,0,1,3,4
2020,Mono County,December,64,1,0,0,2,0,0,63,42,2,0,0,0,0,0,44,1,2,2,0,0,0,2,2,0,0,3,3
2020,Monterey County,December,1196,36,19,0,12,14,31,1194,219,0,0,2,3,1,0,217,55,57,2,4,31,15,15,61,2,19,36,57
2020,Napa County,December,584,29,19,0,14,24,4,590,872,40,12,0,25,33,1,865,48,42,52,59,5,57,39,101,0,31,69,100
2020,Nevada County,December,577,15,21,4,11,19,11,576,107,3,2,1,4,2,1,106,40,41,6,7,12,21,15,48,5,23,18,46
2020,Orange County,December,10238,367,114,12,220,140,20,10351,1630,24,10,0,37,7,0,1620,493,380,34,44,20,147,257,424,12,124,391,527
2020,Placer County,December,1632,39,1,0,19,7,17,1629,1255,11,5,0,20,1,4,1246,40,43,16,25,21,8,39,68,0,6,50,56
2020,Plumas County,December,78,1,3,1,0,3,1,79,61,3,2,0,5,3,4,54,5,4,5,12,5,6,5,16,1,5,4,10
2020,Riverside County,December,7404,225,100,21,261,251,0,7238,233,12,1,0,16,2,5,223,346,512,13,23,5,253,277,535,21,101,237,359
2020,Sacramento County,December,13929,207,0,0,226,0,0,13910,3469,57,0,4,61,0,0,3469,207,226,61,61,0,0,287,287,4,0,264,268
2020,San Benito County,December,147,5,2,0,3,3,2,146,104,3,1,1,2,8,0,99,7,8,5,10,2,11,5,18,1,3,8,12
2020,San Bernardino County,December,10241,499,80,28,439,279,5,10125,22,0,0,0,3,0,0,19,607,723,0,3,5,279,442,726,28,80,499,607
2020,San Diego County,December,7665,203,55,0,141,112,7,7663,549,7,0,0,15,7,1,533,258,260,7,23,8,119,156,283,0,55,210,265
2020,San Francisco County,December,1539,28,39,9,59,3,31,1522,756,11,15,1,14,1,12,756,76,93,27,27,43,4,73,120,10,54,39,103
2020,San Joaquin County,December,2195,57,21,23,64,44,13,2175,1898,59,42,5,28,46,7,1923,101,121,106,81,20,90,92,202,28,63,116,207
2020,San Luis Obispo County,December,1010,26,28,5,39,45,7,978,471,12,9,0,30,22,2,438,59,91,21,54,9,67,69,145,5,37,38,80
2020,San Mateo County,December,3064,45,7,0,33,13,9,3061,2824,19,3,0,23,9,1,2813,52,55,22,33,10,22,56,88,0,10,64,74
2020,Santa Barbara County,December,2068,36,52,0,23,17,5,2111,740,14,29,0,30,12,4,737,88,45,43,46,9,29,53,91,0,81,50,131
2020,Santa Clara County,December,4636,238,51,268,224,102,318,4549,1228,69,11,52,56,31,89,1184,557,644,132,176,407,133,280,820,320,62,307,689
2020,Santa Cruz County,December,1030,18,9,0,27,11,1,1018,256,4,0,8,13,4,0,251,27,39,12,17,1,15,40,56,8,9,22,39
2020,Shasta County,December,1291,38,9,0,42,9,0,1287,1,0,0,0,0,0,0,1,47,51,0,0,0,9,42,51,0,9,38,47
2020,Sierra County,December,22,0,0,0,0,0, ,22,15,0,0,0,0,0,0,15,0,0,0,0,0,0,0,0,0,0,0,0
2020,Siskiyou County,December,313,8,3,0,6,14,3,301,2,0,0,0,0,0,0,2,11,23,0,0,3,14,6,23,0,3,8,11
2020,Solano County,December,1430, , , , , , ,1430,836, , , , , , ,836, , , , , , , , , , , , 
2020,Sonoma County,December,1107,54,47,0,54,60,1,1093,0,9,6,0,8,6,1,0,101,115,15,15,2,66,62,130,0,53,63,116
2020,Stanislaus County,December,3034,85,45,30,88,48,6,3052,553,5,5,0,12,7,15,529,160,142,10,34,21,55,100,176,30,50,90,170
2020,Sutter County,December,640,12,5,0,19,0,4,634,9,0,0,0,1,0,0,8,17,23,0,1,4,0,20,24,0,5,12,17
2020,Tehama County,December,1022,3,0,0,0,0,4,1021,63,0,0,0,0,0,1,62,3,4,0,1,5,0,0,5,0,0,3,3
2020,Trinity County,December,56,5,2,1,0,4,0,60,5,0,0,0,0,0,0,5,8,4,0,0,0,4,0,4,1,2,5,8
2020,Tulare County,December,1893,30,11,3,84,11,1,1841,204,3,5,0,6,3,0,203,44,96,8,9,1,14,90,105,3,16,33,52
2020,Tuolumne County,December,499,1,1,5,14,8,16,468,125,2,0,3,1,1,2,126,7,38,5,4,18,9,15,42,8,1,3,12
2020,Ventura County,December,1994,54,6,0,68,0,0,1986,5638,50,36,0,83,0,0,5641,60,68,86,83,0,0,151,151,0,42,104,146
2020,Yolo County,December,898,6,6,6,30,0,0,886,172,0,0,0,17,0,0,155,18,30,0,17,0,0,47,47,6,6,6,18
2020,Yuba County,December,429,10,0,6,6,4,2,433,56,1,0,3,2,2,0,56,16,12,4,4,2,6,8,16,9,0,11,20
2021,Alameda County,January,4596,5,148,4,129,165,9,4450,56,0,1,0,0,1,0,56,157,303,1,1,9,166,129,304,4,149,5,158
2021,Alpine County,January,6,0,0,0,0,0,0,6,50,0,0,0,1,0,0,49,0,0,0,1,0,0,1,1,0,0,0,0
2021,Amador County,January,229,13,1,0,7,3,0,233,955,22,0,0,23,4,0,950,14,10,22,27,0,7,30,37,0,1,35,36
2021,Butte County,January,895,0,0,0,0,0,0,895,255, , , , , , ,255,0,0, , ,0,0,0,0,0,0,0,0
2021,Calaveras County,January,196,5,14,0,5,5,0,205,73,2,0,0,2,0,1,72,19,10,2,3,1,5,7,13,0,14,7,21
2021,Colusa County,January,81,1,1,0,5,2,1,75,18,0,0,0,1,0,0,17,2,8,0,1,1,2,6,9,0,1,1,2
2021,Contra Costa County,January,3769,44,5,2,210,2,44,3564,2,0,0,0,0,0,0,2,51,256,0,0,44,2,210,256,2,5,44,51
2021,Del Norte County,January,148,3,4,0,6,10,0,139,43,2,1,0,0,1,2,43,7,16,3,3,2,11,6,19,0,5,5,10
2021,El Dorado County,January,786,17,8,0,25,10,0,776,79,0,0,0,7,0,0,72,25,35,0,7,0,10,32,42,0,8,17,25
2021,Fresno County,January,4209,81,32,1,67,95,2,4159,3656,44,21,1,58,67,2,3595,114,164,66,127,4,162,125,291,2,53,125,180
2021,Glenn County,January,147,5,4,4,4,9,4,143,103,1,0,1,0,2,0,103,13,17,2,2,4,11,4,19,5,4,6,15
2021,Humboldt County,January,1003,14,0,0,29,4,0,984,15,0,0,1,12,0,2,2,14,33,1,14,2,4,41,47,1,0,14,15
2021,Imperial County,January,890,15,0,2,26,2,6,873,53,4,0,0,1,0,0,56,17,34,4,1,6,2,27,35,2,0,19,21
2021,Inyo County,January,117,4,3,0,2,4,4,114,46,2,1,0,7,2,0,40,7,10,3,9,4,6,9,19,0,4,6,10
2021,Kern County,January,7466,112,13,9,208,30,17,7345,0, , , , , , ,0,134,255, , ,17,30,208,255,9,13,112,134
2021,Kings County,January,1505,30,2,0,27,10,8,1492,1945,15,10,0,32,19,1,1918,32,45,25,52,9,29,59,97,0,12,45,57
2021,Lake County,January,490,9,4,1,9,0,0,495,37,0,0,0,2,0,0,35,14,9,0,2,0,0,11,11,1,4,9,14
2021,Lassen County,January,77,0,0,0,1,0,0,76,35,0,0,0,0,0,0,35,0,1,0,0,0,0,1,1,0,0,0,0
2021,Los Angeles County,January,33376,555,126,0,654,524,16,32863,474,2,0,0,3,0,0,473,681,1194,2,3,16,524,657,1197,0,126,557,683
2021,Madera County,January,2682,0,0,0,1,0,0,2681,597,0,0,0,1,0,0,596,0,1,0,1,0,0,2,2,0,0,0,0
2021,Marin County,January,1474,26,6,0,30,8,0,1468,865,7,2,0,36,3,0,835,32,38,9,39,0,11,66,77,0,8,33,41
2021,Mariposa County,January,71,8,2,0,0,1,0,80,27,2,0,0,12,6,0,11,10,1,2,18,0,7,12,19,0,2,10,12
2021,Mendocino County,January,673,17,0,0,16,0,2,672,104,2,0,0,4,0,0,102,17,18,2,4,2,0,20,22,0,0,19,19
2021,Merced County,January,1280,45,26,6,44,30,8,1275,22,0,0,0,0,0,1,21,77,82,0,1,9,30,44,83,6,26,45,77
2021,Modoc County,January,59,5,1,0,1,1,3,60,20,0,0,0,0,1,0,19,6,5,0,1,3,2,1,6,0,1,5,6
2021,Mono County,January,63,1,0,0,1,0,0,63,44,0,0,0,1,0,0,43,1,1,0,1,0,0,2,2,0,0,1,1
2021,Monterey County,January,1194,25,9,1,24,9,0,1196,217,3,0,0,2,3,10,205,35,33,3,15,10,12,26,48,1,9,28,38
2021,Napa County,January,590,15,6,6,58,21,0,538,865,23,5,8,48,27,0,826,27,79,36,75,0,48,106,154,14,11,38,63
2021,Nevada County,January,552,6,1,1,9,12,1,538,86,1,2,0,6,2,0,81,8,22,3,8,1,14,15,30,1,3,7,11
2021,Orange County,January,10351,489,79,58,207,92,65,10613,1620,18,3,0,32,1,2,1606,626,364,21,35,67,93,239,399,58,82,507,647
2021,Placer County,January,1617,33,1,0,24,9,18,1600,1243,22,1,0,23,2,2,1239,34,51,23,27,20,11,47,78,0,2,55,57
2021,Plumas County,January,53,0,0,0,0,0,0,53,104, , , , , , ,104,0,0, , ,0,0,0,0,0,0,0,0
2021,Riverside County,January,7238,170,84,8,194,154,0,7152,223,9,2,0,10,2,0,222,262,348,11,12,0,156,204,360,8,86,179,273
2021,Sacramento County,January,13910,174,0,0,256,0,0,13828,3469,29,0,2,78,0,0,3422,174,256,31,78,0,0,334,334,2,0,203,205
2021,San Benito County,January,146,2,1,1,19,2,3,126,99,2,1,1,28,3,1,71,4,24,4,32,4,5,47,56,2,2,4,8
2021,San Bernardino County,January,10228,601,89,26,445,308,10,10181,19,2,0,0,2,1,0,18,716,763,2,3,10,309,447,766,26,89,603,718
2021,San Diego County,January,7712,271,49,0,470,147,9,7406,556,15,1,0,42,4,0,526,320,626,16,46,9,151,512,672,0,50,286,336
2021,San Francisco County,January,1522,23,27,11,51,5,41,1486,756,5,14,0,24,0,14,737,61,97,19,38,55,5,75,135,11,41,28,80
2021,San Joaquin County,January,2175,36,28,21,37,33,14,2176,1923,48,34,2,32,49,5,1921,85,84,84,86,19,82,69,170,23,62,84,169
2021,San Luis Obispo County,January,978,25,31,8,22,32,4,984,438,14,8,0,18,21,1,420,64,58,22,40,5,53,40,98,8,39,39,86
2021,San Mateo County,January,3061,38,5,0,43,27,7,3027,2813,7,8,0,23,12,14,2779,43,77,15,49,21,39,66,126,0,13,45,58
2021,Santa Barbara County,January,2054,41,35,0,61,11,14,2044,737,19,21,0,29,4,4,740,76,86,40,37,18,15,90,123,0,56,60,116
2021,Santa Clara County,January,4549,179,60,220,135,100,270,4503,1184,68,7,75,44,29,86,1175,459,505,150,159,356,129,179,664,295,67,247,609
2021,Santa Cruz County,January,1018,21,7,0,21,5,9,1011,251,5,0,0,7,5,2,242,28,35,5,14,11,10,28,49,0,7,26,33
2021,Shasta County,January,1287,29,0,0,58,0,0,1258,1,0,0,0,0,0,0,1,29,58,0,0,0,0,58,58,0,0,29,29
2021,Sierra County,January,22,0,0,0,1,1,0,20,15,0,0,0,0,0,1,14,0,2,0,1,1,1,1,3,0,0,0,0
2021,Siskiyou County,January,301,2,2,0,19,10,0,276,2,0,0,0,0,0,0,2,4,29,0,0,0,10,19,29,0,2,2,4
2021,Solano County,January,1372,30,0,1,38,0,0,1365,560,12,0,0,13,0,0,559,31,38,12,13,0,0,51,51,1,0,42,43
2021,Sonoma County,January,1093,51,53,0,51,45,0,1101,0,14,14,7,18,11,6,0,104,96,35,35,6,56,69,131,7,67,65,139
2021,Stanislaus County,January,3052,57,46,0,79,38,218,2820,529,2,6,0,20,4,87,426,103,335,8,111,305,42,99,446,0,52,59,111
2021,Sutter County,January,634,23,1,3,14,8,4,635,8,1,0,0,0,0,0,9,27,26,1,0,4,8,14,26,3,1,24,28
2021,Tehama County,January,1021,5,2,0,0,0,3,1025,62,1,0,0,0,0,0,63,7,3,1,0,3,0,0,3,0,2,6,8
2021,Trinity County,January,60,2,0,1,2,1,0,60,4,1,0,1,0,0,0,6,3,3,2,0,0,1,2,3,2,0,3,5
2021,Tulare County,January,1841,47,24,3,81,32,1,1801,203,1,5,1,12,5,0,193,74,114,7,17,1,37,93,131,4,29,48,81
2021,Tuolumne County,January,468,3,0,3,4,5,6,459,126,5,2,0,3,2,5,123,6,15,7,10,11,7,7,25,3,2,8,13
2021,Ventura County,January,1978,51,34,0,76,0,0,1987,5611,47,1,0,92,28,0,5539,85,76,48,120,0,28,168,196,0,35,98,133
2021,Yolo County,January,886,20,8,3,119,1,0,797,155,1,0,0,68,0,0,88,31,120,1,68,0,1,187,188,3,8,21,32
2021,Yuba County,January,433,9,0,2,73,11,2,358,56,0,0,0,3,1,0,52,11,86,0,4,2,12,76,90,2,0,9,11
2021,Alameda County,February,3343,5,124,8,57,103,8,3312,51,0,0,0,3,1,0,47,137,168,0,4,8,104,60,172,8,124,5,137
2021,Alpine County,February,6,0,0,0,0,0,0,6,49,1,0,0,0,0,0,50,0,0,1,0,0,0,0,0,0,0,1,1
2021,Amador County,February,233,6,1,3,5,3,0,235,950,30,0,0,24,4,0,952,10,8,30,28,0,7,29,36,3,1,36,40
2021,Butte County,February,587,33,21,7,10,37,1,600,189,14,11,0,19,19,1,175,61,48,25,39,2,56,29,87,7,32,47,86
2021,Calaveras County,February,205,2,2,2,53,9,4,145,72,2,3,0,15,4,1,57,6,66,5,20,5,13,68,86,2,5,4,11
2021,Colusa County,February,75,2,2,0,10,4,0,65,17,0,0,0,7,0,0,10,4,14,0,7,0,4,17,21,0,2,2,4
2021,Contra Costa County,February,3564,52,6,3,99,1,47,3478,2,0,0,0,0,0,0,2,61,147,0,0,47,1,99,147,3,6,52,61
2021,Del Norte County,February,139,6,0,0,5,2,16,122,43,2,2,0,1,0,5,41,6,23,4,6,21,2,6,29,0,2,8,10
2021,El Dorado County,February,785,15,8,0,21,20,0,767,71,3,0,0,3,0,0,71,23,41,3,3,0,20,24,44,0,8,18,26
2021,Fresno County,February,4159,77,40,0,89,73,1,4113,3595,40,24,1,39,32,1,3588,117,163,65,72,2,105,128,235,1,64,117,182
2021,Glenn County,February,143,4,1,3,3,8,2,138,103,6,1,2,4,3,0,105,8,13,9,7,2,11,7,20,5,2,10,17
2021,Humboldt County,February,963,23,0,0,116,3,0,867,0,0,0,0,0,0,0,0,23,119,0,0,0,3,116,119,0,0,23,23
2021,Imperial County,February,873,15,3,4,69,7,0,819,56,2,0,0,2,0,0,56,22,76,2,2,0,7,71,78,4,3,17,24
2021,Inyo County,February,108,2,4,1,2,4,1,108,39,1,3,0,3,2,0,38,7,7,4,5,1,6,5,12,1,7,3,11
2021,Kern County,February,7345,115,14,10,104,15,9,7356,0, , , , , , ,0,139,128, , ,9,15,104,128,10,14,115,139
2021,Kings County,February,1492,31,4,1,31,5,9,1483,1918,24,0,0,19,14,0,1909,36,45,24,33,9,19,50,78,1,4,55,60
2021,Lake County,February,486,8,2,0,6,0,3,487,35,0,0,0,0,0,0,35,10,9,0,0,3,0,6,9,0,2,8,10
2021,Lassen County,February,76,2,0,0,0,0,0,78,35,0,0,0,0,0,0,35,2,0,0,0,0,0,0,0,0,0,2,2
2021,Los Angeles County,February,32729,464,128,0,604,404,2,32311,455,0,0,0,2,1,0,452,592,1010,0,3,2,405,606,1013,0,128,464,592
2021,Madera County,February,2681,2,1,0,22,0,0,2662,596,3,1,0,6,0,0,594,3,22,4,6,0,0,28,28,0,2,5,7
2021,Marin County,February,1468,12,3,0,11,3,0,1469,835,4,1,0,11,6,0,823,15,14,5,17,0,9,22,31,0,4,16,20
2021,Mariposa County,February,80,3,0,1,1,0,0,83,11,2,2,1,3,1,0,12,4,1,5,4,0,1,4,5,2,2,5,9
2021,Mendocino County,February,670,14,0,0,12,0,4,668,101,2,0,0,8,0,0,95,14,16,2,8,4,0,20,24,0,0,16,16
2021,Merced County,February,1266,36,29,6,31,44,2,1260,23,0,0,0,0,0,0,23,71,77,0,0,2,44,31,77,6,29,36,71
2021,Modoc County,February,56,1,1,0,2,1,0,55,17,1,0,0,0,0,0,18,2,3,1,0,0,1,2,3,0,1,2,3
2021,Mono County,February,63,0,0,0,2,0,0,61,43,1,0,0,1,0,0,43,0,2,1,1,0,0,3,3,0,0,1,1
2021,Monterey County,February,1196,38,12,0,20,15,12,1199,205,1,0,0,1,3,3,199,50,47,1,7,15,18,21,54,0,12,39,51
2021,Napa County,February,538,13,9,0,10,27,11,512,826,23,5,12,30,27,0,809,22,48,40,57,11,54,40,105,12,14,36,62
2021,Nevada County,February,538,10,12,1,18,9,0,534,81,0,0,1,5,1,0,76,23,27,1,6,0,10,23,33,2,12,10,24
2021,Orange County,February,10613,420,88,72,221,114,48,10810,1606,9,4,0,34,7,0,1578,580,383,13,41,48,121,255,424,72,92,429,593
2021,Placer County,February,1597,34,0,0,19,8,5,1599,1231,21,1,0,12,4,9,1228,34,32,22,25,14,12,31,57,0,1,55,56
2021,Plumas County,February,53,0,0,0,0,0,0,53,104, , , , , , ,104,0,0, , ,0,0,0,0,0,0,0,0
2021,Riverside County,February,7152,186,82,7,202,189,0,7036,222,9,1,0,5,4,0,223,275,391,10,9,0,193,207,400,7,83,195,285
2021,Sacramento County,February,13828,221,0,0,309,0,0,13740,3422,28,0,1,70,0,0,3381,221,309,29,70,0,0,379,379,1,0,249,250
2021,San Benito County,February,126,0,0,0,0,0,0,126,141, , , , , , ,141,0,0, , ,0,0,0,0,0,0,0,0
2021,San Bernardino County,February,10030,554,67,19,504,328,11,9827,17,2,0,0,4,1,0,14,640,843,2,5,11,329,508,848,19,67,556,642
2021,San Diego County,February,7406,219,49,0,939,138,4,6593,526,13,4,0,68,2,1,472,268,1081,17,71,5,140,1007,1152,0,53,232,285
2021,San Francisco County,February,1486,19,27,8,47,3,58,1432,737,6,8,0,28,0,13,710,54,108,14,41,71,3,75,149,8,35,25,68
2021,San Joaquin County,February,2176,49,31,22,95,30,13,2140,1921,56,54,2,63,22,5,1943,102,138,112,90,18,52,158,228,24,85,105,214
2021,San Luis Obispo County,February,984,24,31,5,105,29,6,904,420,14,14,0,61,22,3,362,60,140,28,86,9,51,166,226,5,45,38,88
2021,San Mateo County,February,3027,40,12,0,39,18,5,3017,2779,17,4,0,18,18,21,2743,52,62,21,57,26,36,57,119,0,16,57,73
2021,Santa Barbara County,February,1971,41,53,0,62,11,19,1973,693,28,52,0,38,1,20,714,94,92,80,59,39,12,100,151,0,105,69,174
2021,Santa Clara County,February,4503,421,88,215,163,141,483,4440,1175,87,25,98,53,40,145,1147,724,787,210,238,628,181,216,1025,313,113,508,934
2021,Santa Cruz County,February,1011,23,11,12,22,14,0,1021,242,4,1,3,10,2,0,238,46,36,8,12,0,16,32,48,15,12,27,54
2021,Shasta County,February,1258,20,6,0,45,6,0,1233,1,0,0,0,0,0,0,1,26,51,0,0,0,6,45,51,0,6,20,26
2021,Sierra County,February,20,1,0,0,2,0,0,19,14,3,0,0,0,0,0,17,1,2,3,0,0,0,2,2,0,0,4,4
2021,Siskiyou County,February,276,6,2,0,5,13,0,266,2,0,0,0,0,0,0,2,8,18,0,0,0,13,5,18,0,2,6,8
2021,Solano County,February,1365,30,0,1,38,0,0,1358,560,12,0,0,13,0,0,559,31,38,12,13,0,0,51,51,1,0,42,43
2021,Sonoma County,February,1101,41,52,1,52,39,1,1103,0,15,14,1,11,11,8,0,94,92,30,30,9,50,63,122,2,66,56,124
2021,Stanislaus County,February,2820,86,39,0,301,18,143,2483,426,5,7,0,100,3,190,145,125,462,12,293,333,21,401,755,0,46,91,137
2021,Sutter County,February,635,12,2,0,36,8,1,604,9,0,0,0,1,0,0,8,14,45,0,1,1,8,37,46,0,2,12,14
2021,Tehama County,February,1025,8,2,0,1,0,16,1018,63,0,0,0,0,0,0,63,10,17,0,0,16,0,1,17,0,2,8,10
2021,Trinity County,February,60,4,0,0,2,2,1,59,6,0,0,0,1,0,0,5,4,5,0,1,1,2,3,6,0,0,4,4
2021,Tulare County,February,1801,0,0,0,0,0,0,1801,193, , , , , , ,193,0,0, , ,0,0,0,0,0,0,0,0
2021,Tuolumne County,February,459,8,6,1,6,8,4,456,123,3,0,1,0,3,2,122,15,18,4,5,6,11,6,23,2,6,11,19
2021,Ventura County,February,1950,59,21,0,82,0,0,1948,5487,69,12,0,69,0,0,5499,80,82,81,69,0,0,151,151,0,33,128,161
2021,Yolo County,February,797,6,4,11,43,1,0,774,87,1,0,0,7,0,0,81,21,44,1,7,0,1,50,51,11,4,7,22
2021,Yuba County,February,358,11,0,3,9,6,1,356,52,0,0,2,3,1,0,50,14,16,2,4,1,7,12,20,5,0,11,16
2021,Alameda County,March,3343,5,124,8,57,103,8,3312,51,0,0,0,3,1,0,47,137,168,0,4,8,104,60,172,8,124,5,137
2021,Alpine County,March,6,1,0,0,0,0,0,7,50,2,1,0,5,3,0,45,1,0,3,8,0,3,5,8,0,1,3,4
2021,Amador County,March,235,4,0,8,13,9,0,225,952,13,2,2,24,5,0,940,12,22,17,29,0,14,37,51,10,2,17,29
2021,Butte County,March,600,35,18,3,29,34,3,590,183,16,10,0,25,14,2,168,56,66,26,41,5,48,54,107,3,28,51,82
2021,Calaveras County,March,145,4,3,1,5,3,0,145,57,4,1,0,5,3,0,54,8,8,5,8,0,6,10,16,1,4,8,13
2021,Colusa County,March,65,2,2,0,3,1,1,64,10,0,0,0,0,0,0,10,4,5,0,0,1,1,3,5,0,2,2,4
2021,Contra Costa County,March,3478,93,0,6,104,0,42,3431,2,0,0,0,0,0,0,2,99,146,0,0,42,0,104,146,6,0,93,99
2021,Del Norte County,March,122,0,3,0,2,8,1,114,41,9,1,0,0,1,8,42,3,11,10,9,9,9,2,20,0,4,9,13
2021,El Dorado County,March,784,24,7,0,21,18,0,776,73,2,0,0,5,0,0,70,31,39,2,5,0,18,26,44,0,7,26,33
2021,Fresno County,March,4113,156,47,3,18,106,6,4189,3588,48,29,1,33,46,1,3586,206,130,78,80,7,152,51,210,4,76,204,284
2021,Glenn County,March,138,12,4,1,22,24,5,104,105,12,0,0,19,4,0,94,17,51,12,23,5,28,41,74,1,4,24,29
2021,Humboldt County,March,858,22,0,0,48,3,2,827,0,1,0,1,1,0,0,1,22,53,2,1,2,3,49,54,1,0,23,24
2021,Imperial County,March,819,25,0,7,56,2,0,793,56,5,0,0,3,0,0,58,32,58,5,3,0,2,59,61,7,0,30,37
2021,Inyo County,March,120,5,4,1,3,9,0,118,45,1,2,0,2,2,0,44,10,12,3,4,0,11,5,16,1,6,6,13
2021,Kern County,March,7356,170,20,13,208,30,17,7304,0, , , , , , ,0,203,255, , ,17,30,208,255,13,20,170,203
2021,Kings County,March,1483,18,3,9,20,17,4,1472,1909,29,4,0,11,20,1,1910,30,41,33,32,5,37,31,73,9,7,47,63
2021,Lake County,March,472,9,3,1,17,0,1,467,32,0,0,0,4,0,0,28,13,18,0,4,1,0,21,22,1,3,9,13
2021,Lassen County,March,78,0,0,0,1,0,0,77,35,2,0,0,0,0,0,37,0,1,2,0,0,0,1,1,0,0,2,2
2021,Los Angeles County,March,32161,563,167,0,748,520,12,31611,415,0,0,0,3,1,0,411,730,1280,0,4,12,521,751,1284,0,167,563,730
2021,Madera County,March,2662,13,2,0,0,11,0,2666,594,16,2,0,0,11,0,601,15,11,18,11,0,22,0,22,0,4,29,33
2021,Marin County,March,1469,18,5,0,47,19,0,1426,823,18,5,0,24,12,0,810,23,66,23,36,0,31,71,102,0,10,36,46
2021,Mariposa County,March,83,5,1,2,2,1,1,87,12,1,2,0,4,1,3,7,8,4,3,8,4,2,6,12,2,3,6,11
2021,Mendocino County,March,668,8,0,0,18,0,2,656,101,3,0,0,7,0,0,97,8,20,3,7,2,0,25,27,0,0,11,11
2021,Merced County,March,1246,53,26,3,29,38,11,1250,20,1,0,0,1,1,0,19,82,78,1,2,11,39,30,80,3,26,54,83
2021,Modoc County,March,52,1,2,0,1,1,0,53,13,0,1,0,0,1,0,13,3,2,1,1,0,2,1,3,0,3,1,4
2021,Mono County,March,61,0,0,0,3,0,0,58,43,0,0,0,2,0,1,40,0,3,0,3,1,0,5,6,0,0,0,0
2021,Monterey County,March,1199,37,19,0,26,19,82,1128,199,6,1,1,5,1,0,201,56,127,8,6,82,20,31,133,1,20,43,64
2021,Napa County,March,512,23,10,0,19,33,1,492,809,27,11,0,39,36,6,766,33,53,38,81,7,69,58,134,0,21,50,71
2021,Nevada County,March,534,15,9,2,63,0,0,497,76,1,0,2,7,0,0,72,26,63,3,7,0,0,70,70,4,9,16,29
2021,Orange County,March,10838,614,162,95,416,171,65,11057,1578,54,7,0,36,12,2,1589,871,652,61,50,67,183,452,702,95,169,668,932
2021,Placer County,March,1617,33,1,0,24,9,18,1600,1241,35,1,0,25,3,8,1241,34,51,36,36,26,12,49,87,0,2,68,70
2021,Plumas County,March,76,4,3,0,5,1,0,77,44,6,1,0,1,2,1,47,7,6,7,4,1,3,6,10,0,4,10,14
2021,Riverside County,March,7036,261,137,7,759,188,0,6494,223,16,3,2,26,8,0,210,405,947,21,34,0,196,785,981,9,140,277,426
2021,Sacramento County,March,13740,232,0,0,506,0,0,13466,3381,34,0,7,177,0,0,3245,232,506,41,177,0,0,683,683,7,0,266,273
2021,San Benito County,March,128,4,3,1,10,5,2,119,72,6,2,0,4,2,0,74,8,17,8,6,2,7,14,23,1,5,10,16
2021,San Bernardino County,March,9827,606,99,28,460,278,13,9809,14,2,0,0,1,0,0,15,733,751,2,1,13,278,461,752,28,99,608,735
2021,San Diego County,March,6593,306,72,0,390,124,10,6447,472,19,3,0,43,7,3, ,378,524,22,53,13,131,433,577,0,75,325,400
2021,San Francisco County,March,1432,29,49,6,103,4,39,1370,710,15,11,1,29,1,15,692,84,146,27,45,54,5,132,191,7,60,44,111
2021,San Joaquin County,March,2140,40,29,17,150,49,8,2019,1943,46,41,3,100,54,6,1873,86,207,90,160,14,103,250,367,20,70,86,176
2021,San Luis Obispo County,March,904,35,46,9,58,54,7,875,362,11,24,0,33,17,0,347,90,119,35,50,7,71,91,169,9,70,46,125
2021,San Mateo County,March,3017,31,12,0,61,21,3,2975,2743,22,6,0,26,8,8,2729,43,85,28,42,11,29,87,127,0,18,53,71
2021,Santa Barbara County,March,1907,41,81,0,160,13,10,1846,660,45,49,0,83,5,4,662,122,183,94,92,14,18,243,275,0,130,86,216
2021,Santa Clara County,March,4440,316,128,266,176,131,511,4332,1147,67,15,89,65,42,112,1099,710,818,171,219,623,173,241,1037,355,143,383,881
2021,Santa Cruz County,March,1021,23,11,14,47,27,0,995,238,3,0,8,23,4,0,222,48,74,11,27,0,31,70,101,22,11,26,59
2021,Shasta County,March,1233,46,9,0,49,9,0,1230,1,0,0,0,0,0,0,1,55,58,0,0,0,9,49,58,0,9,46,55
2021,Sierra County,March,19,0,0,0,1,0,0,18,17,0,0,0,1,0,0,16,0,1,0,1,0,0,2,2,0,0,0,0
2021,Siskiyou County,March,293,7,3,1,5,8,2,289,2,0,0,0,0,0,0,2,11,15,0,0,2,8,5,15,1,3,7,11
2021,Solano County,March,1335,66,1,0,243,0,0,1159,572,21,1,0,130,1,0,463,67,243,22,131,0,1,373,374,0,2,87,89
2021,Sonoma County,March,1103,42,28,0,129,53,0,991,0,10,14,0,14,10,0,0,70,182,24,24,0,63,143,206,0,42,52,94
2021,Stanislaus County,March,2483,124,50,354,464,52,7,2488,145,8,18,292,289,6,22,146,528,523,318,317,29,58,753,840,646,68,132,846
2021,Sutter County,March,604,32,2,0,65,14,1,558,8,1,0,0,3,0,0,6,34,80,1,3,1,14,68,83,0,2,33,35
2021,Tehama County,March,1018,7,0,0,0,0,10,1015,63,0,0,0,0,0,0,63,7,10,0,0,10,0,0,10,0,0,7,7
2021,Trinity County,March,59,1,1,1,1,4,0,57,5,0,0,0,0,1,0,4,3,5,0,1,0,5,1,6,1,1,1,3
2021,Tulare County,March,2305,0,0,0,0,0,0,2305,193, , , , , , ,193,0,0, , ,0,0,0,0,0,0,0,0
2021,Tuolumne County,March,456,4,2,6,5,13,10,440,122,3,3,1,3,6,2,118,12,28,7,11,12,19,8,39,7,5,7,19
2021,Ventura County,March,1916,69,20,0,71,0,0,1934,5466,69,21,0,120,0,0,5436,89,71,90,120,0,0,191,191,0,41,138,179
2021,Yolo County,March,774,18,12,3,39,1,0,767,81,2,0,0,6,0,0,77,33,40,2,6,0,1,45,46,3,12,20,35
2021,Yuba County,March,356,21,0,1,11,4,6,357,50,0,0,1,4,1,0,46,22,21,1,5,6,5,15,26,2,0,21,23
2021,Alameda County,April,2835,1,120,1,18,121,9,2809,33,0,0,0,0,1,0,32,122,148,0,1,9,122,18,149,1,120,1,122
2021,Alpine County,April,9,0,0,0,0,0,0,9,50, , , , , , ,50,0,0, , ,0,0,0,0,0,0,0,0
2021,Amador County,April,225,0,0,0,0,0,0,225,940, , , , , , ,940,0,0, , ,0,0,0,0,0,0,0,0
2021,Butte County,April,583,43,30,2,20,42,3,593,176,12,11,0,17,17,0,165,75,65,23,34,3,59,37,99,2,41,55,98
2021,Calaveras County,April,144,4,7,5,7,7,0,146,53,3,1,1,1,2,0,55,16,14,5,3,0,9,8,17,6,8,7,21
2021,Colusa County,April,62,1,3,0,0,0,3,63,10,0,0,0,0,1,0,9,4,3,0,1,3,1,0,4,0,3,1,4
2021,Contra Costa County,April,3431,81,3,11,112,0,26,3388,2,0,0,0,0,0,0,2,95,138,0,0,26,0,112,138,11,3,81,95
2021,Del Norte County,April,114,8,2,1,3,5,2,115,42,0,0,0,1,2,1,38,11,10,0,4,3,7,4,14,1,2,8,11
2021,El Dorado County,April,790,18,7,0,0,6,0,809,63,4,0,0,0,1,0,66,25,6,4,1,0,7,0,7,0,7,22,29
2021,Fresno County,April,4189,140,47,4,118,105,4,4153,3586,96,28,0,46,46,1,3617,191,227,124,93,5,151,164,320,4,75,236,315
2021,Glenn County,April,104,3,1,1,2,10,1,96,94,8,1,1,4,3,1,96,5,13,10,8,2,13,6,21,2,2,11,15
2021,Humboldt County,April,799,25,0,0,26,4,1,1082,15,0,0,0,5,0,0,10,25,31,0,5,1,4,31,36,0,0,25,25
2021,Imperial County,April,793,9,5,2,32,6,0,771,58,5,0,0,1,0,0,62,16,38,5,1,0,6,33,39,2,5,14,21
2021,Inyo County,April,107,6,3,0,12,5,0,99,39,0,1,0,6,3,0,31,9,17,1,9,0,8,18,26,0,4,6,10
2021,Kern County,April,7340,204,24,16,217,32,18,7317,0, , , , , , ,0,244,267, , ,18,32,217,267,16,24,204,244
2021,Kings County,April,1472,48,3,9,35,18,5,1474,1910,24,3,1,31,9,3,1895,60,58,28,43,8,27,66,101,10,6,72,88
2021,Lake County,April,460,11,6,4,25,0,3,453,29,0,0,1,1,0,1,28,21,28,1,2,4,0,26,30,5,6,11,22
2021,Lassen County,April,77,2,0,0,2,0,0,77,38,0,0,0,1,0,0,37,2,2,0,1,0,0,3,3,0,0,2,2
2021,Los Angeles County,April,31496,549,131,0,639,537,17,30983,396,3,0,0,3,0,2,394,680,1193,3,5,19,537,642,1198,0,131,552,683
2021,Madera County,April,2666,27,9,0,22,5,0,2675,601,31,9,0,16,11,0,614,36,27,40,27,0,16,38,54,0,18,58,76
2021,Marin County,April,1489,18,5,0,47,19,0,1446,810, , , , , , ,810,23,66, , ,0,19,47,66,0,5,18,23
2021,Mariposa County,April,87,6,1,0,2,0,0,92,7,5,12,0,0,6,1,17,7,2,17,7,1,6,2,9,0,13,11,24
2021,Mendocino County,April,652,13,0,0,13,0,10,642,98,4,0,0,5,0,1,96,13,23,4,6,11,0,18,29,0,0,17,17
2021,Merced County,April,1182,42,27,6,35,41,12,1169,18,0,0,0,1,0,0,17,75,88,0,1,12,41,36,89,6,27,42,75
2021,Modoc County,April,54,2,1,0,1,0,0,56,14,0,0,0,0,0,0,14,3,1,0,0,0,0,1,1,0,1,2,3
2021,Mono County,April,58,0,0,0,1,0,0,57,40,1,0,0,5,1,0,35,0,1,1,6,0,1,6,7,0,0,1,1
2021,Monterey County,April,1128,31,12,0,20,17,79,1055,201,2,1,0,9,2,10,183,43,116,3,21,89,19,29,137,0,13,33,46
2021,Napa County,April,492,22,15,10,20,25,0,494,766,26,15,2,22,32,0,755,47,45,43,54,0,57,42,99,12,30,48,90
2021,Nevada County,April,497,14,10,0,11,7,0,503,72,1,0,2,7,0,0,68,24,18,3,7,0,7,18,25,2,10,15,27
2021,Orange County,April,11057,618,161,82,626,165,65,11062,1589,49,4,0,50,7,1,1584,861,856,53,58,66,172,676,914,82,165,667,914
2021,Placer County,April,1594,52,1,0,12,7,9,1619,1218,30,0,0,18,2,6,1222,53,28,30,26,15,9,30,54,0,1,82,83
2021,Plumas County,April,77,1,1,0,2,1,0,76,62,3,1,0,2,0,2,62,2,3,4,4,2,1,4,7,0,2,4,6
2021,Riverside County,April,6494,229,133,14,458,192,0,6220,210,20,1,0,14,2,9,206,376,650,21,25,9,194,472,675,14,134,249,397
2021,Sacramento County,April,13466,222,0,0,813,0,0,12875,3245,35,0,12,72,0,0,3220,222,813,47,72,0,0,885,885,12,0,257,269
2021,San Benito County,April,119,4,3,0,4,3,0,119,74,1,1,0,2,1,1,72,7,7,2,4,1,4,6,11,0,4,5,9
2021,San Bernardino County,April,9809,575,95,19,469,271,8,9750,15,3,0,2,2,0,0,18,689,748,5,2,8,271,471,750,21,95,578,694
2021,San Diego County,April,6447,310,74,0,303,195,4,6329,441,17,1,0,22,11,0,426,384,502,18,33,4,206,325,535,0,75,327,402
2021,San Francisco County,April,1370,29,19,9,48,3,41,1335,692,12,2,3,23,1,8,677,57,92,17,32,49,4,71,124,12,21,41,74
2021,San Joaquin County,April,2019,42,28,11,316,45,14,1725,1873,56,30,1,139,47,5,1769,81,375,87,191,19,92,455,566,12,58,98,168
2021,San Luis Obispo County,April,875,30,41,9,45,38,7,865,347,6,8,0,17,21,3,320,80,90,14,41,10,59,62,131,9,49,36,94
2021,San Mateo County,April,2975,48,7,0,50,20,14,2946,2729,48,3,0,31,11,12,2726,55,84,51,54,26,31,81,138,0,10,96,106
2021,Santa Barbara County,April,1819,57,23,0,71,8,10,1810,694,36,13,0,43,0,6,694,80,89,49,49,16,8,114,138,0,36,93,129
2021,Santa Clara County,April,4332,347,79,273,481,110,521,3919,1099,87,24,112,121,32,144,1025,699,1112,223,297,665,142,602,1409,385,103,434,922
2021,Santa Cruz County,April,995,22,10,2,29,13,0,987,222,5,0,14,16,8,0,217,34,42,19,24,0,21,45,66,16,10,27,53
2021,Shasta County,April,1229,30,3,0,53,3,0,1206,1,0,0,0,0,0,0,1,33,56,0,0,0,3,53,56,0,3,30,33
2021,Sierra County,April,18,1,0,0,0,0,0,19,16,0,0,0,1,0,0,15,1,0,0,1,0,0,1,1,0,0,1,1
2021,Siskiyou County,April,289,9,5,0,15,8,0,280,2,0,0,0,0,0,0,2,14,23,0,0,0,8,15,23,0,5,9,14
2021,Solano County,April,1172,46,0,0,103,0,0,1115,519,12,0,0,69,1,0,461,46,103,12,70,0,1,172,173,0,0,58,58
2021,Sonoma County,April,991,59,51,0,149,61,1,890,0,15,15,0,15,15,0,0,110,211,30,30,1,76,164,241,0,66,74,140
2021,Stanislaus County,April,2488,114,51,0,106,77,16,2454,146,6,16,15,28,6,0,149,165,199,37,34,16,83,134,233,15,67,120,202
2021,Sutter County,April,558,18,3,2,40,15,4,522,6,0,0,0,3,0,0,3,23,59,0,3,4,15,43,62,2,3,18,23
2021,Tehama County,April,1015,7,2,0,0,0,3,1021,63,0,0,0,0,0,0,63,9,3,0,0,3,0,0,3,0,2,7,9
2021,Trinity County,April,57,1,4,0,2,0,1,59,4,0,1,0,0,0,0,5,5,3,1,0,1,0,2,3,0,5,1,6
2021,Tulare County,April,2305,0,0,0,0,0,0,2305,193, , , , , , ,193,0,0, , ,0,0,0,0,0,0,0,0
2021,Tuolumne County,April,440,10,17,3,8,10,4,448,118,2,0,3,1,2,3,117,30,22,5,6,7,12,9,28,6,17,12,35
2021,Ventura County,April,1914,71,51,0,230,0,0,1806,5420,75,1,0,156,4,0,5336,122,230,76,160,0,4,386,390,0,52,146,198
2021,Yolo County,April,767,6,10,4,31,3,3,750,77,0,0,0,6,1,0,70,20,37,0,7,3,4,37,44,4,10,6,20
2021,Yuba County,April,357,13,0,0,3,6,3,358,46,0,0,0,1,0,1,44,13,12,0,2,4,6,4,14,0,0,13,13
2021,Alameda County,May,2716,1,109,16,10,1,13,2818,31,0,0,6,0,0,1,36,126,24,6,1,14,1,10,25,22,109,1,132
2021,Alpine County,May,6,0,0,0,0,1,0,5,48,4,2,0,2,1,0,51,0,1,6,3,0,2,2,4,0,2,4,6
2021,Amador County,May,196,7,1,8,7,9,0,196,878,13,0,8,95,3,0,801,16,16,21,98,0,12,102,114,16,1,20,37
2021,Butte County,May,596,33,21,5,33,38,5,579,176,17,9,1,15,18,3,167,59,76,27,36,8,56,48,112,6,30,50,86
2021,Calaveras County,May,145,6,5,2,3,8,5,142,55,0,2,0,4,0,0,53,13,16,2,4,5,8,7,20,2,7,6,15
2021,Colusa County,May,63,5,0,0,2,3,2,61,9,0,0,0,2,0,0,7,5,7,0,2,2,3,4,9,0,0,5,5
2021,Contra Costa County,May,3388,71,1,2,92,3,43,3324,2,0,0,0,0,0,0,2,74,138,0,0,43,3,92,138,2,1,71,74
2021,Del Norte County,May,115,7,3,2,3,4,1,119,38,1,1,0,1,3,2,34,12,8,2,6,3,7,4,14,2,4,8,14
2021,El Dorado County,May,797,14,8,0,0,16,0,803,65,1,0,0,0,0,0,66,22,16,1,0,0,16,0,16,0,8,15,23
2021,Fresno County,May,4153,104,39,3,27,101,6,4165,3617,92,20,2,29,36,2,3664,146,134,114,67,8,137,56,201,5,59,196,260
2021,Glenn County,May,153,0,0,0,0,0,0,153,116, , , , , , ,116,0,0, , ,0,0,0,0,0,0,0,0
2021,Humboldt County,May,797,16,0,0,4,1,3,805,6,0,0,0,1,1,1,3,16,8,0,3,4,2,5,11,0,0,16,16
2021,Imperial County,May,771,14,10,6,104,12,5,680,62,1,0,0,2,0,0,61,30,121,1,2,5,12,106,123,6,10,15,31
2021,Inyo County,May,99,7,1,0,2,6,1,98,33,5,3,0,5,2,0,34,8,9,8,7,1,8,7,16,0,4,12,16
2021,Kern County,May,7317,193,23,15,216,31,18,7283,0, , , , , , ,0,231,265, , ,18,31,216,265,15,23,193,231
2021,Kings County,May,1474,26,6,2,24,7,24,1453,1895,26,2,0,5,5,306,1607,34,55,28,316,330,12,29,371,2,8,52,62
2021,Lake County,May,449,14,1,6,21,0,1,448,28,0,0,0,2,0,0,26,21,22,0,2,1,0,23,24,6,1,14,21
2021,Lassen County,May,75,1,0,0,1,0,0,75,37,2,0,0,0,0,0,39,1,1,2,0,0,0,1,1,0,0,3,3
2021,Los Angeles County,May,30561,562,157,0,554,499,7,30220,365,0,0,0,4,1,2,358,719,1060,0,7,9,500,558,1067,0,157,562,719
2021,Madera County,May,2675,40,14,0,7,6,4,2712,614,51,14,0,6,11,4,658,54,17,65,21,8,17,13,38,0,28,91,119
2021,Marin County,May,1420,23,6,0,8,2,0,1439,803,15,4,0,12,4,0,806,29,10,19,16,0,6,20,26,0,10,38,48
2021,Mariposa County,May,92,6,0,2,0,1,1,98,17,0,4,0,0,5,0,16,8,2,4,5,1,6,0,7,2,4,6,12
2021,Mendocino County,May,643,20,0,0,18,0,5,640,95,4,0,0,9,0,1,89,20,23,4,10,6,0,27,33,0,0,24,24
2021,Merced County,May,1048,42,31,2,22,55,8,1038,13,0,0,0,1,0,0,12,75,85,0,1,8,55,23,86,2,31,42,75
2021,Modoc County,May,70,4,1,0,1,1,0,73,24,0,1,0,0,1,0,24,5,2,1,1,0,2,1,3,0,2,4,6
2021,Mono County,May,57,1,0,0,1,0,0,57,35,1,1,0,1,0,0,36,1,1,2,1,0,0,2,2,0,1,2,3
2021,Monterey County,May,1055,27,18,0,14,18,37,1031,183,4,0,5,9,3,0,180,45,69,9,12,37,21,23,81,5,18,31,54
2021,Napa County,May,494,12,14,2,11,22,0,489,755,31,9,2,34,20,0,743,28,33,42,54,0,42,45,87,4,23,43,70
2021,Nevada County,May,503,17,12,2,16,6,0,512,68,0,0,0,3,0,0,65,31,22,0,3,0,6,19,25,2,12,17,31
2021,Orange County,May,11062,562,151,86,776,162,78,10845,1584,32,3,0,69,7,0,1543,799,1016,35,76,78,169,845,1092,86,154,594,834
2021,Placer County,May,1573,12,0,0,3,0,3,1579,1180,10,0,0,2,0,1,1187,12,6,10,3,4,0,5,9,0,0,22,22
2021,Plumas County,May,76,5,4,0,3,3,0,79,62,3,2,1,5,2,4,57,9,6,6,11,4,5,8,17,1,6,8,15
2021,Riverside County,May,6220,235,117,20,339,172,0,6081,206,24,2,0,13,1,11,207,372,511,26,25,11,173,352,536,20,119,259,398
2021,Sacramento County,May,12875,165,0,0,636,0,0,12404,3220,30,0,3,48,0,0,3205,165,636,33,48,0,0,684,684,3,0,195,198
2021,San Benito County,May,119,5,4,1,1,2,1,125,72,4,1,2,3,1,0,75,10,4,7,4,1,3,4,8,3,5,9,17
2021,San Bernardino County,May,9750,618,90,29,397,270,4,9816,18,2,0,1,1,2,0,18,737,671,3,3,4,272,398,674,30,90,620,740
2021,San Diego County,May,6329,315,92,0,161,125,2,6448,426,14,1,0,16,4,1,420,407,288,15,21,3,129,177,309,0,93,329,422
2021,San Francisco County,May,1335,28,23,5,54,5,31,1301,677,16,11,4,31,0,11,666,56,90,31,42,42,5,85,132,9,34,44,87
2021,San Joaquin County,May,1725,34,34,9,131,28,12,1631,1769,43,32,6,54,40,4,1752,77,171,81,98,16,68,185,269,15,66,77,158
2021,San Luis Obispo County,May,865,23,39,10,32,33,7,865,320,18,9,0,16,14,1,316,72,72,27,31,8,47,48,103,10,48,41,99
2021,San Mateo County,May,2946,45,12,0,56,13,14,2920,2726,30,6,0,25,8,16,2713,57,83,36,49,30,21,81,132,0,18,75,93
2021,Santa Barbara County,May,1796,46,19,0,56,5,4,1796,673,23,8,0,21,0,1,682,65,65,31,22,5,5,77,87,0,27,69,96
2021,Santa Clara County,May,3919,301,82,265,173,130,394,3870,1025,65,11,65,44,38,85,999,648,697,141,167,479,168,217,864,330,93,366,789
2021,Santa Cruz County,May,987,20,12,0,16,19,1,983,217,3,1,10,13,8,0,210,32,36,14,21,1,27,29,57,10,13,23,46
2021,Shasta County,May,1235,46,3,0,71,3,0,1210,1,0,0,0,0,0,0,1,49,74,0,0,0,3,71,74,0,3,46,49
2021,Sierra County,May,19,1,0,0,0,0,0,20,15,1,0,0,0,0,0,16,1,0,1,0,0,0,0,0,0,0,2,2
2021,Siskiyou County,May,280,9,1,0,23,10,1,256,2,0,0,0,1,0,0,1,10,34,0,1,1,10,24,35,0,1,9,10
2021,Solano County,May,1116,37,1,0,33,0,0,1121,500,11,1,0,12,0,0,500,38,33,12,12,0,0,45,45,0,2,48,50
2021,Sonoma County,May,890,33,44,0,66,57,1,843,0,14,10,0,17,6,1,0,77,124,24,24,2,63,83,148,0,54,47,101
2021,Stanislaus County,May,2454,112,66,31,119,43,4,2497,149,6,5,11,18,8,0,145,209,166,22,26,4,51,137,192,42,71,118,231
2021,Sutter County,May,522,24,1,0,16,11,4,516,3,0,0,0,0,0,0,3,25,31,0,0,4,11,16,31,0,1,24,25
2021,Tehama County,May,1021,5,2,0,1,0,9,1018,63,0,0,0,0,0,0,63,7,10,0,0,9,0,1,10,0,2,5,7
2021,Trinity County,May,59,1,0,0,3,1,3,53,5,0,0,0,1,0,0,4,1,7,0,1,3,1,4,8,0,0,1,1
2021,Tulare County,May,1688,57,26,3,58,19,0,1697,149,3,14,0,24,3,0,139,86,77,17,27,0,22,82,104,3,40,60,103
2021,Tuolumne County,May,448,12,8,3,11,3,3,454,117,1,0,2,0,0,1,119,23,17,3,1,4,3,11,18,5,8,13,26
2021,Ventura County,May,1780,60,15,0,72,0,0,1783,5293,49,1,0,95,23,0,5225,75,72,50,118,0,23,167,190,0,16,109,125
2021,Yolo County,May,750,14,9,2,22,21,0,732,77,0,0,0,3,0,0,74,25,43,0,3,0,21,25,46,2,9,14,25
2021,Yuba County,May,358,21,0,2,11,3,1,366,44,1,0,0,2,1,0,42,23,15,1,3,1,4,13,18,2,0,22,24
2021,Alameda County,June,2705,0,125,15,14,5,1,2825,32,0,0,1,1,0,0,32,140,20,1,1,1,5,15,21,16,125,0,141
2021,Alpine County,June,5,1,0,0,1,0,1,4,51,0,2,0,2,0,0,51,1,2,2,2,1,0,3,4,0,2,1,3
2021,Amador County,June,196,5,4,0,11,5,0,189,801,19,3,4,38,7,0,782,9,16,26,45,0,12,49,61,4,7,24,35
2021,Butte County,June,576,37,37,4,32,30,6,586,179,22,17,0,19,15,1,183,78,68,39,35,7,45,51,103,4,54,59,117
2021,Calaveras County,June,143,2,6,1,3,10,1,138,53,1,1,0,2,2,1,50,9,14,2,5,2,12,5,19,1,7,3,11
2021,Colusa County,June,61,2,2,0,0,6,0,59,7,0,0,0,0,0,0,7,4,6,0,0,0,6,0,6,0,2,2,4
2021,Contra Costa County,June,3324,76,2,4,86,2,45,3273,2,0,0,0,0,0,0,2,82,133,0,0,45,2,86,133,4,2,76,82
2021,Del Norte County,June,119,9,1,0,3,2,1,123,34,2,2,0,1,3,1,33,10,6,4,5,2,5,4,11,0,3,11,14
2021,El Dorado County,June,806,19,13,0,0,11,0,827,62,1,1,0,0,0,0,64,32,11,2,0,0,11,0,11,0,14,20,34
2021,Fresno County,June,4165,115,44,1,104,118,4,4099,3664,67,31,1,67,61,0,3635,160,226,99,128,4,179,171,354,2,75,182,259
2021,Glenn County,June,101,10,3,2,1,1,0,114,89,6,2,1,3,3,2,90,15,2,9,8,2,4,4,10,3,5,16,24
2021,Humboldt County,June,794,22,0,1,17,3,3,794,2,0,0,0,0,0,0,2,23,23,0,0,3,3,17,23,1,0,22,23
2021,Imperial County,June,680,36,0,1,54,3,49,611,60,21,0,0,0,0,7,74,37,106,21,7,56,3,54,113,1,0,57,58
2021,Inyo County,June,97,7,4,0,12,5,3,88,34,2,1,0,9,7,0,21,11,20,3,16,3,12,21,36,0,5,9,14
2021,Kern County,June,7283,178,21,14,189,28,16,7569,0, , , , , , ,0,213,233, , ,16,28,189,233,14,21,178,213
2021,Kings County,June,1453,44,7,20,51,19,16,1438,1607,23,2,0,58,38,8,1528,71,86,25,104,24,57,109,190,20,9,67,96
2021,Lake County,June,443,14,3,1,13,0,1,447,26,0,0,0,2,0,0,24,18,14,0,2,1,0,15,16,1,3,14,18
2021,Lassen County,June,75,1,0,0,1,0,0,75,38,0,0,0,0,0,0,38,1,1,0,0,0,0,1,1,0,0,1,1
2021,Los Angeles County,June,29638,634,170,0,539,517,16,29370,351,1,0,0,6,0,0,346,804,1072,1,6,16,517,545,1078,0,170,635,805
2021,Madera County,June,2712,29,7,0,10,14,0,2724,658,33,4,0,12,36,0,647,36,24,37,48,0,50,22,72,0,11,62,73
2021,Marin County,June,1439,13,3,0,17,4,0,1434,806,10,3,0,17,6,0,796,16,21,13,23,0,10,34,44,0,6,23,29
2021,Mariposa County,June,98,3,3,0,1,4,0,99,16,2,7,0,4,4,0,17,6,5,9,8,0,8,5,13,0,10,5,15
2021,Mendocino County,June,632,12,0,0,17,0,6,644,87,6,0,0,8,0,0,85,12,23,6,8,6,0,25,31,0,0,18,18
2021,Merced County,June,1019,56,41,5,16,37,6,1062,12,0,0,0,0,0,0,12,102,59,0,0,6,37,16,59,5,41,56,102
2021,Modoc County,June,65,2,1,0,1,1,0,66,20,0,0,0,1,0,0,19,3,2,0,1,0,1,2,3,0,1,2,3
2021,Mono County,June,57,1,0,0,0,0,0,58,36,0,0,0,0,0,0,36,1,0,0,0,0,0,0,0,0,0,1,1
2021,Monterey County,June,1031,28,17,0,12,17,40,1007,180,2,1,5,9,2,0,177,45,69,8,11,40,19,21,80,5,18,30,53
2021,Napa County,June,489,25,12,0,17,27,4,478,743,19,10,5,6,22,0,749,37,48,34,28,4,49,23,76,5,22,44,71
2021,Nevada County,June,512,13,8,2,6,13,0,516,65,1,0,0,2,1,0,63,23,19,1,3,0,14,8,22,2,8,14,24
2021,Orange County,June,10845,653,178,43,839,200,50,10630,1543,48,9,0,47,13,0,1540,874,1089,57,60,50,213,886,1149,43,187,701,931
2021,Placer County,June,1472,48,0,0,22,3,20,1475,1163,37,0,0,21,3,2,1174,48,45,37,26,22,6,43,71,0,0,85,85
2021,Plumas County,June,77,0,2,0,4,3,2,70,57,5,1,0,4,2,1,56,2,9,6,7,3,5,8,16,0,3,5,8
2021,Riverside County,June,6081,306,140,21,339,194,0,6015,207,24,1,0,17,1,13,201,467,533,25,31,13,195,356,564,21,141,330,492
2021,Sacramento County,June,12404,206,0,0,681,0,0,11929,3205,39,0,0,61,0,0,3183,206,681,39,61,0,0,742,742,0,0,245,245
2021,San Benito County,June,116,0,0,0,2,0,0,114,1,0,0,0,0,0,0,1,0,2,0,0,0,0,2,2,0,0,0,0
2021,San Bernardino County,June,9672,707,93,30,484,271,8,9739,18,1,0,1,1,0,0,19,830,763,2,1,8,271,485,764,31,93,708,832
2021,San Diego County,June,6448,337,78,0,305,189,9,6360,420,27,2,0,27,4,0,418,415,503,29,31,9,193,332,534,0,80,364,444
2021,San Francisco County,June,1301,35,38,9,55,8,27,1293,666,24,14,2,29,1,12,664,82,90,40,42,39,9,84,132,11,52,59,122
2021,San Joaquin County,June,1631,53,26,18,94,43,9,1582,1752,44,32,1,64,51,4,1710,97,146,77,119,13,94,158,265,19,58,97,174
2021,San Luis Obispo County,June,865,39,26,12,23,27,4,888,316,13,10,0,10,19,3,307,77,54,23,32,7,46,33,86,12,36,52,100
2021,San Mateo County,June,2920,51,6,0,43,21,4,2909,2726,51,2,0,35,11,11,2722,57,68,53,57,15,32,78,125,0,8,102,110
2021,Santa Barbara County,June,1738,48,32,0,129,11,3,1675,642,36,10,0,33,3,6,646,80,143,46,42,9,14,162,185,0,42,84,126
2021,Santa Clara County,June,3870,345,84,294,231,97,527,3738,999,97,18,74,61,22,126,979,723,855,189,209,653,119,292,1064,368,102,442,912
2021,Santa Cruz County,June,983,0,0,0,0,0,0,983,210, , , , , , ,210,0,0, , ,0,0,0,0,0,0,0,0
2021,Shasta County,June,1210,24,8,0,66,8,0,1168,1,0,0,0,0,0,0,1,32,74,0,0,0,8,66,74,0,8,24,32
2021,Sierra County,June,20,0,0,0,0,0,0,20,16,1,0,0,0,0,0,17,0,0,1,0,0,0,0,0,0,0,1,1
2021,Siskiyou County,June,256,7,1,0,11,4,1,248,1,0,0,0,0,0,0,1,8,16,0,0,1,4,11,16,0,1,7,8
2021,Solano County,June,1119,42,2,0,52,0,0,1111,501,10,0,0,23,0,0,488,44,52,10,23,0,0,75,75,0,2,52,54
2021,Sonoma County,June,843,53,58,1,70,55,2,828,0,13,16,2,14,7,10,0,112,127,31,31,12,62,84,158,3,74,66,143
2021,Stanislaus County,June,2497,119,57,13,97,65,9,2515,145,4,3,6,8,3,0,147,189,171,13,11,9,68,105,182,19,60,123,202
2021,Sutter County,June,516,18,3,1,22,7,1,508,3,0,0,0,0,0,0,3,22,30,0,0,1,7,22,30,1,3,18,22
2021,Tehama County,June,1018,6,1,0,0,0,4,1021,63,1,0,0,0,0,0,64,7,4,1,0,4,0,0,4,0,1,7,8
2021,Trinity County,June,53,2,0,0,0,2,3,50,4,0,0,0,0,0,0,4,2,5,0,0,3,2,0,5,0,0,2,2
2021,Tulare County,June,1697,75,27,1,73,21,2,1704,139,6,3,0,19,9,0,120,103,96,9,28,2,30,92,124,1,30,81,112
2021,Tuolumne County,June,454,18,14,3,2,5,11,471,119,2,0,3,1,1,2,120,35,18,5,4,13,6,3,22,6,14,20,40
2021,Ventura County,June,1767,47,36,0,69,0,0,1781,5170,57,1,0,131,151,0,4946,83,69,58,282,0,151,200,351,0,37,104,141
2021,Yolo County,June,732,29,11,0,30,20,0,722,74,1,0,0,1,0,0,74,40,50,1,1,0,20,31,51,0,11,30,41
2021,Yuba County,June,366,21,0,3,8,2,1,379,42,0,0,0,1,1,1,39,24,11,0,3,2,3,9,14,3,0,21,24
2021,Alameda County,July,2624,0,83,8,8,1,2,2704,29,0,0,0,1,0,0,28,91,11,0,1,2,1,9,12,8,83,0,91
2021,Alpine County,July,6,0,0,0,0,0,0,6,54, , , , , , ,54,0,0, , ,0,0,0,0,0,0,0,0
2021,Amador County,July,189,5,1,0,8,1,0,186,782,23,2,5,27,12,0,773,6,9,30,39,0,13,35,48,5,3,28,36
2021,Butte County,July,580,45,39,2,16,46,9,595,192,28,7,3,22,21,0,187,86,71,38,43,9,67,38,114,5,46,73,124
2021,Calaveras County,July,139,7,2,1,7,6,3,133,50,3,2,0,1,4,2,48,10,16,5,7,5,10,8,23,1,4,10,15
2021,Colusa County,July,59,4,0,0,2,2,0,59,7,0,1,0,0,0,1,7,4,4,1,1,1,2,2,5,0,1,4,5
2021,Contra Costa County,July,3273,65,3,9,86,1,38,3225,2,0,0,0,0,0,0,2,77,125,0,0,38,1,86,125,9,3,65,77
2021,Del Norte County,July,123,11,5,0,4,1,0,134,33,3,0,0,0,2,3,31,16,5,3,5,3,3,4,10,0,5,14,19
2021,El Dorado County,July,785,14,9,0,0,20,0,788,60,0,0,0,0,1,0,59,23,20,0,1,0,21,0,21,0,9,14,23
2021,Fresno County,July,4099,120,41,3,25,103,4,4131,3635,49,24,2,26,52,3,3629,164,132,75,81,7,155,51,213,5,65,169,239
2021,Glenn County,July,114,6,3,1,5,8,2,109,90,4,0,1,2,2,0,91,10,15,5,4,2,10,7,19,2,3,10,15
2021,Humboldt County,July,794,21,0,0,19,2,9,785,2,0,0,0,0,0,0,2,21,30,0,0,9,2,19,30,0,0,21,21
2021,Imperial County,July,611,29,5,3,19,6,3,620,74,11,0,0,0,0,0,85,37,28,11,0,3,6,19,28,3,5,40,48
2021,Inyo County,July,84,4,1,0,2,5,3,79,28,0,3,0,0,0,0,31,5,10,3,0,3,5,2,10,0,4,4,8
2021,Kern County,July,7263,195,23,15,173,28,15,7280,0, , , , , , ,0,233,216, , ,15,28,173,216,15,23,195,233
2021,Kings County,July,1438,25,6,1,72,4,3,1391,1528,18,4,0,108,8,1,1433,32,79,22,117,4,12,180,196,1,10,43,54
2021,Lake County,July,439,10,1,0,12,0,0,438,25,0,0,0,0,0,0,25,11,12,0,0,0,0,12,12,0,1,10,11
2021,Lassen County,July,75,2,0,0,7,0,0,70,39,1,0,0,0,0,0,40,2,7,1,0,0,0,7,7,0,0,3,3
2021,Los Angeles County,July,29278,541,129,0,448,487,19,28994,323,2,0,0,3,0,0,322,670,954,2,3,19,487,451,957,0,129,543,672
2021,Madera County,July,2724,6,2,0,3,17,4,2708,647,12,5,0,3,52,0,609,8,24,17,55,4,69,6,79,0,7,18,25
2021,Marin County,July,1434,14,3,0,24,1,0,1426,796,13,3,0,5,18,0,789,17,25,16,23,0,19,29,48,0,6,27,33
2021,Mariposa County,July,99,8,2,0,1,2,1,105,17,11,1,0,1,2,0,26,10,4,12,3,1,4,2,7,0,3,19,22
2021,Mendocino County,July,627,20,0,0,21,0,4,622,84,5,0,0,6,0,2,81,20,25,5,8,6,0,27,33,0,0,25,25
2021,Merced County,July,1048,43,37,5,9,53,5,1066,10,0,0,0,0,0,0,10,85,67,0,0,5,53,9,67,5,37,43,85
2021,Modoc County,July,67,1,0,0,1,0,0,67,24,0,1,0,1,0,0,24,1,1,1,1,0,0,2,2,0,1,1,2
2021,Mono County,July,58,2,0,0,1,0,1,58,36,0,0,0,2,0,0,34,2,2,0,2,1,0,3,4,0,0,2,2
2021,Monterey County,July,1007,33,13,0,12,21,5,1015,177,1,1,1,10,1,0,169,46,38,3,11,5,22,22,49,1,14,34,49
2021,Napa County,July,478,18,14,12,17,33,0,472,749,37,9,5,28,36,0,736,44,50,51,64,0,69,45,114,17,23,55,95
2021,Nevada County,July,516,16,14,0,9,7,0,530,65,1,0,0,2,1,0,63,30,16,1,3,0,8,11,19,0,14,17,31
2021,Orange County,July,10630,653,96,79,426,155,84,10793,1540,38,0,0,29,4,1,1544,828,665,38,34,85,159,455,699,79,96,691,866
2021,Placer County,July,1442,47,1,0,10,2,6,1472,1157,34,0,0,11,3,3,1174,48,18,34,17,9,5,21,35,0,1,81,82
2021,Plumas County,July,71,3,1,1,6,0,1,69,58,2,0,0,3,1,0,56,5,7,2,4,1,1,9,11,1,1,5,7
2021,Riverside County,July,6015,281,140,18,221,170,0,6063,201,25,0,0,5,1,0,220,439,391,25,6,0,171,226,397,18,140,306,464
2021,Sacramento County,July,11929,188,0,0,687,0,0,11430,3183,41,0,9,38,0,0,3195,188,687,50,38,0,0,725,725,9,0,229,238
2021,San Benito County,July,117,5,2,1,3,4,0,118,1,0,0,0,0,0,0,1,8,7,0,0,0,4,3,7,1,2,5,8
2021,San Bernardino County,July,9739,625,76,12,540,293,6,9613,19,1,0,2,1,0,0,21,713,839,3,1,6,293,541,840,14,76,626,716
2021,San Diego County,July,6360,301,77,0,167,170,4,6397,418,11,1,0,14,8,0,408,378,341,12,22,4,178,181,363,0,78,312,390
2021,San Francisco County,July,1293,31,27,7,106,10,36,1206,664,15,6,0,41,1,12,631,65,152,21,54,48,11,147,206,7,33,46,86
2021,San Joaquin County,July,1582,56,28,15,71,36,12,1562,1710,42,34,2,54,66,5,1663,99,119,78,125,17,102,125,244,17,62,98,177
2021,San Luis Obispo County,July,888,28,25,17,29,34,3,892,307,9,12,0,20,28,3,277,70,66,21,51,6,62,49,117,17,37,37,91
2021,San Mateo County,July,2909,59,25,0,98,11,7,2877,2722,35,8,0,36,17,6,2706,84,116,43,59,13,28,134,175,0,33,94,127
2021,Santa Barbara County,July,1591,51,41,0,74,15,9,1585,624,40,7,0,35,3,5,628,92,98,47,43,14,18,109,141,0,48,91,139
2021,Santa Clara County,July,3738,281,105,336,140,138,455,3727,979,80,28,93,55,30,114,981,722,733,201,199,569,168,195,932,429,133,361,923
2021,Santa Cruz County,July,988,23,10,19,21,27,0,992,223,3,3,16,9,11,0,225,52,48,22,20,0,38,30,68,35,13,26,74
2021,Shasta County,July,1168,28,1,0,90,0,0,1107,1,0,0,0,0,0,0,1,29,90,0,0,0,0,90,90,0,1,28,29
2021,Sierra County,July,20,1,0,0,0,0,3,18,17,0,0,0,0,0,0,17,1,3,0,0,3,0,0,3,0,0,1,1
2021,Siskiyou County,July,248,7,2,0,8,6,2,241,1,0,0,0,0,1,0,0,9,16,0,1,2,7,8,17,0,2,7,9
2021,Solano County,July,1108,46,2,0,67,0,0,1089,497,14,0,0,49,0,0,462,48,67,14,49,0,0,116,116,0,2,60,62
2021,Sonoma County,July,828,35,49,0,48,49,1,814,0,19,8,0,14,10,3,0,84,98,27,27,4,59,62,125,0,57,54,111
2021,Stanislaus County,July,2515,136,51,7,95,73,12,2529,147,4,7,0,5,4,5,144,194,180,11,14,17,77,100,194,7,58,140,205
2021,Sutter County,July,508,18,5,1,14,5,1,512,3,2,0,0,0,1,0,4,24,20,2,1,1,6,14,21,1,5,20,26
2021,Tehama County,July,1021,2,0,0,0,0,11,1012,64,0,0,0,0,0,0,64,2,11,0,0,11,0,0,11,0,0,2,2
2021,Trinity County,July,50,4,0,0,5,1,0,48,4,0,0,0,0,0,0,4,4,6,0,0,0,1,5,6,0,0,4,4
2021,Tulare County,July,2102,0,0,0,0,0,0,2102,120,0, , , , , ,120,0,0,0, ,0,0,0,0,0,0,0,0
2021,Tuolumne County,July,471,0,0,0,0,0,0,471,120, , , , , , ,120,0,0, , ,0,0,0,0,0,0,0,0
2021,Ventura County,July,1768,58,30,0,78,0,0,1778,4925,76,1,0,120,9,0,4873,88,78,77,129,0,9,198,207,0,31,134,165
2021,Yolo County,July,722,13,12,1,37,15,0,696,74,1,0,0,0,0,0,75,26,52,1,0,0,15,37,52,1,12,14,27
2021,Yuba County,July,379,14,0,2,6,8,4,377,39,0,0,0,1,1,0,37,16,18,0,2,4,9,7,20,2,0,14,16
2021,Alameda County,August,2596,1,91,5,21,2,6,2664,28,0,1,2,0,0,0,31,97,29,3,0,6,2,21,29,7,92,1,100
2021,Alpine County,August,6,0,0,0,0,0,0,6,54, , , , , , ,54,0,0, , ,0,0,0,0,0,0,0,0
2021,Amador County,August,186,10,2,3,6,4,0,191,773,17,4,15,21,12,0,776,15,10,36,33,0,16,27,43,18,6,27,51
2021,Butte County,August,598,27,22,4,13,28,5,605,205,20,8,1,24,20,2,188,53,46,29,46,7,48,37,92,5,30,47,82
2021,Calaveras County,August,134,7,10,0,0,5,2,144,48,4,4,0,1,2,1,52,17,7,8,4,3,7,1,11,0,14,11,25
2021,Colusa County,August,59,4,2,0,3,2,1,59,7,0,0,0,1,0,0,6,6,6,0,1,1,2,4,7,0,2,4,6
2021,Contra Costa County,August,3225,127,2,13,123,1,43,3200,2,0,0,0,0,0,0,2,142,167,0,0,43,1,123,167,13,2,127,142
2021,Del Norte County,August,134,7,1,0,5,3,0,134,31,3,3,0,0,2,0,35,8,8,6,2,0,5,5,10,0,4,10,14
2021,El Dorado County,August,768,16,16,0,0,7,0,793,59,2,1,0,0,1,0,61,32,7,3,1,0,8,0,8,0,17,18,35
2021,Fresno County,August,4131,126,56,2,88,109,2,4116,3629,59,28,3,41,71,3,3604,184,199,90,115,5,180,129,314,5,84,185,274
2021,Glenn County,August,109,11,1,4,1,3,4,117,91,12,1,1,7,1,2,95,16,8,14,10,6,4,8,18,5,2,23,30
2021,Humboldt County,August,785,26,0,0,21,6,3,781,2,0,0,0,0,0,0,2,26,30,0,0,3,6,21,30,0,0,26,26
2021,Imperial County,August,620,44,0,4,41,6,2,619,85,16,0,0,0,0,0,101,48,49,16,0,2,6,41,49,4,0,60,64
2021,Inyo County,August,78,9,2,0,6,4,1,78,30,4,0,0,4,1,0,29,11,11,4,5,1,5,10,16,0,2,13,15
2021,Kern County,August,7280,202,24,15,198,32,17,7274,0, , , , , , ,0,241,247, , ,17,32,198,247,15,24,202,241
2021,Kings County,August,1391,32,3,3,40,11,9,1369,1433,36,6,0,73,12,0,1390,38,60,42,85,9,23,113,145,3,9,68,80
2021,Lake County,August,436,5,3,0,13,1,0,430,23,0,0,1,1,0,0,23,8,14,1,1,0,1,14,15,1,3,5,9
2021,Lassen County,August,70,1,1,0,0,0,0,72,39,0,0,0,3,0,0,36,2,0,0,3,0,0,3,3,0,1,1,2
2021,Los Angeles County,August,28667,511,145,0,433,550,7,28333,281,0,0,0,5,1,0,275,656,990,0,6,7,551,438,996,0,145,511,656
2021,Madera County,August,2722,0,0,0,0,0,0,2722,588, , , , , , ,588,0,0, , ,0,0,0,0,0,0,0,0
2021,Marin County,August,1426,8,10,0,18,5,0,1421,789,8,8,0,13,12,0,780,18,23,16,25,0,17,31,48,0,18,16,34
2021,Mariposa County,August,105,2,1,2,0,2,3,105,26,2,7,0,1,9,0,25,5,5,9,10,3,11,1,15,2,8,4,14
2021,Mendocino County,August,622,16,0,0,13,0,9,616,81,6,0,0,3,0,0,84,16,22,6,3,9,0,16,25,0,0,22,22
2021,Merced County,August,1063,57,36,2,16,41,4,1097,10,0,0,0,0,0,0,10,95,61,0,0,4,41,16,61,2,36,57,95
2021,Modoc County,August,69,1,0,0,1,0,0,69,23,0,0,0,0,0,0,23,1,1,0,0,0,0,1,1,0,0,1,1
2021,Mono County,August,58,0,0,2,4,0,0,56,34,2,0,0,0,0,0,36,2,4,2,0,0,0,4,4,2,0,2,4
2021,Monterey County,August,1015,38,0,0,15,19,36,983,169,1,0,0,6,5,6,153,38,70,1,17,42,24,21,87,0,0,39,39
2021,Napa County,August,472,27,11,10,13,34,0,473,736,40,16,0,19,38,1,734,48,47,56,58,1,72,32,105,10,27,67,104
2021,Nevada County,August,530,14,5,2,14,13,0,524,62,0,0,0,0,1,0,61,21,27,0,1,0,14,14,28,2,5,14,21
2021,Orange County,August,10756,649,146,122,477,177,67,10952,1544,25,9,0,44,8,0,1526,917,721,34,52,67,185,521,773,122,155,674,951
2021,Placer County,August,1422,33,0,0,25,2,1,1427,1161,35,2,0,18,4,0,1176,33,28,37,22,1,6,43,50,0,2,68,70
2021,Plumas County,August,69,2,0,0,2,3,3,63,57,5,1,0,2,2,3,56,2,8,6,7,6,5,4,15,0,1,7,8
2021,Riverside County,August,6063,353,133,12,277,202,0,6082,215,31,1,0,8,2,16,221,498,479,32,26,16,204,285,505,12,134,384,530
2021,Sacramento County,August,11420,212,0,0,746,0,0,10886,3195,69,0,51,77,0,0,3238,212,746,120,77,0,0,823,823,51,0,281,332
2021,San Benito County,August,118,7,3,2,4,4,5,117,69,2,0,4,8,1,2,64,12,13,6,11,7,5,12,24,6,3,9,18
2021,San Bernardino County,August,9613,643,85,35,443,290,8,9635,21,2,0,0,0,0,0,23,763,741,2,0,8,290,443,741,35,85,645,765
2021,San Diego County,August,6397,297,66,0,193,161,6,6400,408,17,1,0,14,10,0,402,363,360,18,24,6,171,207,384,0,67,314,381
2021,San Francisco County,August,1206,35,30,10,66,4,40,1171,631,19,6,4,19,0,15,626,75,110,29,34,55,4,85,144,14,36,54,104
2021,San Joaquin County,August,1562,49,23,21,75,38,13,1529,1663,47,38,4,74,71,7,1600,93,126,89,152,20,109,149,278,25,61,96,182
2021,San Luis Obispo County,August,892,32,31,12,33,36,5,893,277,15,13,0,12,21,1,271,75,74,28,34,6,57,45,108,12,44,47,103
2021,San Mateo County,August,2877,56,10,0,98,18,4,2823,2706,40,12,0,13,15,12,2718,66,120,52,40,16,33,111,160,0,22,96,118
2021,Santa Barbara County,August,1542,52,27,0,71,6,12,1532,621,40,15,0,31,1,3,641,79,89,55,35,15,7,102,124,0,42,92,134
2021,Santa Clara County,August,3727,333,86,339,304,114,462,3605,981,84,26,109,102,31,138,929,758,880,219,271,600,145,406,1151,448,112,417,977
2021,Santa Cruz County,August,1024,0,0,0,0,0,0,1024,265, , , , , , ,265,0,0, , ,0,0,0,0,0,0,0,0
2021,Shasta County,August,1106,26,4,0,63,4,0,1069,1,0,0,0,0,0,0,1,30,67,0,0,0,4,63,67,0,4,26,30
2021,Sierra County,August,18,1,0,0,0,0,2,17,17,1,0,0,0,0,2,16,1,2,1,2,4,0,0,4,0,0,2,2
2021,Siskiyou County,August,264,3,4,0,28,4,0,239,0,0,0,0,0,0,0,0,7,32,0,0,0,4,28,32,0,4,3,7
2021,Solano County,August,1093,69,2,0,68,1,0,1095,483,35,0,0,31,0,0,487,71,69,35,31,0,1,99,100,0,2,104,106
2021,Sonoma County,August,814,45,39,0,55,41,2,800,0,26,10,0,12,16,8,0,84,98,36,36,10,57,67,134,0,49,71,120
2021,Stanislaus County,August,2529,111,54,0,97,85,13,2499,144,6,6,6,15,3,1,143,165,195,18,19,14,88,112,214,6,60,117,183
2021,Sutter County,August,512,29,3,1,16,9,9,511,4,1,0,0,0,0,0,5,33,34,1,0,9,9,16,34,1,3,30,34
2021,Tehama County,August,1012,11,4,0,0,0,12,1015,64,1,0,0,0,0,1,64,15,12,1,1,13,0,0,13,0,4,12,16
2021,Trinity County,August,48,1,2,1,1,1,0,50,4,0,0,1,0,1,0,4,4,2,1,1,0,2,1,3,2,2,1,5
2021,Tulare County,August,1689,67,28,6,83,18,4,1685,105,8,6,1,10,2,0,108,101,105,15,12,4,20,93,117,7,34,75,116
2021,Tuolumne County,August,471,0,0,0,0,0,0,471,120, , , , , , ,120,0,0, , ,0,0,0,0,0,0,0,0
2021,Ventura County,August,1748,68,13,0,87,0,0,1742,4847,66,3,0,119,35,0,4762,81,87,69,154,0,35,206,241,0,16,134,150
2021,Yolo County,August,696,11,11,4,45,24,0,653,75,4,0,0,6,0,0,73,26,69,4,6,0,24,51,75,4,11,15,30
2021,Yuba County,August,377,15,0,3,4,5,3,383,52, , , , , , ,52,18,12, , ,3,5,4,12,3,0,15,18
2021,Alameda County,September,2542,0,85,16,34,2,8,2599,28,0,0,3,0,0,0,31,101,44,3,0,8,2,34,44,19,85,0,104
2021,Alpine County,September,4,0,0,0,0,0,0,4,52,3,0,0,6,0,0,49,0,0,3,6,0,0,6,6,0,0,3,3
2021,Amador County,September,240,0,0,0,0,0,0,240,979, , , , , , ,979,0,0, , ,0,0,0,0,0,0,0,0
2021,Butte County,September,596,38,22,6,23,41,6,592,207,19,10,1,29,22,1,185,66,70,30,52,7,63,52,122,7,32,57,96
2021,Calaveras County,September,144,2,7,0,4,10,0,139,52,3,1,0,3,3,0,50,9,14,4,6,0,13,7,20,0,8,5,13
2021,Colusa County,September,59,1,0,0,1,1,0,58,6,0,0,0,0,0,1,5,1,2,0,1,1,1,1,3,0,0,1,1
2021,Contra Costa County,September,3200,71,3,3,226,1,41,3009,2,0,0,0,0,0,0,2,77,268,0,0,41,1,226,268,3,3,71,77
2021,Del Norte County,September,134,8,3,1,2,4,0,140,35,4,2,0,0,1,0,40,12,6,6,1,0,5,2,7,1,5,12,18
2021,El Dorado County,September,767,7,15,0,0,8,0,781,59,1,0,0,0,0,0,60,22,8,1,0,0,8,0,8,0,15,8,23
2021,Fresno County,September,4116,127,56,1,99,125,1,4075,3604,83,38,0,71,60,0,3594,184,225,121,131,1,185,170,356,1,94,210,305
2021,Glenn County,September,117,0,0,0,0,0,0,117,95, , , , , , ,95,0,0, , ,0,0,0,0,0,0,0,0
2021,Humboldt County,September,783,33,0,1,14,7,1,795,3,1,0,0,0,0,0,4,34,22,1,0,1,7,14,22,1,0,34,35
2021,Imperial County,September,619,31,0,4,40,9,8,597,101,16,0,0,2,0,0,115,35,57,16,2,8,9,42,59,4,0,47,51
2021,Inyo County,September,80,5,0,0,3,5,0,77,26,4,2,0,1,1,0,30,5,8,6,2,0,6,4,10,0,2,9,11
2021,Kern County,September,7274,175,21,13,198,29,17,7239,0, , , , , , ,0,209,244, , ,17,29,198,244,13,21,175,209
2021,Kings County,September,1369,50,5,2,22,7,1,1396,1390,18,5,0,71,11,1,1330,57,30,23,83,2,18,93,113,2,10,68,80
2021,Lake County,September,425,7,1,0,11,0,1,421,23,0,0,0,0,0,0,23,8,12,0,0,1,0,11,12,0,1,7,8
2021,Lassen County,September,72,2,0,0,6,0,0,68,36,2,0,0,4,0,0,34,2,6,2,4,0,0,10,10,0,0,4,4
2021,Los Angeles County,September,28333,510,120,0,1559,514,20,26870,275, , , , , , ,275,630,2093, , ,20,514,1559,2093,0,120,510,630
2021,Madera County,September,2739,25,11,0,1,13,0,2761,675,32,12,0,2,24,0,693,36,14,44,26,0,37,3,40,0,23,57,80
2021,Marin County,September,1421,8,11,0,12,4,0,1424,780,8,2,0,4,12,0,774,19,16,10,16,0,16,16,32,0,13,16,29
2021,Mariposa County,September,105,2,1,2,0,2,3,105,26,2,7,0,1,9,0,25,5,5,9,10,3,11,1,15,2,8,4,14
2021,Mendocino County,September,616,13,0,0,18,0,3,608,87,4,0,0,5,0,2,84,13,21,4,7,5,0,23,28,0,0,17,17
2021,Merced County,September,1076,68,30,2,16,45,6,1109,10,0,0,0,0,0,0,10,100,67,0,0,6,45,16,67,2,30,68,100
2021,Modoc County,September,65,0,0,0,2,2,0,61,22,0,0,0,0,1,0,21,0,4,0,1,0,3,2,5,0,0,0,0
2021,Mono County,September,56,1,0,0,3,0,2,52,36,0,0,0,6,0,0,30,1,5,0,6,2,0,9,11,0,0,1,1
2021,Monterey County,September,1004,27,13,0,12,9,35,988,153,1,0,0,7,0,2,145,40,56,1,9,37,9,19,65,0,13,28,41
2021,Napa County,September,473,20,18,14,10,40,0,475,734,31,13,15,34,34,0,725,52,50,59,68,0,74,44,118,29,31,51,111
2021,Nevada County,September,524,7,12,5,9,5,1,533,61,0,0,1,5,0,0,57,24,15,1,5,1,5,14,20,6,12,7,25
2021,Orange County,September,10952,657,165,103,392,192,99,11194,1526,46,4,0,28,12,1,1535,925,683,50,41,100,204,420,724,103,169,703,975
2021,Placer County,September,1425,56,0,0,20,3,1,1457,1156,27,0,0,20,3,2,1158,56,24,27,25,3,6,40,49,0,0,83,83
2021,Plumas County,September,83,0,0,0,0,0,0,83,68, , , , , , ,68,0,0, , ,0,0,0,0,0,0,0,0
2021,Riverside County,September,6082,318,155,24,233,181,0,6165,221,30,1,0,12,0,0,240,497,414,31,12,0,181,245,426,24,156,348,528
2021,Sacramento County,September,10896,205,0,0,1640,0,0,9461,3238,49,0,25,63,0,0,3249,205,1640,74,63,0,0,1703,1703,25,0,254,279
2021,San Benito County,September,117,4,1,0,3,4,0,115,64,4,0,0,5,2,2,59,5,7,4,9,2,6,8,16,0,1,8,9
2021,San Bernardino County,September,9257,604,69,35,451,257,5,9252,22,1,0,1,2,2,0,20,708,713,2,4,5,259,453,717,36,69,605,710
2021,San Diego County,September,6400,366,64,0,246,227,6,6351,416,27,4,0,15,13,1,418,430,479,31,29,7,240,261,508,0,68,393,461
2021,San Francisco County,September,1171,32,15,5,97,4,37,1085,626,23,9,1,32,0,18,609,52,138,33,50,55,4,129,188,6,24,55,85
2021,San Joaquin County,September,1529,28,29,8,51,39,10,1494,1600,47,32,2,56,45,8,1572,65,100,81,109,18,84,107,209,10,61,75,146
2021,San Luis Obispo County,September,893,27,22,6,17,32,6,893,271,11,8,0,6,16,1,267,55,55,19,23,7,48,23,78,6,30,38,74
2021,San Mateo County,September,2823,72,12,0,45,25,6,2831,2718,32,2,0,22,16,15,2699,84,76,34,53,21,41,67,129,0,14,104,118
2021,Santa Barbara County,September,1456,50,33,0,86,6,8,1439,613,52,17,0,22,3,4,653,83,100,69,29,12,9,108,129,0,50,102,152
2021,Santa Clara County,September,3605,298,67,311,181,119,457,3524,929,75,17,65,53,13,130,890,676,757,157,196,587,132,234,953,376,84,373,833
2021,Santa Cruz County,September,961,36,18,5,27,18,0,975,227,16,5,11,14,10,0,235,59,45,32,24,0,28,41,69,16,23,52,91
2021,Shasta County,September,1069,0,0,0,0,0,0,1069,1, , , , , , ,1,0,0, , ,0,0,0,0,0,0,0,0
2021,Sierra County,September,17,2,0,0,1,0,0,18,16,1,0,0,1,0,0,16,2,1,1,1,0,0,2,2,0,0,3,3
2021,Siskiyou County,September,239,8,3,0,11,7,0,232,0,0,1,0,0,0,0,1,11,18,1,0,0,7,11,18,0,4,8,12
2021,Solano County,September,1093,87,1,0,49,0,0,1132,493,43,0,0,33,1,0,502,88,49,43,34,0,1,82,83,0,1,130,131
2021,Sonoma County,September,800,33,32,0,55,48,2,760,0,18,15,0,12,11,10,0,65,105,33,33,12,59,67,138,0,47,51,98
2021,Stanislaus County,September,2499,147,60,56,112,93,8,2549,143,8,9,0,7,4,8,141,263,213,17,19,16,97,119,232,56,69,155,280
2021,Sutter County,September,511,15,4,2,14,12,5,501,5,2,0,0,1,1,0,5,21,31,2,2,5,13,15,33,2,4,17,23
2021,Tehama County,September,1015,4,2,0,0,8,8,1005,64,0,0,0,0,0,0,64,6,16,0,0,8,8,0,16,0,2,4,6
2021,Trinity County,September,50,1,3,0,1,3,1,49,4,1,0,0,1,0,0,4,4,5,1,1,1,3,2,6,0,3,2,5
2021,Tulare County,September,1685,65,55,0,84,24,3,1694,108,0,7,0,6,4,0,105,120,111,7,10,3,28,90,121,0,62,65,127
2021,Tuolumne County,September,471,0,0,0,0,0,0,471,120, , , , , , ,120,0,0, , ,0,0,0,0,0,0,0,0
2021,Ventura County,September,1733,55,14,0,64,0,0,1738,4750,49,0,0,112,322,0,4365,69,64,49,434,0,322,176,498,0,14,104,118
2021,Yolo County,September,653,31,11,2,34,22,0,641,73,1,0,0,2,0,0,72,44,56,1,2,0,22,36,58,2,11,32,45
2021,Yuba County,September,383,0,0,0,0,0,0,383,53, , , , , , ,53,0,0, , ,0,0,0,0,0,0,0,0
2021,Alameda County,October,2507,0,97,23,36,3,2,2586,28,0,0,4,0,0,0,32,120,41,4,0,2,3,36,41,27,97,0,124
2021,Alpine County,October,4,1,0,0,0,0,0,5,49,1,2,0,1,1,2,48,1,0,3,4,2,1,1,4,0,2,2,4
2021,Amador County,October,196,9,3,7,12,5,0,198,777,15,0,7,25,2,0,772,19,17,22,27,0,7,37,44,14,3,24,41
2021,Butte County,October,773,0,0,0,0,0,0,773,211, , , , , , ,211,0,0, , ,0,0,0,0,0,0,0,0
2021,Calaveras County,October,139,4,4,2,2,4,2,141,50,0,3,0,0,3,2,48,10,8,3,5,4,7,2,13,2,7,4,13
2021,Colusa County,October,58,1,0,1,1,2,2,55,5,0,0,0,0,0,0,5,2,5,0,0,2,2,1,5,1,0,1,2
2021,Contra Costa County,October,3009,72,7,7,72,2,34,2987,2,0,0,0,0,0,0,2,86,108,0,0,34,2,72,108,7,7,72,86
2021,Del Norte County,October,140,6,0,1,3,3,2,139,40,1,0,0,0,1,1,39,7,8,1,2,3,4,3,10,1,0,7,8
2021,El Dorado County,October,754,19,17,0,0,7,0,783,54,1,0,0,0,1,0,54,36,7,1,1,0,8,0,8,0,17,20,37
2021,Fresno County,October,4075,130,66,7,100,98,8,4072,3594,87,44,1,58,65,1,3602,203,206,132,124,9,163,158,330,8,110,217,335
2021,Glenn County,October,118,4,0,0,2,6,4,110,92,6,0,0,3,2,1,92,4,12,6,6,5,8,5,18,0,0,10,10
2021,Humboldt County,October,794,31,0,0,18,6,3,798,3,0,0,0,0,0,0,3,31,27,0,0,3,6,18,27,0,0,31,31
2021,Imperial County,October,597,38,0,6,34,9,7,591,115,19,0,0,1,0,0,133,44,50,19,1,7,9,35,51,6,0,57,63
2021,Inyo County,October,75,1,4,0,1,4,0,75,30,4,2,0,2,2,0,32,5,5,6,4,0,6,3,9,0,6,5,11
2021,Kern County,October,7239,214,25,17,280,41,24,7150,0, , , , , , ,0,256,345, , ,24,41,280,345,17,25,214,256
2021,Kings County,October,1396,27,5,3,22,6,16,1387,1330,18,2,0,20,10,6,1314,35,44,20,36,22,16,42,80,3,7,45,55
2021,Lake County,October,407,5,1,0,11,0,0,402,21,0,0,0,0,0,0,21,6,11,0,0,0,0,11,11,0,1,5,6
2021,Lassen County,October,68,4,0,0,6,0,0,66,34,1,0,0,0,0,0,35,4,6,1,0,0,0,6,6,0,0,5,5
2021,Los Angeles County,October,26870,576,143,0,409,406,5,26769,254,0,0,0,6,0,2,246,719,820,0,8,7,406,415,828,0,143,576,719
2021,Madera County,October,2761,25,11,0,3,20,0,2774,693,50,21,0,2,20,0,742,36,23,71,22,0,40,5,45,0,32,75,107
2021,Marin County,October,1424,8,16,0,5,1,0,1442,774,8,8,0,11,3,0,776,24,6,16,14,0,4,16,20,0,24,16,40
2021,Mariposa County,October,105,0,0,0,1,2,0,102,25,5,4,0,2,3,0,29,0,3,9,5,0,5,3,8,0,4,5,9
2021,Mendocino County,October,615,19,0,0,15,0,11,608,77,11,0,0,3,0,0,85,19,26,11,3,11,0,18,29,0,0,30,30
2021,Merced County,October,1036,59,25,2,31,36,6,1049,9,0,0,0,0,0,0,9,86,73,0,0,6,36,31,73,2,25,59,86
2021,Modoc County,October,65,2,0,0,2,2,0,63,22,0,1,0,1,0,0,22,2,4,1,1,0,2,3,5,0,1,2,3
2021,Mono County,October,52,0,0,0,2,0,0,50,30,1,0,0,0,0,0,31,0,2,1,0,0,0,2,2,0,0,1,1
2021,Monterey County,October,988,43,16,0,17,23,1,1006,145,4,2,3,8,2,0,144,59,41,9,10,1,25,25,51,3,18,47,68
2021,Napa County,October,475,26,17,0,22,25,3,468,725,20,12,2,40,27,0,692,43,50,34,67,3,52,62,117,2,29,46,77
2021,Nevada County,October,533,13,6,3,18,12,0,525,57,4,1,2,0,5,0,59,22,30,7,5,0,17,18,35,5,7,17,29
2021,Orange County,October,11194,673,125,113,334,121,71,11579,1535,53,16,2,29,10,2,1565,911,526,71,41,73,131,363,567,115,141,726,982
2021,Placer County,October,1647,0,0,0,0,0,0,1647,1298, , , , , , ,1298,0,0, , ,0,0,0,0,0,0,0,0
2021,Plumas County,October,83,0,0,0,0,0,0,83,68, , , , , , ,68,0,0, , ,0,0,0,0,0,0,0,0
2021,Riverside County,October,6165,275,129,5,230,160,0,6184,226,11, ,0,6,1,0,230,409,390,11,7,0,161,236,397,5,129,286,420
2021,Sacramento County,October,9461,234,0,0,725,0,0,8970,3249,61,0,3,76,0,0,3237,234,725,64,76,0,0,801,801,3,0,295,298
2021,San Benito County,October,115,8,0,0,2,5,2,114,59,2,0,0,5,0,0,56,8,9,2,5,2,5,7,14,0,0,10,10
2021,San Bernardino County,October,9252,604,69,35,451,257,5,9247,22,1,0,1,2,2,0,20,708,713,2,4,5,259,453,717,36,69,605,710
2021,San Diego County,October,6350,359,97,0,188,197,4,6417,418,12,6,0,17,8,0,411,456,389,18,25,4,205,205,414,0,103,371,474
2021,San Francisco County,October,1085,41,22,5,86,4,35,1028,609,16,7,6,36,0,11,591,68,125,29,47,46,4,122,172,11,29,57,97
2021,San Joaquin County,October,1575,51,39,18,70,41,17,1555,1689,41,36,2,57,67,3,1641,108,128,79,127,20,108,127,255,20,75,92,187
2021,San Luis Obispo County,October,893,27,33,7,27,27,12,894,267,16,4,0,17,13,0,257,67,66,20,30,12,40,44,96,7,37,43,87
2021,San Mateo County,October,2831,76,10,0,48,17,6,2846,2699,67,3,0,34,15,8,2712,86,71,70,57,14,32,82,128,0,13,143,156
2021,Santa Barbara County,October,1393,51,38,0,48,4,5,1425,617,38,14,0,22,1,4,642,89,57,52,27,9,5,70,84,0,52,89,141
2021,Santa Clara County,October,3524,272,71,353,259,142,416,3403,927,64,19,86,71,25,100,900,696,817,169,196,516,167,330,1013,439,90,336,865
2021,Santa Cruz County,October,975,29,14,6,22,24,0,978,235,11,5,0,12,9,2,228,49,46,16,23,2,33,34,69,6,19,40,65
2021,Shasta County,October,1051,19,6,0,42,6,0,1028,1,0,0,0,0,0,0,1,25,48,0,0,0,6,42,48,0,6,19,25
2021,Sierra County,October,18,1,0,0,2,0,0,17,16,0,0,0,0,0,0,16,1,2,0,0,0,0,2,2,0,0,1,1
2021,Siskiyou County,October,232,5,1,0,12,7,1,218,1,0,0,0,1,0,0,0,6,20,0,1,1,7,13,21,0,1,5,6
2021,Solano County,October,1126,85,1,0,36,10,0,1166,510,38,0,0,32,11,0,505,86,46,38,43,0,21,68,89,0,1,123,124
2021,Sonoma County,October,760,59,30,0,35,38,0,776,0,22,9,0,15,13,3,0,89,73,31,31,3,51,50,104,0,39,81,120
2021,Stanislaus County,October,2549,139,63,0,93,80,15,2563,141,5,5,12,20,6,1,136,202,188,22,27,16,86,113,215,12,68,144,224
2021,Sutter County,October,501,34,6,0,14,11,6,510,14, , , , , , ,14,40,31, , ,6,11,14,31,0,6,34,40
2021,Tehama County,October,1013,13,2,0,0,0,7,1021,64,2,0,0,0,0,0,66,15,7,2,0,7,0,0,7,0,2,15,17
2021,Trinity County,October,49,2,0,0,0,2,0,49,4,0,0,0,0,0,0,4,2,2,0,0,0,2,0,2,0,0,2,2
2021,Tulare County,October,1694,62,22,5,122,40,6,1615,105,3,7,0,8,8,0,99,89,168,10,16,6,48,130,184,5,29,65,99
2021,Tuolumne County,October,471,0,0,0,0,0,0,471,120, , , , , , ,120,0,0, , ,0,0,0,0,0,0,0,0
2021,Ventura County,October,1718,45,25,0,57,0,0,1731,4335,55,7,0,123,0,0,4274,70,57,62,123,0,0,180,180,0,32,100,132
2021,Yolo County,October,641,25,14,2,27,22,3,630,72,0,0,0,1,0,0,71,41,52,0,1,3,22,28,53,2,14,25,41
2021,Yuba County,October,392,18,0,0,8,4,1,397,31,0,0,0,1,1,0,29,18,13,0,2,1,5,9,15,0,0,18,18
2021,Alameda County,November,2542,1,93,17,66,5,4,2578,31,0,1,4,1,0,0,35,111,75,5,1,4,5,67,76,21,94,1,116
2021,Alpine County,November,5,2,0,0,0,0,0,7,48,2,0,0,1,1,0,48,2,0,2,2,0,1,1,2,0,0,4,4
2021,Amador County,November,198,0,0,0,0,0,0,198,772, , , , , , ,772,0,0, , ,0,0,0,0,0,0,0,0
2021,Butte County,November,592,32,21,2,23,35,1,588,206,17,8,0,11,6,1,213,55,59,25,18,2,41,34,77,2,29,49,80
2021,Calaveras County,November,141,4,4,2,1,8,1,141,48,0,5,0,3,5,0,45,10,10,5,8,1,13,4,18,2,9,4,15
2021,Colusa County,November,55,2,0,0,0,2,1,54,5,0,0,0,0,0,0,5,2,3,0,0,1,2,0,3,0,0,2,2
2021,Contra Costa County,November,2987,91,1,2,54,2,22,3003,2,0,0,0,0,0,0,2,94,78,0,0,22,2,54,78,2,1,91,94
2021,Del Norte County,November,139,9,1,0,3,3,0,143,39,0,0,0,0,0,0,39,10,6,0,0,0,3,3,6,0,1,9,10
2021,El Dorado County,November,764,9,8,0,0,3,0,778,54,0,1,0,0,0,0,55,17,3,1,0,0,3,0,3,0,9,9,18
2021,Fresno County,November,4072,164,33,2,86,91,2,4092,3602,72,19,0,53,59,0,3581,199,179,91,112,2,150,139,291,2,52,236,290
2021,Glenn County,November,110,2,1,1,1,4,0,109,92,5,0,0,4,2,2,89,4,5,5,8,2,6,5,13,1,1,7,9
2021,Humboldt County,November,798,19,0,0,18,4,2,793,3,0,0,0,1,0,0,2,19,24,0,1,2,4,19,25,0,0,19,19
2021,Imperial County,November,591,20,9,2,31,12,4,575,133,10,0,0,1,0,0,142,31,47,10,1,4,12,32,48,2,9,30,41
2021,Inyo County,November,68,5,2,1,6,4,0,66,33,4,2,0,3,3,0,33,8,10,6,6,0,7,9,16,1,4,9,14
2021,Kern County,November,7150,211,25,16,163,23,13,7203,0, , , , , , ,0,252,199, , ,13,23,163,199,16,25,211,252
2021,Kings County,November,1387,25,6,12,20,7,11,1392,1314,18,2,0,20,10,6,1298,43,38,20,36,17,17,40,74,12,8,43,63
2021,Lake County,November,382,9,4,1,15,0,0,381,19,0,0,0,1,0,0,18,14,15,0,1,0,0,16,16,1,4,9,14
2021,Lassen County,November,66,4,0,0,2,13,0,55,35,0,0,0,7,0,0,36,4,15,0,7,0,13,9,22,0,0,4,4
2021,Los Angeles County,November,26469,598,130,0,315,361,0,26521,238,1,0,0,2,0,0,237,728,676,1,2,0,361,317,678,0,130,599,729
2021,Madera County,November,2774,24,20,0,1,6,0,2811,742,40,12,0,3,5,0,786,44,7,52,8,0,11,4,15,0,32,64,96
2021,Marin County,November,1442,13,3,0,5,8,0,1445,776,12,3,0,2,13,0,776,16,13,15,15,0,21,7,28,0,6,25,31
2021,Mariposa County,November,102,2,0,3,2,1,1,103,29,9,0,0,1,1,0,36,5,4,9,2,1,2,3,6,3,0,11,14
2021,Mendocino County,November,607,13,0,0,26,0,6,588,84,3,0,0,5,0,1,81,13,32,3,6,7,0,31,38,0,0,16,16
2021,Merced County,November,1017,68,38,1,11,38,0,1075,9,0,0,0,0,0,0,9,107,49,0,0,0,38,11,49,1,38,68,107
2021,Modoc County,November,63,0,2,0,0,2,0,63,62,0,0,0,0,0,0,62,2,2,0,0,0,2,0,2,0,2,0,2
2021,Mono County,November,50,0,0,0,1,0,0,49,31,0,0,0,2,0,0,29,0,1,0,2,0,0,3,3,0,0,0,0
2021,Monterey County,November,1006,31,11,0,13,16,17,1002,144,1,1,0,6,0,2,138,42,46,2,8,19,16,19,54,0,12,32,44
2021,Napa County,November,468,20,16,36,15,23,5,497,692,28,17,0,19,18,17,683,72,43,45,54,22,41,34,97,36,33,48,117
2021,Nevada County,November,525,11,10,2,18,15,0,515,59,0,0,1,3,0,0,57,23,33,1,3,0,15,21,36,3,10,11,24
2021,Orange County,November,11579,536,134,59,247,93,129,11839,1565,37,1,1,7,1,2,1594,729,469,39,10,131,94,254,479,60,135,573,768
2021,Placer County,November,1405,1,0,42,19,6,4,1419,1154,25,2,0,16,2,2,1161,43,29,27,20,6,8,35,49,42,2,26,70
2021,Plumas County,November,78,0,0,0,0,0,0,78,65, , , , , , ,65,0,0, , ,0,0,0,0,0,0,0,0
2021,Riverside County,November,6184,282,93,11,222,164,0,6184,216,13,3,0,10,1,7,214,386,386,16,18,7,165,232,404,11,96,295,402
2021,Sacramento County,November,8970,211,0,0,211,0,0,8970,3237,44,0,2,50,0,0,3233,211,211,46,50,0,0,261,261,2,0,255,257
2021,San Benito County,November,114,3,2,0,4,2,1,112,56,0,0,0,3,0,0,53,5,7,0,3,1,2,7,10,0,2,3,5
2021,San Bernardino County,November,9195,552,74,28,350,231,3,9265,21,0,0,1,1,0,0,21,654,584,1,1,3,231,351,585,29,74,552,655
2021,San Diego County,November,6417,291,87,0,233,149,2,6411,411,20,1,0,8,6,0,418,378,384,21,14,2,155,241,398,0,88,311,399
2021,San Francisco County,November,1028,22,22,2,51,1,59,963,591,12,9,3,33,2,17,563,46,111,24,52,76,3,84,163,5,31,34,70
2021,San Joaquin County,November,1555,51,18,12,67,33,10,1526,1641,41,26,2,59,42,3,1606,81,110,69,104,13,75,126,214,14,44,92,150
2021,San Luis Obispo County,November,894,27,36,13,14,49,9,898,257,15,5,0,12,19,3,243,76,72,20,34,12,68,26,106,13,41,42,96
2021,San Mateo County,November,1682,49,6,0,48,24,5,1660,1395,46,4,0,14,21,1,1409,55,77,50,36,6,45,62,113,0,10,95,105
2021,Santa Barbara County,November,1350,54,44,0,76,10,11,1351,632,34,13,0,19,5,4,651,98,97,47,28,15,15,95,125,0,57,88,145
2021,Santa Clara County,November,3403,467,85,238,156,97,581,3359,900,154,22,65,41,32,200,868,790,834,241,273,781,129,197,1107,303,107,621,1031
2021,Santa Cruz County,November,978,13,9,13,36,16,0,961,228,5,1,9,7,3,0,233,35,52,15,10,0,19,43,62,22,10,18,50
2021,Shasta County,November,1028,0,0,0,0,0,0,1028,1, , , , , , ,1,0,0, , ,0,0,0,0,0,0,0,0
2021,Sierra County,November,17,0,0,0,0,0,0,17,16,0,0,0,1,0,0,15,0,0,0,1,0,0,1,1,0,0,0,0
2021,Siskiyou County,November,218,5,3,0,17,2,1,206,0,0,0,0,0,0,0,0,8,20,0,0,1,2,17,20,0,3,5,8
2021,Solano County,November,1170,85,1,0,48,19,0,1189,522,34,0,0,24,13,0,519,86,67,34,37,0,32,72,104,0,1,119,120
2021,Sonoma County,November,776,38,33,0,53,33,0,761,0,16,6,0,14,6,2,0,71,86,22,22,2,39,67,108,0,39,54,93
2021,Stanislaus County,November,2563,135,54,32,110,88,13,2573,136,3,11,0,10,1,4,135,221,211,14,15,17,89,120,226,32,65,138,235
2021,Sutter County,November,510,20,5,0,26,13,2,494,5,0,0,0,0,1,0,4,25,41,0,1,2,14,26,42,0,5,20,25
2021,Tehama County,November,1021,5,2,0,0,0,3,1025,66,2,0,0,0,0,0,68,7,3,2,0,3,0,0,3,0,2,7,9
2021,Trinity County,November,49,3,0,0,1,0,3,48,4,0,0,0,0,1,0,3,3,4,0,1,3,1,1,5,0,0,3,3
2021,Tulare County,November,1615,0,0,0,0,0,0,1615,99, , , , , , ,99,0,0, , ,0,0,0,0,0,0,0,0
2021,Tuolumne County,November,471,0,0,0,0,0,0,471,120, , , , , , ,120,0,0, , ,0,0,0,0,0,0,0,0
2021,Ventura County,November,1717,55,5,0,58,0,0,1719,4252,45,1,0,109,109,0,4080,60,58,46,218,0,109,167,276,0,6,100,106
2021,Yolo County,November,630,15,13,6,17,14,150,483,71,0,0,0,1,0,0,70,34,181,0,1,150,14,18,182,6,13,15,34
2021,Yuba County,November,397,0,0,0,0,0,0,397,29, , , , , , ,29,0,0, , ,0,0,0,0,0,0,0,0
2021,Alameda County,December,2488,0,103,14,31,0,7,2567,31,0,1,3,0,0,0,35,117,38,4,0,7,0,31,38,17,104,0,121
2021,Alpine County,December,7,0,0,0,0,0,0,7,48,1,0,0,2,0,0,47,0,0,1,2,0,0,2,2,0,0,1,1
2021,Amador County,December,201,8,2,0,10,5,1,195,773,18,0,2,25,5,0,763,10,16,20,30,1,10,35,46,2,2,26,30
2021,Butte County,December,590,53,29,3,24,50,4,597,217,15,10,0,26,20,2,194,85,78,25,48,6,70,50,126,3,39,68,110
2021,Calaveras County,December,141,12,4,1,3,11,0,144,45,2,3,0,0,2,1,47,17,14,5,3,1,13,3,17,1,7,14,22
2021,Colusa County,December,54,3,0,0,1,2,1,53,5,0,0,0,0,0,0,5,3,4,0,0,1,2,1,4,0,0,3,3
2021,Contra Costa County,December,3003,80,2,7,64,2,28,2998,2,0,0,0,0,0, ,2,89,94,0,0,28,2,64,94,7,2,80,89
2021,Del Norte County,December,143,4,1,2,5,5,0,140,39,2,0,0,3,0,0,38,7,10,2,3,0,5,8,13,2,1,6,9
2021,El Dorado County,December,760,12,6,0,0,0,0,778,55,0,0,0,0,0,0,55,18,0,0,0,0,0,0,0,0,6,12,18
2021,Fresno County,December,4092,182,62,2,91,111,4,4132,3581,72,24,0,84,102,0,3491,246,206,96,186,4,213,175,392,2,86,254,342
2021,Glenn County,December,109,3,0,0,0,0,1,111,89,7,0,0,2,0,0,94,3,1,7,2,1,0,2,3,0,0,10,10
2021,Humboldt County,December,1006,0,0,0,0,0,0,1006,19, , , , , , ,19,0,0, , ,0,0,0,0,0,0,0,0
2021,Imperial County,December,573,32,0,1,27,2,9,568,142,17,0,0,0,0,3,156,33,38,17,3,12,2,27,41,1,0,49,50
2021,Inyo County,December,68,5,4,0,1,2,2,72,31,0,1,0,1,1,1,29,9,5,1,3,3,3,2,8,0,5,5,10
2021,Kern County,December,7203,197,23,15,384,56,33,6965,0, , , , , , ,0,235,473, , ,33,56,384,473,15,23,197,235
2021,Kings County,December,1392,37,1,5,16,6,13,1400,1298,18,1,0,25,5,6,1281,43,35,19,36,19,11,41,71,5,2,55,62
2021,Lake County,December,376,8,1,0,14,1,0,370,16,0,0,0,0,0,0,16,9,15,0,0,0,1,14,15,0,1,8,9
2021,Lassen County,December,55,7,0,0,5,0,0,57,36,1,0,0,2,0,0,35,7,5,1,2,0,0,7,7,0,0,8,8
2021,Los Angeles County,December,26424,500,127,0,294,427,8,26322,216,3,0,0,3,1, ,215,627,729,3,4,8,428,297,733,0,127,503,630
2021,Madera County,December,2811,33,11,0,0,5,3,2847,786,23,19,0,1,9,1,817,44,8,42,11,4,14,1,19,0,30,56,86
2021,Marin County,December,1445,26,7,0,26,7,0,1445,776,26,6,0,17,9,0,782,33,33,32,26,0,16,43,59,0,13,52,65
2021,Mariposa County,December,103,1,0,1,0,1,3,101,36,3,0,0,4,1,0,34,2,4,3,5,3,2,4,9,1,0,4,5
2021,Mendocino County,December,588,21,0,0,14,0,7,588,81,2,0,0,4,0,0,79,21,21,2,4,7,0,18,25,0,0,23,23
2021,Merced County,December,1053,59,26,7,30,48,5,1062,10,0,0,0,0,0,0,10,92,83,0,0,5,48,30,83,7,26,59,92
2021,Modoc County,December,99,2,1,0,4,2,0,96,48,0,0,0,2,1,0,45,3,6,0,3,0,3,6,9,0,1,2,3
2021,Mono County,December,49,0,0,0,0,0,1,48,29,0,0,0,1,0,0,28,0,1,0,1,1,0,1,2,0,0,0,0
2021,Monterey County,December,1002,37,19,0,17,6,5,1030,138,0,1,2,7,1,0,133,56,28,3,8,5,7,24,36,2,20,37,59
2021,Napa County,December,481,20,12,8,11,25,0,485,683,14,8,27,24,38,0,670,40,36,49,62,0,63,35,98,35,20,34,89
2021,Nevada County,December,515,14,11,2,20,15,0,507,57,1,0,1,2,0,0,57,27,35,2,2,0,15,22,37,3,11,15,29
2021,Orange County,December,11801,600,166,61,280,157,80,12111,1600,41,8,0,20,14,0,1615,827,517,49,34,80,171,300,551,61,174,641,876
2021,Placer County,December,1397,51,0,0,8,15,4,1421,1139,23,0,0,11,1,0,1150,51,27,23,12,4,16,19,39,0,0,74,74
2021,Plumas County,December,78,0,0,0,0,0,0,78,61, , , , , , ,61,0,0, , ,0,0,0,0,0,0,0,0
2021,Riverside County,December,6184,285,112,9,246,237,0,6107,214,17,0,0,10,2,0,219,406,483,17,12,0,239,256,495,9,112,302,423
2021,Sacramento County,December,8970,237,0,0,221,0,0,8986,3233,58,0,0,45,0,4,3242,237,221,58,49,4,0,266,270,0,0,295,295
2021,San Benito County,December,114,3,2,0,4,2,1,112,56,0,0,0,3,0,0,53,5,7,0,3,1,2,7,10,0,2,3,5
2021,San Bernardino County,December,9230,322,53,1,166,129,1,9310,21,1,0,0,0,0,0,22,376,296,1,0,1,129,166,296,1,53,323,377
2021,San Diego County,December,6411,321,81,0,253,195,5,6360,418,11,4,0,16,3,1,413,402,453,15,20,6,198,269,473,0,85,332,417
2021,San Francisco County,December,963,23,28,2,85,5,46,880,563,12,6,6,37,0,17,533,53,136,24,54,63,5,122,190,8,34,35,77
2021,San Joaquin County,December,1526,53,24,11,57,48,10,1499,1606,45,37,4,63,96,4,1529,88,115,86,163,14,144,120,278,15,61,98,174
2021,San Luis Obispo County,December,898,33,27,10,50,21,6,891,243,14,4,0,9,15,1,236,70,77,18,25,7,36,59,102,10,31,47,88
2021,San Mateo County,December,1660,62,11,0,50,15,9,1659,1409,43,10,0,17,8,11,1426,73,74,53,36,20,23,67,110,0,21,105,126
2021,Santa Barbara County,December,2101,0,0,0,0,0,0,2101,951, , , , , , ,951,0,0, , ,0,0,0,0,0,0,0,0
2021,Santa Clara County,December,3359,419,75,333,139,81,553,3413,868,83,27,96,44,22,133,875,827,773,206,199,686,103,183,972,429,102,502,1033
2021,Santa Cruz County,December,961,23,13,0,32,14,3,948,233,6,4,4,8,7,0,232,36,49,14,15,3,21,40,64,4,17,29,50
2021,Shasta County,December,1028,0,0,0,0,0,0,1028,1, , , , , , ,1,0,0, , ,0,0,0,0,0,0,0,0
2021,Sierra County,December,17,0,0,0,0,0,0,17,15,0,0,0,0,1,0,14,0,0,0,1,0,1,0,1,0,0,0,0
2021,Siskiyou County,December,245,11,0,0,8,1,0,247,0,0,0,0,0,0,0,0,11,9,0,0,0,1,8,9,0,0,11,11
2021,Solano County,December,1198,72,0,0,45,35,0,1190,536,23,0,0,17,20,0,522,72,80,23,37,0,55,62,117,0,0,95,95
2021,Sonoma County,December,761,49,16,0,33,37,0,756,0,17,12,0,13,10,6,0,65,70,29,29,6,47,46,99,0,28,66,94
2021,Stanislaus County,December,2573,127,55,26,97,70,10,2604,135,3,7,10,15,5,0,135,208,177,20,20,10,75,112,197,36,62,130,228
2021,Sutter County,December,494,14,4,0,23,13,3,473,4,0,0,0,0,0,0,4,18,39,0,0,3,13,23,39,0,4,14,18
2021,Tehama County,December,1025,3,5,0,1,0,4,1028,68,0,0,0,0,0,1,67,8,5,0,1,5,0,1,6,0,5,3,8
2021,Trinity County,December,48,0,0,0,1,2,0,45,3,0,0,0,0,0,0,3,0,3,0,0,0,2,1,3,0,0,0,0
2021,Tulare County,December,1615,0,0,0,0,0,0,1615,99, , , , , , ,99,0,0, , ,0,0,0,0,0,0,0,0
2021,Tuolumne County,December,471,0,0,0,0,0,0,471,120, , , , , , ,120,0,0, , ,0,0,0,0,0,0,0,0
2021,Ventura County,December,1701,49,12,0,50,0,0,1712,4069,69,1,0,106,84,0,3949,61,50,70,190,0,84,156,240,0,13,118,131
2021,Yolo County,December,483,15,9,1,29,25,0,454,70,0,0,0,4,0,0,66,25,54,0,4,0,25,33,58,1,9,15,25
2021,Yuba County,December,464,0,0,0,0,0,0,464,29, , , , , , ,29,0,0, , ,0,0,0,0,0,0,0,0
2022,Alameda County,January,2567,1,89,16,1752,4,4,913,33,0,1,4,0,0,0,38,106,1760,5,0,4,4,1752,1760,20,90,1,111
2022,Alpine County,January,7,1,0,0,0,0,0,8,47,1,0,0,2,0,0,46,1,0,1,2,0,0,2,2,0,0,2,2
2022,Amador County,January,195,3,2,3,7,2,0,194,763,20,2,5,32,4,0,754,8,9,27,36,0,6,39,45,8,4,23,35
2022,Butte County,January,597,38,28,1,128,42,8,486,178,14,5,0,5,14,4,174,67,178,19,23,12,56,133,201,1,33,52,86
2022,Calaveras County,January,144,2,4,0,6,5,4,135,47,0,1,1,2,5,0,42,6,15,2,7,4,10,8,22,1,5,2,8
2022,Colusa County,January,53,6,1,1,2,1,2,56,5,0,0,0,0,0,0,5,8,5,0,0,2,1,2,5,1,1,6,8
2022,Contra Costa County,January,2998,79,2,7,75,1,45,2965,2,0,0,0,0,0,0,2,88,121,0,0,45,1,75,121,7,2,79,88
2022,Del Norte County,January,140,9,1,0,2,3,1,144,38,2,1,0,0,2,1,38,10,6,3,3,2,5,2,9,0,2,11,13
2022,El Dorado County,January,778,14,4,0,33,3,0,760,54,2,1,0,0,0,0,57,18,36,3,0,0,3,33,36,0,5,16,21
2022,Fresno County,January,4136,155,48,0,86,105,3,4145,3658,69,30,0,219,65,0,3473,203,194,99,284,3,170,305,478,0,78,224,302
2022,Glenn County,January,111,3,1,1,1,0,1,114,94,3,0,1,3,0,0,95,5,2,4,3,1,0,4,5,2,1,6,9
2022,Humboldt County,January,1006,40,0,0,239,4,2,801,2,1,0,0,1,0,1,1,40,245,1,2,3,4,240,247,0,0,41,41
2022,Imperial County,January,568,34,0,2,35,3,5,561,156,8,0,0,2,0,0,162,36,43,8,2,5,3,37,45,2,0,42,44
2022,Inyo County,January,70,4,4,0,6,5,0,67,30,3,4,1,0,0,1,37,8,11,8,1,1,5,6,12,1,8,7,16
2022,Kern County,January,6965,183,22,14,307,45,26,6806,0, , , , , , ,0,219,378, , ,26,45,307,378,14,22,183,219
2022,Kings County,January,1400,16,3,2,57,5,4,1355,1281,18,2,0,8,4,0,1289,21,66,20,12,4,9,65,78,2,5,34,41
2022,Lake County,January,370,12,4,0,14,0,1,371,18,0,0,0,0,0,0,18,16,15,0,0,1,0,14,15,0,4,12,16
2022,Lassen County,January,67,3,1,0,4,1,0,66,35,0,1,0,2,1,0,33,4,5,1,3,0,2,6,8,0,2,3,5
2022,Los Angeles County,January,26008,495,110,0,279,433,15,25886,214,0,0,0,4,1, ,209,605,727,0,5,15,434,283,732,0,110,495,605
2022,Madera County,January,2847,22,5,0,3,9,2,2860,817,27,12,0,4,5,0,847,27,14,39,9,2,14,7,23,0,17,49,66
2022,Marin County,January,1445,55,0,0,845,0,0,655,991,59,0,0,94,0,0,956,55,845,59,94,0,0,939,939,0,0,114,114
2022,Mariposa County,January,102,0,1,2,0,0,3,102,30,6,0,1,3,1,3,30,3,3,7,7,6,1,3,10,3,1,6,10
2022,Mendocino County,January,512,10,0,0,18,0,1,503,125,6,0,0,2,0,3,126,10,19,6,5,4,0,20,24,0,0,16,16
2022,Merced County,January,1031,51,26,1,32,44,7,1026,9,0,0,0,1,0,0,8,78,83,0,1,7,44,33,84,1,26,51,78
2022,Modoc County,January,100,1,0,0,0,0,0,101,50,0,0,0,0,0,0,50,1,0,0,0,0,0,0,0,0,0,1,1
2022,Mono County,January,48,0,0,0,0,0,0,48,28,2,0,0,1,0,0,29,0,0,2,1,0,0,1,1,0,0,2,2
2022,Monterey County,January,1030,33,13,0,17,19,21,1019,133,5,1,0,2,1,5,131,46,57,6,8,26,20,19,65,0,14,38,52
2022,Napa County,January,465,22,12,0,9,25,14,451,670,25,10,21,22,42,0,662,34,48,56,64,14,67,31,112,21,22,47,90
2022,Nevada County,January,404,12,5,1,10,7,0,405,46,2,0,0,3,0,0,45,18,17,2,3,0,7,13,20,1,5,14,20
2022,Orange County,January,12111,647,154,49,335,163,75,12388,1627,43,5,0,26,8,0,1641,850,573,48,34,75,171,361,607,49,159,690,898
2022,Placer County,January,1398,44,0,0,6,7,1,1428,1138,22,0,0,13,2,0,1145,44,14,22,15,1,9,19,29,0,0,66,66
2022,Plumas County,January,62,1,3,1,0,2,1,64,53,4,5,0,5,2,1,54,5,3,9,8,2,4,5,11,1,8,5,14
2022,Riverside County,January,6107,301,127,2,256,180,0,6101,214,10,1,0,15,3,1,206,430,436,11,19,1,183,271,455,2,128,311,441
2022,Sacramento County,January,8980,192,0,0,244,0,0,8928,3242,38,0,1,118,0,0,3163,192,244,39,118,0,0,362,362,1,0,230,231
2022,San Benito County,January,121,4,2,0,3,4,2,118,53,2,1,0,0,0,0,56,6,9,3,0,2,4,3,9,0,3,6,9
2022,San Bernardino County,January,9310,633,27,22,534,218,3,9237,24,0,0,2,4,1,0,21,682,755,2,5,3,219,538,760,24,27,633,684
2022,San Diego County,January,6360,271,52,0,304,140,4,6235,413,15,1,0,11,6,0,412,323,448,16,17,4,146,315,465,0,53,286,339
2022,San Francisco County,January,1539,14,40,5,718,8,17,855,533,12,13,0,25,0,8,525,59,743,25,33,25,8,743,776,5,53,26,84
2022,San Joaquin County,January,1499,41,25,10,28,26,10,1511,1529,42,38,1,47,41,4,1518,76,64,81,92,14,67,75,156,11,63,83,157
2022,San Luis Obispo County,January,891,42,26,14,28,38,11,896,243,11,4,0,24,17,6,211,82,77,15,47,17,55,52,124,14,30,53,97
2022,San Mateo County,January,3107,40,17,0,1497,20,8,1639,2825,43,7,0,1428,21,11,1415,57,1525,50,1460,19,41,2925,2985,0,24,83,107
2022,Santa Barbara County,January,2101,50,30,0,860,8,16,1297,640,51,22,0,36,1,11,665,80,884,73,48,27,9,896,932,0,52,101,153
2022,Santa Clara County,January,3413,294,72,216,134,63,428,3370,875,77,14,74,39,16,135,850,582,625,165,190,563,79,173,815,290,86,371,747
2022,Santa Cruz County,January,948,22,14,5,19,19,0,951,232,7,6,0,18,9,1,217,41,38,13,28,1,28,37,66,5,20,29,54
2022,Shasta County,January,1197,40,0,5,33,0,0,1209,0,0,0,0,0,0,0,0,45,33,0,0,0,0,33,33,5,0,40,45
2022,Sierra County,January,17,0,0,0,0,0,1,16,14,1,0,0,1,0,3,11,0,1,1,4,4,0,1,5,0,0,1,1
2022,Siskiyou County,January,247,8,1,0,13,1,2,240,0,0,0,0,0,0,0,0,9,16,0,0,2,1,13,16,0,1,8,9
2022,Solano County,January,1203,82,0,0,40,46,0,1199,537,32,0,0,25,23,0,521,82,86,32,48,0,69,65,134,0,0,114,114
2022,Sonoma County,January,756,47,23,1,54,33,0,740,0,5,5,19,13,9,7,0,71,87,29,29,7,42,67,116,20,28,52,100
2022,Stanislaus County,January,2604,114,54,6,86,106,12,2574,135,1,0,7,9,4,1,129,174,204,8,14,13,110,95,218,13,54,115,182
2022,Sutter County,January,473,31,0,0,15,13,4,472,4,0,0,0,0,0,0,4,31,32,0,0,4,13,15,32,0,0,31,31
2022,Tehama County,January,1028,16,1,0,0,0,4,1041,67,1,0,0,0,0,0,68,17,4,1,0,4,0,0,4,0,1,17,18
2022,Trinity County,January,45,4,1,1,2,3,0,46,3,0,0,0,0,0,0,3,6,5,0,0,0,3,2,5,1,1,4,6
2022,Tulare County,January,1589,71,28,6,46,23,1,1624,104,0,3,0,2,2,0,103,105,70,3,4,1,25,48,74,6,31,71,108
2022,Tuolumne County,January,356,20,7,6,4,7,10,368,113,9,1,0,0,2,7, ,33,21,10,9,17,9,4,30,6,8,29,43
2022,Ventura County,January,1704,34,28,0,54,0,0,1712,5555,26,0,0,1676,166,0,3739,62,54,26,1842,0,166,1730,1896,0,28,60,88
2022,Yolo County,January,454,12,14,1,24,16,3,438,66,0,0,0,0,0,0,66,27,43,0,0,3,16,24,43,1,14,12,27
2022,Yuba County,January,396,20,0,3,5,6,5,403,29,0,0,0,1,0,1,27,23,16,0,2,6,6,6,18,3,0,20,23
2022,Alameda County,February,913,1,96,21,15,0,2,1014,29,0,0,3,0,0,0,32,118,17,3,0,2,0,15,17,24,96,1,121
2022,Alpine County,February,8,0,0,0,0,0,0,8,46,0,1,0,3,0,0,44,0,0,1,3,0,0,3,3,0,1,0,1
2022,Amador County,February,194,3,1,2,12,4,0,184,754,10,0,1,13,5,0,747,6,16,11,18,0,9,25,34,3,1,13,17
2022,Butte County,February,486,42,23,2,4,34,5,510,174,15,9,1,2,10,2,185,67,43,25,14,7,44,6,57,3,32,57,92
2022,Calaveras County,February,135,6,3,0,2,10,1,131,41,1,3,0,1,3,0,41,9,13,4,4,1,13,3,17,0,6,7,13
2022,Colusa County,February,56,2,0,0,2,3,1,52,5,0,0,0,0,0,0,5,2,6,0,0,1,3,2,6,0,0,2,2
2022,Contra Costa County,February,2965,68,2,5,78,2,49,2911,2,0,0,0,0,0, ,2,75,129,0,0,49,2,78,129,5,2,68,75
2022,Del Norte County,February,144,7,1,0,2,4,1,145,38,5,0,0,2,1,0,40,8,7,5,3,1,5,4,10,0,1,12,13
2022,El Dorado County,February,760,16,9,0,0,1,0,784,52,0,0,0,0,0,0,52,25,1,0,0,0,1,0,1,0,9,16,25
2022,Fresno County,February,4145,143,47,3,102,85,4,4147,3473,55,36,2,48,51,2,3465,193,191,93,101,6,136,150,292,5,83,198,286
2022,Glenn County,February,114,10,0,5,3,1,4,121,95,4,0,2,2,0,1,98,15,8,6,3,5,1,5,11,7,0,14,21
2022,Humboldt County,February,799,23,0,1,16,2,1,804,1,3,0,0,0,0,1,3,24,19,3,1,2,2,16,20,1,0,26,27
2022,Imperial County,February,601,22,0,18,8,1,8,624,139,5,0,1,1,0,0,144,40,17,6,1,8,1,9,18,19,0,27,46
2022,Inyo County,February,78,8,11,0,3,16,0,78,36,1,4,0,0,2,0,39,19,19,5,2,0,18,3,21,0,15,9,24
2022,Kern County,February,6806,187,23,15,117,17,10,6887,0, , , , , , ,0,225,144, , ,10,17,117,144,15,23,187,225
2022,Kings County,February,1355,32,3,4,33,5,6,1350,1289,18,2,0,20,9,7,1273,39,44,20,36,13,14,53,80,4,5,50,59
2022,Lake County,February,405,10,1,0,6,0,0,410,19,0,0,1,1,0,0,19,11,6,1,1,0,0,7,7,1,1,10,12
2022,Lassen County,February,66,9,0,0,6,5,0,64,33,0,2,0,1,1,0,33,9,11,2,2,0,6,7,13,0,2,9,11
2022,Los Angeles County,February,25791,479,134,0,273,394,5,25732,202,0,2,0,3,0,1,200,613,672,2,4,6,394,276,676,0,136,479,615
2022,Madera County,February,2860, , , , , , ,2860,847, , , , , , ,847, , , , , , , , , , , , 
2022,Marin County,February,655,45,0,0,48,0,0,652,956,72,0,0,100,0,0,928,45,48,72,100,0,0,148,148,0,0,117,117
2022,Mariposa County,February,102,0,0,0,0,1,0,101,30,5,0,0,2,0,0,33,0,1,5,2,0,1,2,3,0,0,5,5
2022,Mendocino County,February,502,14,0,0,15,0,6,495,125,7,0,0,5,0,0,127,14,21,7,5,6,0,20,26,0,0,21,21
2022,Merced County,February,1063,53,31,5,23,40,14,1075,3,0,0,0,0,0,0,3,89,77,0,0,14,40,23,77,5,31,53,89
2022,Modoc County,February,102,1,1,0,0,0,0,104,48,2,0,0,0,0,0,50,2,0,2,0,0,0,0,0,0,1,3,4
2022,Mono County,February,48,2,0,0,1,0,0,49,29,1,0,0,0,0,0,30,2,1,1,0,0,0,1,1,0,0,3,3
2022,Monterey County,February,1019,17,10,0,8,20,7,1011,131,1,1,1,2,1,0,131,27,35,3,3,7,21,10,38,1,11,18,30
2022,Napa County,February,465,30,10,0,11,30,14,450,670,29,10,21,26,21,0,683,40,55,60,47,14,51,37,102,21,20,59,100
2022,Nevada County,February,405,16,3,1,9,6,0,410,45,0,0,0,3,1,0,41,20,15,0,4,0,7,12,19,1,3,16,20
2022,Orange County,February,12388,599,177,69,384,218,45,12586,1641,48,17,0,27,20,1,1658,845,647,65,48,46,238,411,695,69,194,647,910
2022,Placer County,February,1407,36,0,0,6,2,1,1434,1126,25,0,0,10,0,1,1140,36,9,25,11,2,2,16,20,0,0,61,61
2022,Plumas County,February,64, , , , , , ,64,54, , , , , , ,54, , , , , , , , , , , , 
2022,Riverside County,February,6101,268,125,15,193,220,0,6096,206,5,1,0,5,3,9,195,408,413,6,17,9,223,198,430,15,126,273,414
2022,Sacramento County,February,8928,217,0,0,235,0,0,8910,3163,31,0,0,116,0,6,3072,217,235,31,122,6,0,351,357,0,0,248,248
2022,San Benito County,February,118,1,3,1,1,4,4,114,56,0,0,0,2,2,0,52,5,9,0,4,4,6,3,13,1,3,1,5
2022,San Bernardino County,February,9193,572,27,27,294,248,5,9272,23,0,0,0,2,0,0,21,626,547,0,2,5,248,296,549,27,27,572,626
2022,San Diego County,February,6287,323,99,0,274,181,10,6244,431,17,1,0,19,7,2,421,422,465,18,28,12,188,293,493,0,100,340,440
2022,San Francisco County,February,855,20,14,9,26,41,7,824,525,14,9,3,15,16,1,519,43,74,26,32,8,57,41,106,12,23,34,69
2022,San Joaquin County,February,1511,53,27,14,75,20,6,1504,1518,49,40,3,54,28,9,1519,94,101,92,91,15,48,129,192,17,67,102,186
2022,San Luis Obispo County,February,896,44,34,4,31,30,6,911,211,10,10,0,9,9,1,212,82,67,20,19,7,39,40,86,4,44,54,102
2022,San Mateo County,February,1639,68,13,0,39,12,8,1661,1415,44,4,0,25,15,17,1406,81,59,48,57,25,27,64,116,0,17,112,129
2022,Santa Barbara County,February,1297,51,48,0,37,3,6,1350,665,33,21,0,21,4,3,691,99,46,54,28,9,7,58,74,0,69,84,153
2022,Santa Clara County,February,3370,264,63,253,217,101,369,3263,850,59,16,57,47,20,83,832,580,687,132,150,452,121,264,837,310,79,323,712
2022,Santa Cruz County,February,951,21,15,0,32,11,6,938,217,7,0,3,11,3,0,213,36,49,10,14,6,14,43,63,3,15,28,46
2022,Shasta County,February,1209,23,0,6,41,0,0,1197,0,0,0,0,0,0,0,0,29,41,0,0,0,0,41,41,6,0,23,29
2022,Sierra County,February,16,1,0,0,0,0,0,17,11,0,0,0,1,0,0,10,1,0,0,1,0,0,1,1,0,0,1,1
2022,Siskiyou County,February,240,3,0,0,7,7,1,228,0,0,0,0,0,0,0,0,3,15,0,0,1,7,7,15,0,0,3,3
2022,Solano County,February,1244,69,0,0,32,72,0,1209,551,25,0,0,10,48,0,518,69,104,25,58,0,120,42,162,0,0,94,94
2022,Sonoma County,February,1195,39,28,0,43,49,1,1169,0,6,9,10,12,8,5,0,67,93,25,25,6,57,55,118,10,37,45,92
2022,Stanislaus County,February,2574,152,62,11,98,81,15,2605,129,3,4,0,9,1,1,125,225,194,7,11,16,82,107,205,11,66,155,232
2022,Sutter County,February,472,22,5,1,12,5,2,481,4,0,0,0,0,0,0,4,28,19,0,0,2,5,12,19,1,5,22,28
2022,Tehama County,February,1041,4,1,0,0,0,2,1044,68,0,0,0,0,0,2,66,5,2,0,2,4,0,0,4,0,1,4,5
2022,Trinity County,February,46,1,1,0,0,1,0,47,3,0,0,0,0,0,0,3,2,1,0,0,0,1,0,1,0,1,1,2
2022,Tulare County,February,1624,52,32,6,163,32,6,1513,103,1,0,0,0,0,1,103,90,201,1,1,7,32,163,202,6,32,53,91
2022,Tuolumne County,February,367,5,6,8,14,8,6,358,114,0,0,4,1,0,2,115,19,28,4,3,8,8,15,31,12,6,5,23
2022,Ventura County,February,1703,61,1,0,47,3,0,1715,3757,48,1,0,74,9,0,3723,62,50,49,83,0,12,121,133,0,2,109,111
2022,Yolo County,February,438,18,16,1,17,27,3,426,66,0,0,0,0,0,1,65,35,47,0,1,4,27,17,48,1,16,18,35
2022,Yuba County,February,403,18,0,0,7,3,3,408,27,1,0,0,1,0,0,27,18,13,1,1,3,3,8,14,0,0,19,19
2022,Alameda County,March,912,2,139,17,34,5,1,1030,26,0,3,2,1,0,0,30,158,40,5,1,1,5,35,41,19,142,2,163
2022,Alpine County,March,8,0,0,0,0,0,0,8,44,1,1,0,2,0,0,44,0,0,2,2,0,0,2,2,0,1,1,2
2022,Amador County,March,184,6,1,3,10,3,0,181,747,23,3,18,25,9,0,757,10,13,44,34,0,12,35,47,21,4,29,54
2022,Butte County,March,502,60,48,9,8,62,5,544,187,17,12,2,4,21,5,188,117,75,31,30,10,83,12,105,11,60,77,148
2022,Calaveras County,March,131,7,9,1,3,9,0,136,41,4,1,0,6,2,0,38,17,12,5,8,0,11,9,20,1,10,11,22
2022,Colusa County,March,52,4,0,1,1,3,1,52,5,0,0,0,0,0,0,5,5,5,0,0,1,3,1,5,1,0,4,5
2022,Contra Costa County,March,2911,81,5,2,83,0,28,2888,2,0,0,0,0,0,0,2,88,111,0,0,28,0,83,111,2,5,81,88
2022,Del Norte County,March,145,5,1,0,1,3,1,146,40,2,1,0,0,2,1,40,6,5,3,3,2,5,1,8,0,2,7,9
2022,El Dorado County,March,740,23,10,0,0,4,0,769,47,2,1,0,0,1,0,49,33,4,3,1,0,5,0,5,0,11,25,36
2022,Fresno County,March,4147,178,70,2,70,131,4,4192,3465,72,41,2,62,66,4,3448,250,205,115,132,8,197,132,337,4,111,250,365
2022,Glenn County,March,121,5,0,0,6,0,0,120,98,3,0,0,5,0,0,96,5,6,3,5,0,0,11,11,0,0,8,8
2022,Humboldt County,March,805,36,0,0,12,3,2,824,3,0,0,0,1,0,0,2,36,17,0,1,2,3,13,18,0,0,36,36
2022,Imperial County,March,624,22,0,18,30,6,2,626,144,10,0,0,1,0,0,153,40,38,10,1,2,6,31,39,18,0,32,50
2022,Inyo County,March,75,3,6,0,2,9,1,72,39,1,1,0,2,4,0,35,9,12,2,6,1,13,4,18,0,7,4,11
2022,Kern County,March,6887,161,19,13,271,40,26,6743,0, , , , , , ,0,193,337, , ,26,40,271,337,13,19,161,193
2022,Kings County,March,1350,21,4,7,22,1,7,1352,1273,18,2,0,10,1,0,1282,32,30,20,11,7,2,32,41,7,6,39,52
2022,Lake County,March,408,11,1,1,13,0,3,405,18,0,0,0,0,0,0,18,13,16,0,0,3,0,13,16,1,1,11,13
2022,Lassen County,March,64,4,0,0,0,1,0,67,33,1,0,0,0,0,0,34,4,1,1,0,0,1,0,1,0,0,5,5
2022,Los Angeles County,March,25641,683,170,0,353,508,9,25624,195,11,0,0,2,1,0,203,853,870,11,3,9,509,355,873,0,170,694,864
2022,Madera County,March,2875,28,14,0,9,35,3,2870,864,52,14,0,21,63,9,837,42,47,66,93,12,98,30,140,0,28,80,108
2022,Marin County,March,652,73,0,0,83,0,0,642,928,75,0,0,88,0,0,915,73,83,75,88,0,0,171,171,0,0,148,148
2022,Mariposa County,March,101,1,0,0,2,0,0,100,33,5,0,0,2,6,2,28,1,2,5,10,2,6,4,12,0,0,6,6
2022,Mendocino County,March,498,6,0,0,17,0,3,484,128,13,0,0,8,0,0,133,6,20,13,8,3,0,25,28,0,0,19,19
2022,Merced County,March,1063,69,40,1,30,61,11,1071,2,0,0,0,0,0,0,2,110,102,0,0,11,61,30,102,1,40,69,110
2022,Modoc County,March,102,0,0,0,0,0,0,102,51,1,0,0,0,0,0,52,0,0,1,0,0,0,0,0,0,0,1,1
2022,Mono County,March,49,3,0,0,0,0,1,51,30,0,0,0,1,0,0,29,3,1,0,1,1,0,1,2,0,0,3,3
2022,Monterey County,March,1011,29,5,8,16,10,0,1027,131,0,3,0,2,0,1,131,42,26,3,3,1,10,18,29,8,8,29,45
2022,Napa County,March,450,42,19,0,22,30,0,459,683,26,14,0,34,25,0,664,61,52,40,59,0,55,56,111,0,33,68,101
2022,Nevada County,March,410,12,7,3,7,8,0,417,41,0,1,1,2,0,0,41,22,15,2,2,0,8,9,17,4,8,12,24
2022,Orange County,March,12526,744,223,90,523,290,109,12661,1658,49,17,1,21,25,1,1678,1057,922,67,47,110,315,544,969,91,240,793,1124
2022,Placer County,March,1414,42,1,0,14,3,3,1437,1137,46,0,0,18,5,0,1160,43,20,46,23,3,8,32,43,0,1,88,89
2022,Plumas County,March,76, , , , , , ,76,44, , , , , , ,44, , , , , , , , , , , , 
2022,Riverside County,March,6096,350,147,12,215,240,0,6150,195,13,2,0,15,0,0,195,509,455,15,15,0,240,230,470,12,149,363,524
2022,Sacramento County,March,8910,308,0,0,204,0,0,9014,3072,59,0,1,94,0,0,3038,308,204,60,94,0,0,298,298,1,0,367,368
2022,San Benito County,March,114,9,2,0,3,4,2,116,52,2,0,0,7,0,0,47,11,9,2,7,2,4,10,16,0,2,11,13
2022,San Bernardino County,March,9115,705,37,43,398,328,12,9162,21,0,0,2,0,1,0,22,785,738,2,1,12,329,398,739,45,37,705,787
2022,San Diego County,March,6244,409,86,0,210,216,9,6304,421,29,3,0,11,6,1,435,495,435,32,18,10,222,221,453,0,89,438,527
2022,San Francisco County,March,841,25,27,18,69,4,29,809,519,18,5,6,28,0,25,495,70,102,29,53,54,4,97,155,24,32,43,99
2022,San Joaquin County,March,1504,85,22,22,66,43,10,1514,1519,56,39,2,69,57,5,1485,129,119,97,131,15,100,135,250,24,61,141,226
2022,San Luis Obispo County,March,911,38,28,5,32,40,6,904,212,17,11,0,24,11,5,200,71,78,28,40,11,51,56,118,5,39,55,99
2022,San Mateo County,March,1661,91,12,0,60,24,10,1670,1406,50,10,0,30,37,9,1390,103,94,60,76,19,61,90,170,0,22,141,163
2022,Santa Barbara County,March,1311,59,45,0,40,14,6,1355,667,51,18,0,48,4,4,680,104,60,69,56,10,18,88,116,0,63,110,173
2022,Santa Clara County,March,3263,334,107,436,334,103,438,3265,832,86,36,177,170,28,105,828,877,875,299,303,543,131,504,1178,613,143,420,1176
2022,Santa Cruz County,March,938,21,22,0,34,26,0,921,213,14,0,15,17,9,0,216,43,60,29,26,0,35,51,86,15,22,35,72
2022,Shasta County,March,1197,26,0,7,48,0,5,1177,0,0,0,0,0,0,0,0,33,53,0,0,5,0,48,53,7,0,26,33
2022,Sierra County,March,17,0,0,0,1,0,0,16,10,0,0,0,0,0,0,10,0,1,0,0,0,0,1,1,0,0,0,0
2022,Siskiyou County,March,228,9,4,0,11,5,0,225,0,0,0,0,0,0,0,0,13,16,0,0,0,5,11,16,0,4,9,13
2022,Solano County,March,1264,86,0,0,43,36,0,1271,570,36,0,0,30,27,0,549,86,79,36,57,0,63,73,136,0,0,122,122
2022,Sonoma County,March,1169,0,56,47,0,49,48,1175,0,0,17,12,0,12,17,0,103,97,29,29,65,61,0,126,59,73,0,132
2022,Stanislaus County,March,2605,180,78,30,104,63,7,2719,125,2,4,5,10,4,3,119,288,174,11,17,10,67,114,191,35,82,182,299
2022,Sutter County,March,481,24,7,3,16,14,6,479,4,0,1,0,1,1,0,3,34,36,1,2,6,15,17,38,3,8,24,35
2022,Tehama County,March,1044,8,2,0,2,0,11,1041,66,0,0,0,0,0,0,66,10,13,0,0,11,0,2,13,0,2,8,10
2022,Trinity County,March,47,7,5,0,4,0,1,54,3,0,0,0,0,0,0,3,12,5,0,0,1,0,4,5,0,5,7,12
2022,Tulare County,March,1513,74,25,3,204,29,6,1376,103,7,13,0,33,4,2,84,102,239,20,39,8,33,237,278,3,38,81,122
2022,Tuolumne County,March,358,39,5,20,58,8,15,341,115,13,1,13,20,2,9,111,64,81,27,31,24,10,78,112,33,6,52,91
2022,Ventura County,March,1707,72,23,0,60,0,0,1742,3702,79,2,0,109,17,0,3657,95,60,81,126,0,17,169,186,0,25,151,176
2022,Yolo County,March,426,27,15,9,21,21,8,427,65,0,0,0,1,0,0,64,51,50,0,1,8,21,22,51,9,15,27,51
2022,Yuba County,March,408,11,0,9,8,4,2,414,27,0,0,0,0,0,0,27,20,14,0,0,2,4,8,14,9,0,11,20
2022,Alameda County,April,905,2,100,20,6,1,1,1019,24,0,0,0,0,0,0,24,122,8,0,0,1,1,6,8,20,100,2,122
2022,Alpine County,April,8,0,0,0,0,0,0,8,44,1,1,0,1,0,0,45,0,0,2,1,0,0,1,1,0,1,1,2
2022,Amador County,April,181,7,2,6,6,4,0,186,757,22,0,8,13,5,0,769,15,10,30,18,0,9,19,28,14,2,29,45
2022,Butte County,April,540,44,39,4,3,38,9,577,189,24,5,1,4,8,4,203,87,50,30,16,13,46,7,66,5,44,68,117
2022,Calaveras County,April,136,9,8,2,0,12,2,141,38,3,0,0,1,0,0,40,19,14,3,1,2,12,1,15,2,8,12,22
2022,Colusa County,April,52,3,2,0,1,3,2,51,5,0,0,0,0,0,0,5,5,6,0,0,2,3,1,6,0,2,3,5
2022,Contra Costa County,April,2888,66,0,4,76,0,23,2859,2,0,0,0,0,0,0,2,70,99,0,0,23,0,76,99,4,0,66,70
2022,Del Norte County,April,146,4,3,2,2,4,0,149,40,3,1,0,2,2,0,40,9,6,4,4,0,6,4,10,2,4,7,13
2022,El Dorado County,April,789,20,10,0,0,18,0,801,46,1,2,0,0,0,0,49,30,18,3,0,0,18,0,18,0,12,21,33
2022,Fresno County,April,4192,176,83,0,41,129,1,4280,3448,84,49,2,61,70,2,3450,259,171,135,133,3,199,102,304,2,132,260,394
2022,Glenn County,April,120,8,3,1,3,0,5,124,96,11,0,2,2,0,1,106,12,8,13,3,6,0,5,11,3,3,19,25
2022,Humboldt County,April,824,39,0,0,10,6,5,842,2,0,0,0,0,0,0,2,39,21,0,0,5,6,10,21,0,0,39,39
2022,Imperial County,April,626,24,0,19,20,3,0,646,153,5,0,0,0,0,0,158,43,23,5,0,0,3,20,23,19,0,29,48
2022,Inyo County,April,70,7,8,0,1,7,4,73,35,1,0,0,2,2,0,32,15,12,1,4,4,9,3,16,0,8,8,16
2022,Kern County,April,6743,135,17,12,122,21,15,6749,0, , , , , , ,0,164,158, , ,15,21,122,158,12,17,135,164
2022,Kings County,April,1352,32,2,7,23,5,8,1357,1282,18,4,0,26,8,7,1263,41,36,22,41,15,13,49,77,7,6,50,63
2022,Lake County,April,402,11,3,0,12,0,0,404,16,0,0,0,2,0,0,14,14,12,0,2,0,0,14,14,0,3,11,14
2022,Lassen County,April,67,2,0,0,5,1,0,64,34,1,0,0,0,0,0,35,2,6,1,0,0,1,5,6,0,0,3,3
2022,Los Angeles County,April,25688,510,120,0,252,455,7,25604,197,2,0,0,4,1,0,194,630,714,2,5,7,456,256,719,0,120,512,632
2022,Madera County,April,2870,33,10,0,5,29,1,2878,837,27,19,0,4,37,0,842,43,35,46,41,1,66,9,76,0,29,60,89
2022,Marin County,April,632,65,0,0,59,0,0,638,862,69,0,0,50,0,0,881,65,59,69,50,0,0,109,109,0,0,134,134
2022,Mariposa County,April,100,0,1,1,2,2,0,98,28,6,9,0,5,5,0,33,2,4,15,10,0,7,7,14,1,10,6,17
2022,Mendocino County,April,484,8,0,0,16,0,5,471,133,6,0,0,5,0,0,134,8,21,6,5,5,0,21,26,0,0,14,14
2022,Merced County,April,1055,50,43,4,17,49,11,1075,1,0,0,0,0,0,0,1,97,77,0,0,11,49,17,77,4,43,50,97
2022,Modoc County,April,102,1,1,0,1,0,0,103,52,1,0,0,0,1,0,52,2,1,1,1,0,1,1,2,0,1,2,3
2022,Mono County,April,51,1,0,0,0,0,0,52,29,0,0,0,0,0,0,29,1,0,0,0,0,0,0,0,0,0,1,1
2022,Monterey County,April,1011,29,5,8,16,10,0,1027,131,0,3,0,2,0,1,131,42,26,3,3,1,10,18,29,8,8,29,45
2022,Napa County,April,459,23,26,0,12,28,0,468,664,31,14,0,21,28,0,660,49,40,45,49,0,56,33,89,0,40,54,94
2022,Nevada County,April,417,11,8,1,10,2,0,425,41,1,0,0,0,2,0,40,20,12,1,2,0,4,10,14,1,8,12,21
2022,Orange County,April,12661,619,234,51,379,310,79,12797,1678,49,12,0,26,13,3,1697,904,768,61,42,82,323,405,810,51,246,668,965
2022,Placer County,April,1394,32,0,0,8,3,1,1414,1138,36,0,0,8,1,1,1164,32,12,36,10,2,4,16,22,0,0,68,68
2022,Plumas County,April,62,3,3,2,1,4,0,65,48,3,0,1,5,3,3,41,8,5,4,11,3,7,6,16,3,3,6,12
2022,Riverside County,April,6150,297,129,0,160,210,3,6203,189,8,3,0,6,2,0,192,426,373,11,8,3,212,166,381,0,132,305,437
2022,Sacramento County,April,9014,276,0,0,163,0,0,9127,3038,50,0,0,51,0,4,3033,276,163,50,55,4,0,214,218,0,0,326,326
2022,San Benito County,April,116,12,0,2,2,4,6,118,47,3,0,6,1,1,1,53,14,12,9,3,7,5,3,15,8,0,15,23
2022,San Bernardino County,April,9118,610,33,35,381,275,6,9134,23,1,1,1,2,2,0,22,678,662,3,4,6,277,383,666,36,34,611,681
2022,San Diego County,April,6304,413,95,0,122,193,12,6485,435,23,1,0,12,4,3,440,508,327,24,19,15,197,134,346,0,96,436,532
2022,San Francisco County,April,809,22,29,8,36,5,40,787,495,15,9,1,21,1,9,489,59,81,25,31,49,6,57,112,9,38,37,84
2022,San Joaquin County,April,1514,54,32,16,45,28,9,1534,1485,36,37,5,62,48,4,1449,102,82,78,114,13,76,107,196,21,69,90,180
2022,San Luis Obispo County,April,927,43,25,6,14,40,5,942,368,12,7,0,15,21,3,348,74,59,19,39,8,61,29,98,6,32,55,93
2022,San Mateo County,April,1670,63,13,0,24,18,9,1695,1390,57,9,0,29,23,8,1396,76,51,66,60,17,41,53,111,0,22,120,142
2022,Santa Barbara County,April,1309,55,42,0,28,10,8,1360,675,33,15,0,28,3,0,692,97,46,48,31,8,13,56,77,0,57,88,145
2022,Santa Clara County,April,3265,265,81,289,139,93,372,3296,828,59,13,117,75,17,110,815,635,604,189,202,482,110,214,806,406,94,324,824
2022,Santa Cruz County,April,921,24,16,18,33,29,0,917,216,9,3,2,16,4,0,210,58,62,14,20,0,33,49,82,20,19,33,72
2022,Shasta County,April,1177,32,0,7,48,0,5,1163,0,0,0,0,0,0,0,0,39,53,0,0,5,0,48,53,7,0,32,39
2022,Sierra County,April,16,0,0,0,0,0,1,15,10,1,0,0,0,0,1,10,0,1,1,1,2,0,0,2,0,0,1,1
2022,Siskiyou County,April,249,10,2,0,13,9,1,238,0,0,0,0,0,0,0,0,12,23,0,0,1,9,13,23,0,2,10,12
2022,Solano County,April,1299,74,0,0,51,28,0,1294,577,38,0,0,23,21,0,571,74,79,38,44,0,49,74,123,0,0,112,112
2022,Sonoma County,April,1175,58,35,0,62,53,0,1153,0,7,11,0,6,9,3,0,93,115,18,18,3,62,68,133,0,46,65,111
2022,Stanislaus County,April,2719,127,70,16,93,115,0,2724,119,7,2,9,11,2,0,124,213,208,18,13,0,117,104,221,25,72,134,231
2022,Sutter County,April,479,19,7,1,7,10,2,487,3,1,1,0,0,2,0,3,27,19,2,2,2,12,7,21,1,8,20,29
2022,Tehama County,April,1044,9,0,0,1,0,6,1046,66,0,0,0,0,0,0,66,9,7,0,0,6,0,1,7,0,0,9,9
2022,Trinity County,April,54,1,1,0,1,2,0,53,3,0,0,0,0,0,0,3,2,3,0,0,0,2,1,3,0,1,1,2
2022,Tulare County,April,1376,81,31,8,69,28,8,1391,84,7,10,0,12,5,0,84,120,105,17,17,8,33,81,122,8,41,88,137
2022,Tuolumne County,April,341,19,9,3,5,6,2,359,111,4,0,1,2,0,0,114,31,13,5,2,2,6,7,15,4,9,23,36
2022,Ventura County,April,1721,77,29,0,43,0,0,1784,3629,69,3,0,93,5,0,3603,106,43,72,98,0,5,136,141,0,32,146,178
2022,Yolo County,April,427,15,15,3,15,21,0,424,64,0,0,0,1,1,0,62,33,36,0,2,0,22,16,38,3,15,15,33
2022,Yuba County,April,414,17,0,0,2,5,7,417,27,0,0,0,0,0,0,27,17,14,0,0,7,5,2,14,0,0,17,17
2022,Alameda County,May,895,1,144,13,7,4,3,1039,25,0,1,5,3,0,0,28,158,14,6,3,3,4,10,17,18,145,1,164
2022,Alpine County,May,8,0,0,0,0,0,0,8,45,0,0,0,2,0,0,43,0,0,0,2,0,0,2,2,0,0,0,0
2022,Amador County,May,186,9,1,0,8,4,4,180,769,13,1,6,22,7,0,760,10,16,20,29,4,11,30,45,6,2,22,30
2022,Butte County,May,568,36,29,5,4,42,3,589,201,19,6,0,6,12,0,208,70,49,25,18,3,54,10,67,5,35,55,95
2022,Calaveras County,May,141,6,3,1,1,3,1,146,40,6,2,0,2,2,0,44,10,5,8,4,1,5,3,9,1,5,12,18
2022,Colusa County,May,51,5,1,1,1,2,2,53,5,0,0,0,0,0,0,5,7,5,0,0,2,2,1,5,1,1,5,7
2022,Contra Costa County,May,2859,94,3,0,99,0,16,2841,2,0,0,0,0,0,0,2,97,115,0,0,16,0,99,115,0,3,94,97
2022,Del Norte County,May,149,9,5,0,2,6,2,153,40,5,1,0,2,1,0,43,14,10,6,3,2,7,4,13,0,6,14,20
2022,El Dorado County,May,782,12,16,0,0,19,0,791,47,0,0,0,0,1,0,46,28,19,0,1,0,20,0,20,0,16,12,28
2022,Fresno County,May,4192,161,67,0,53,102,1,4264,3448,83,35,0,48,47,0,3471,228,156,118,95,1,149,101,251,0,102,244,346
2022,Glenn County,May,124,6,2,1,3,0,2,128,106,14,1,2,4,2,0,117,9,5,17,6,2,2,7,11,3,3,20,26
2022,Humboldt County,May,834,19,0,1,11,5,7,831,2,1,0,0,1,0,0,2,20,23,1,1,7,5,12,24,1,0,20,21
2022,Imperial County,May,646,33,0,10,40,8,9,632,158,9,0,0,9,0,0,158,43,57,9,9,9,8,49,66,10,0,42,52
2022,Inyo County,May,72,9,4,1,1,1,0,84,29,5,3,0,2,1,0,34,14,2,8,3,0,2,3,5,1,7,14,22
2022,Kern County,May,6749,149,18,12,130,22,12,6764,0, , , , , , ,0,179,164, , ,12,22,130,164,12,18,149,179
2022,Kings County,May,1357,41,5,9,21,5,10,1376,1263,18,3,1,27,4,8,1246,55,36,22,39,18,9,48,75,10,8,59,77
2022,Lake County,May,401,12,1,0,6,0,0,408,14,0,0,0,1,0,0,13,13,6,0,1,0,0,7,7,0,1,12,13
2022,Lassen County,May,64,5,0,0,1,0,0,68,35,1,0,0,0,0,0,36,5,1,1,0,0,0,1,1,0,0,6,6
2022,Los Angeles County,May,25453,545,137,0,291,420,9,25415,189,2,1,0,1,0,0,191,682,720,3,1,9,420,292,721,0,138,547,685
2022,Madera County,May,2878,27,15,0,9,23,5,2883,842,30,21,0,36,21,1,835,42,37,51,58,6,44,45,95,0,36,57,93
2022,Marin County,May,636,70,0,0,66,0,0,640,874,105,0,0,78,0,0,901,70,66,105,78,0,0,144,144,0,0,175,175
2022,Mariposa County,May,98,5,1,0,0,1,0,103,33,9,3,0,6,1,1,37,6,1,12,8,1,2,6,9,0,4,14,18
2022,Mendocino County,May,467,12,0,0,17,0,2,460,133,1,0,0,4,0,1,129,12,19,1,5,3,0,21,24,0,0,13,13
2022,Merced County,May,1064,53,42,7,19,54,18,1075,1,0,0,0,0,0,0,1,102,91,0,0,18,54,19,91,7,42,53,102
2022,Modoc County,May,105,1,0,0,1,0,0,105,53,0,0,0,0,0,0,53,1,1,0,0,0,0,1,1,0,0,1,1
2022,Mono County,May,52,0,0,0,7,0,0,45,29,1,0,0,2,0,0,28,0,7,1,2,0,0,9,9,0,0,1,1
2022,Monterey County,May,1027,39,14,20,16,14,0,1070,131,1,0,0,2,2,2,126,73,30,1,6,2,16,18,36,20,14,40,74
2022,Napa County,May,468,33,18,0,9,28,14,468,660,25,10,0,31,24,20,620,51,51,35,75,34,52,40,126,0,28,58,86
2022,Nevada County,May,425,12,6,1,9,7,0,428,40,1,0,0,3,1,0,37,19,16,1,4,0,8,12,20,1,6,13,20
2022,Orange County,May,12797,709,215,65,422,249,109,13006,1697,22,7,0,12,13,0,1701,989,780,29,25,109,262,434,805,65,222,731,1018
2022,Placer County,May,1381,48,2,0,4,1,5,1421,1125,44,1,0,3,1,1,1165,50,10,45,5,6,2,7,15,0,3,92,95
2022,Plumas County,May,76, , , , , , ,76,62, , , , , , ,62, , , , , , , , , , , , 
2022,Riverside County,May,6203,310,122,7,166,185,0,6291,192,5,4,0,13,3,4,181,439,351,9,20,4,188,179,371,7,126,315,448
2022,Sacramento County,May,9127,255,0,0,227,0,0,9155,3033,52,0,0,64,0,0,3021,255,227,52,64,0,0,291,291,0,0,307,307
2022,San Benito County,May,117,2,0,0,4,3,0,112,54,3,0,0,1,0,0,56,2,7,3,1,0,3,5,8,0,0,5,5
2022,San Bernardino County,May,9095,497,37,31,224,194,7,9235,22,1,0,0,0,0,0,23,565,425,1,0,7,194,224,425,31,37,498,566
2022,San Diego County,May,6485,393,70,0,92,178,4,6674,440,23,2,0,14,6,0,445,463,274,25,20,4,184,106,294,0,72,416,488
2022,San Francisco County,May,787,19,30,12,24,8,35,781,489,14,9,2,24,0,20,470,61,67,25,44,55,8,48,111,14,39,33,86
2022,San Joaquin County,May,1534,48,31,20,66,31,7,1529,1449,45,51,4,57,61,2,1429,99,104,100,120,9,92,123,224,24,82,93,199
2022,San Luis Obispo County,May,942,41,39,13,18,38,10,969,348,21,6,0,16,22,6,331,93,66,27,44,16,60,34,110,13,45,62,120
2022,San Mateo County,May,1695,69,9,0,31,19,4,1719,1396,78,6,0,26,23,13,1418,78,54,84,62,17,42,57,116,0,15,147,162
2022,Santa Barbara County,May,1317,61,43,0,37,11,10,1363,671,51,16,0,40,3,1,694,104,58,67,44,11,14,77,102,0,59,112,171
2022,Santa Clara County,May,3296,272,92,309,104,130,441,3294,815,108,21,113,47,25,181,804,673,675,242,253,622,155,151,928,422,113,380,915
2022,Santa Cruz County,May,917,11,15,12,17,21,0,917,210,15,1,7,8,10,0,215,38,38,23,18,0,31,25,56,19,16,26,61
2022,Shasta County,May,1163,37,0,8,62,0,4,1142,0,0,0,0,0,0,0,0,45,66,0,0,4,0,62,66,8,0,37,45
2022,Sierra County,May,15,2,0,0,1,0,0,16,10,0,0,0,0,0,1,9,2,1,0,1,1,0,1,2,0,0,2,2
2022,Siskiyou County,May,238,8,1,0,4,1,0,242,0,0,0,0,0,0,0,0,9,5,0,0,0,1,4,5,0,1,8,9
2022,Solano County,May,1294,43,0,0,0,0,0,1337,500, , , , , , ,500,43,0, , ,0,0,0,0,0,0,43,43
2022,Sonoma County,May,1153,49,43,0,43,41,1,1160,0,12,10,14,20,3,13,0,92,85,36,36,14,44,63,121,14,53,61,128
2022,Stanislaus County,May,2724,140,79,61,83,87,11,2823,124,1,4,0,4,1,2,122,280,181,5,7,13,88,87,188,61,83,141,285
2022,Sutter County,May,487,28,2,4,6,9,10,496,3,2,0,0,1,0,0,4,34,25,2,1,10,9,7,26,4,2,30,36
2022,Tehama County,May,1043,7,1,0,2,0,8,1041,66,0,0,0,0,0,0,66,8,10,0,0,8,0,2,10,0,1,7,8
2022,Trinity County,May,53,2,0,0,1,0,1,53,3,0,0,0,0,0,0,4,2,2,0,0,1,0,1,2,0,0,2,2
2022,Tulare County,May,1391,60,25,1,72,22,5,1378,84,8,11,0,22,8,1,72,86,99,19,31,6,30,94,130,1,36,68,105
2022,Tuolumne County,May,359,21,5,7,6,10,5,371,114,2,0,8,8,2,7,107,33,21,10,17,12,12,14,38,15,5,23,43
2022,Ventura County,May,1764,50,11,0,40,0,0,1785,3589,57,23,0,91,0,0,3578,61,40,80,91,0,0,131,131,0,34,107,141
2022,Yolo County,May,424,15,10,2,21,21,0,409,62,0,0,0,2,0,0,60,27,42,0,2,0,21,23,44,2,10,15,27
2022,Yuba County,May,417,18,0,0,9,11,4,411,27,1,0,1,2,0,1,26,18,24,2,3,5,11,11,27,1,0,19,20
2022,Alameda County,June,904,5,152,11,4,0,1,1067,25,0,1,4,0,0,0,30,168,5,5,0,1,0,4,5,15,153,5,173
2022,Alpine County,June,8,0,0,0,0,0,0,8,43,5,0,0,2,0,0,46,0,0,5,2,0,0,2,2,0,0,5,5
2022,Amador County,June,180,7,4,3,9,5,0,180,760,15,3,18,24,10,0,762,14,14,36,34,0,15,33,48,21,7,22,50
2022,Butte County,June,583,53,53,5,9,53,4,628,210,22,13,0,10,15,2,218,111,66,35,27,6,68,19,93,5,66,75,146
2022,Calaveras County,June,146,8,2,0,1,4,3,148,44,2,1,0,0,3,1,43,10,8,3,4,4,7,1,12,0,3,10,13
2022,Colusa County,June,53,5,2,0,0,3,1,56,5,0,0,0,1,0,0,4,7,4,0,1,1,3,1,5,0,2,5,7
2022,Contra Costa County,June,2832,86,0,4,98,4,25,2795,2,0,0,0,0,0,0,2,90,127,0,0,25,4,98,127,4,0,86,90
2022,Del Norte County,June,153,0,0,0,0,0,0,153,43,0,0,0,0,0,0,43,0,0,0,0,0,0,0,0,0,0,0,0
2022,El Dorado County,June,789,19,11,0,0,11,0,808,45,0,0,0,0,0,0,45,30,11,0,0,0,11,0,11,0,11,19,30
2022,Fresno County,June,4264,153,56,2,56,129,4,4286,3471,78,38,1,50,79,1,3458,211,189,117,130,5,208,106,319,3,94,231,328
2022,Glenn County,June,128,8,3,6,0,0,4,141,117,5,0,1,5,0,5,113,17,4,6,10,9,0,5,14,7,3,13,23
2022,Humboldt County,June,831,37,0,0,13,2,1,852,2,0,0,0,0,0,0,2,37,16,0,0,1,2,13,16,0,0,37,37
2022,Imperial County,June,632,31,0,21,38,8,10,628,162,15,0,7,13,0,1,170,52,56,22,14,11,8,51,70,28,0,46,74
2022,Inyo County,June,83,4,1,0,0,3,1,84,34,1,1,0,0,1,0,35,5,4,2,1,1,4,0,5,0,2,5,7
2022,Kern County,June,6885,184,22,15,222,34,20,6830,0, , , , , , ,0,221,276, , ,20,34,222,276,15,22,184,221
2022,Kings County,June,1376,40,3,5,23,9,16,1376,1246,18,1,0,21,6,7,1231,48,48,19,34,23,15,44,82,5,4,58,67
2022,Lake County,June,410,17,1,1,12,0,5,412,12,0,0,0,0,0,0,12,19,17,0,0,5,0,12,17,1,1,17,19
2022,Lassen County,June,68,4,0,0,8,1,0,63,36,0,1,0,1,1,0,35,4,9,1,2,0,2,9,11,0,1,4,5
2022,Los Angeles County,June,25485,486,133,0,316,509,4,25275,194,0,0,0,1,0,1,192,619,829,0,2,5,509,317,831,0,133,486,619
2022,Madera County,June,2883,28,13,0,14,23,1,2886,835,29,6,0,18,19,3,830,41,38,35,40,4,42,32,78,0,19,57,76
2022,Marin County,June,634,94,0,0,86,0,0,642,910,91,0,0,97,0,0,904,94,86,91,97,0,0,183,183,0,0,185,185
2022,Mariposa County,June,103,2,1,0,0,4,0,102,37,9,10,0,2,13,0,41,3,4,19,15,0,17,2,19,0,11,11,22
2022,Mendocino County,June,462,16,0,0,15,0,1,462,127,5,0,0,3,0,0,129,16,16,5,3,1,0,18,19,0,0,21,21
2022,Merced County,June,1073,62,39,5,21,67,12,1079,1,0,0,0,0,0,0,1,106,100,0,0,12,67,21,100,5,39,62,106
2022,Modoc County,June,106,2,1,0,2,0,0,107,53,1,0,0,0,0,0,54,3,2,1,0,0,0,2,2,0,1,3,4
2022,Mono County,June,45,1,0,0,0,0,0,46,36,0,0,0,0,0,0,36,1,0,0,0,0,0,0,0,0,0,1,1
2022,Monterey County,June,1085,29,14,0,12,13,23,1080,125,1,1,0,2,2,1,122,43,48,2,5,24,15,14,53,0,15,30,45
2022,Napa County,June,487,28,14,22,23,12,0,516,631,28,16,30,30,19,0,656,64,35,74,49,0,31,53,84,52,30,56,138
2022,Nevada County,June,428,15,9,0,11,12,0,429,37,2,0,0,3,0,0,36,24,23,2,3,0,12,14,26,0,9,17,26
2022,Orange County,June,13006,699,247,45,503,305,83,13106,1701,40,8,0,13,14,1,1721,991,891,48,28,84,319,516,919,45,255,739,1039
2022,Placer County,June,1393,68,3,0,20,1,0,1443,1140,44,2,0,8,0,0,1178,71,21,46,8,0,1,28,29,0,5,112,117
2022,Plumas County,June,59,4,1,0,4,2,1,57,41,2,5,0,1,3,2,42,5,7,7,6,3,5,5,13,0,6,6,12
2022,Riverside County,June,6291,323,126,6,186,207,0,6353,181,8,10,1,11,4,0,185,455,393,19,15,0,211,197,408,7,136,331,474
2022,Sacramento County,June,9155,316,0,0,180,0,0,9291,3023,57,0,0,49,0,4,3027,316,180,57,53,4,0,229,233,0,0,373,373
2022,San Benito County,June,116,5,3,3,3,5,3,116,56,3,0,3,1,0,2,59,11,11,6,3,5,5,4,14,6,3,8,17
2022,San Bernardino County,June,9073,652,37,20,313,236,6,9227,25,0,0,2,3,0,0,24,709,555,2,3,6,236,316,558,22,37,652,711
2022,San Diego County,June,6674,379,73,0,123,258,12,6733,445,25,1,0,10,10,1,450,452,393,26,21,13,268,133,414,0,74,404,478
2022,San Francisco County,June,781,24,24,8,36,3,37,761,470,20,7,1,30,1,18,449,56,76,28,49,55,4,66,125,9,31,44,84
2022,San Joaquin County,June,1529,44,29,13,61,47,10,1497,1429,32,35,1,62,49,4,1382,86,118,68,115,14,96,123,233,14,64,76,154
2022,San Luis Obispo County,June,969,40,34,12,52,28,22,953,331,15,2,0,24,18,15,291,86,102,17,57,37,46,76,159,12,36,55,103
2022,San Mateo County,June,1719,80,14,0,48,27,3,1735,1418,66,6,0,33,21,6,1430,94,78,72,60,9,48,81,138,0,20,146,166
2022,Santa Barbara County,June,1325,59,28,0,24,12,10,1366,676,57,13,0,40,4,1,701,87,46,70,45,11,16,64,91,0,41,116,157
2022,Santa Clara County,June,3294,295,78,365,141,161,633,3097,804,118,17,153,41,30,209,812,738,935,288,280,842,191,182,1215,518,95,413,1026
2022,Santa Cruz County,June,917,26,19,0,53,14,5,890,215,7,4,0,8,5,3,210,45,72,11,16,8,19,61,88,0,23,33,56
2022,Shasta County,June,1142,34,0,6,54,0,2,1126,0,0,0,0,0,0,0,0,40,56,0,0,2,0,54,56,6,0,34,40
2022,Sierra County,June,16,1,0,0,0,0,0,17,9,1,0,0,0,0,1,9,1,0,1,1,1,0,0,1,0,0,2,2
2022,Siskiyou County,June,242,8,6,0,7,4,0,245,0,0,0,0,0,0,0,0,14,11,0,0,0,4,7,11,0,6,8,14
2022,Solano County,June,1337,83,0,0,56,37,0,1327,596,34,0,0,46,16,0,568,83,93,34,62,0,53,102,155,0,0,117,117
2022,Sonoma County,June,1160,45,48,0,51,54,0,1148,0,11,12,15,16,12,10,0,93,105,38,38,10,66,67,143,15,60,56,131
2022,Stanislaus County,June,2823,144,68,33,80,95,7,2886,122,6,4,4,9,1,1,125,245,182,14,11,8,96,89,193,37,72,150,259
2022,Sutter County,June,496,16,4,1,13,17,3,484,4,1,1,0,0,0,0,6,21,33,2,0,3,17,13,33,1,5,17,23
2022,Tehama County,June,1041,12,3,0,0,9,9,1038,66,0,0,0,0,0,2,64,15,18,0,2,11,9,0,20,0,3,12,15
2022,Trinity County,June,53,0,0,0,1,1,1,50,3,0,0,0,0,0,0,3,0,3,0,0,1,1,1,3,0,0,0,0
2022,Tulare County,June,1378,68,20,4,27,27,11,1405,72,7,17,1,5,8,1,83,92,65,25,14,12,35,32,79,5,37,75,117
2022,Tuolumne County,June,371,17,13,13,10,12,12,380,107,9,0,0,2,1,1,112,43,34,9,4,13,13,12,38,13,13,26,52
2022,Ventura County,June,1849,56,1,0,45,3,0,1858,3741,62,1,0,86,18,0,3700,57,48,63,104,0,21,131,152,0,2,118,120
2022,Yolo County,June,409,13,9,4,13,17,3,402,60,0,0,1,0,0,0,61,26,33,1,0,3,17,13,33,5,9,13,27
2022,Yuba County,June,411,13,0,2,13,9,5,399,26,0,0,0,2,0,1,23,15,27,0,3,6,9,15,30,2,0,13,15
2022,Alameda County,July,926,2,137,1,6,3,1,1056,27,0,2,0,0,0,0,29,140,10,2,0,1,3,6,10,1,139,2,142
2022,Alpine County,July,8,0,0,0,1,0,0,7,46,6,0,0,3,0,0,49,0,1,6,3,0,0,4,4,0,0,6,6
2022,Amador County,July,180,5,1,10,8,6,0,182,762,16,1,11,17,10,0,763,16,14,28,27,0,16,25,41,21,2,21,44
2022,Butte County,July,623,39,23,7,6,46,9,631,218,20,6,0,5,20,2,217,69,61,26,27,11,66,11,88,7,29,59,95
2022,Calaveras County,July,148,5,8,0,1,5,2,153,43,4,2,0,1,2,0,46,13,8,6,3,2,7,2,11,0,10,9,19
2022,Colusa County,July,56,3,1,0,0,2,1,57,4,0,0,0,0,0,1,3,4,3,0,1,2,2,0,4,0,1,3,4
2022,Contra Costa County,July,2795,76,2,3,93,0,29,2754,2,0,0,0,0,0,0,2,81,122,0,0,29,0,93,122,3,2,76,81
2022,Del Norte County,July,148,6,1,0,4,17,1,133,44,1,1,0,0,0,0,46,7,22,2,0,1,17,4,22,0,2,7,9
2022,El Dorado County,July,786,13,10,0,0,9,0,800,43,1,0,0,0,0,0,44,23,9,1,0,0,9,0,9,0,10,14,24
2022,Fresno County,July,4286,195,54,1,53,84,3,4396,3458,68,28,2,31,49,2,3474,250,140,98,82,5,133,84,222,3,82,263,348
2022,Glenn County,July,139,3,0,1,2,1,1,139,113,7,0,0,0,0,0,120,4,4,7,0,1,1,2,4,1,0,10,11
2022,Humboldt County,July,852,30,0,1,3,5,2,873,2,0,0,0,0,0,0,2,31,10,0,0,2,5,3,10,1,0,30,31
2022,Imperial County,July,628,20,0,12,24,4,0,632,170,15,0,5,5,1,1,183,32,28,20,7,1,5,29,35,17,0,35,52
2022,Inyo County,July,81,5,5,0,2,3,1,85,34,0,3,0,0,0,1,36,10,6,3,1,2,3,2,7,0,8,5,13
2022,Kern County,July,6885,184,22,15,222,34,20,6830,0, , , , , , ,0,221,276, , ,20,34,222,276,15,22,184,221
2022,Kings County,July,1376,15,2,8,12,1,7,1381,1231,18,0,0,2,0,0,1247,25,20,18,2,7,1,14,22,8,2,33,43
2022,Lake County,July,415,9,3,3,9,0,2,419,12,0,0,0,0,0,0,12,15,11,0,0,2,0,9,11,3,3,9,15
2022,Lassen County,July,63,10,0,0,2,0,0,71,35,3,0,0,1,0,0,37,10,2,3,1,0,0,3,3,0,0,13,13
2022,Los Angeles County,July,25356,452,149,0,297,504,2,25154,179,2,0,0,5,0,0,176,601,803,2,5,2,504,302,808,0,149,454,603
2022,Madera County,July,2886,12,13,0,4,14,9,2884,830,19,11,0,19,27,7,807,25,27,30,53,16,41,23,80,0,24,31,55
2022,Marin County,July,634,64,0,0,46,0,0,652,910,125,0,0,67,0,0,968,64,46,125,67,0,0,113,113,0,0,189,189
2022,Mariposa County,July,102,5,1,1,0,0,0,109,41,4,0,0,11,10,0,24,7,0,4,21,0,10,11,21,1,1,9,11
2022,Mendocino County,July,457,17,0,0,13,0,4,457,131,1,0,0,9,0,0,123,17,17,1,9,4,0,22,26,0,0,18,18
2022,Merced County,July,1078,63,56,10,20,64,5,1118,1,0,0,0,0,0,0,1,129,89,0,0,5,64,20,89,10,56,63,129
2022,Modoc County,July,109,0,0,0,2,2,0,105,54,0,0,0,0,1,0,53,0,4,0,1,0,3,2,5,0,0,0,0
2022,Mono County,July,46,0,0,0,0,0,0,46,28,4,0,0,0,0,0,32,0,0,4,0,0,0,0,0,0,0,4,4
2022,Monterey County,July,1080,29,14,0,12,15,15,1081,122,0,0,2,4,1,0,119,43,42,2,5,15,16,16,47,2,14,29,45
2022,Napa County,July,516,15,7,0,10,19,0,509,656,28,8,0,14,21,0,657,22,29,36,35,0,40,24,64,0,15,43,58
2022,Nevada County,July,429,13,20,2,9,8,1,446,36,1,0,0,1,0,0,36,35,18,1,1,1,8,10,19,2,20,14,36
2022,Orange County,July,13072,609,217,66,408,242,59,13255,1721,36,9,0,9,6,0,1751,892,709,45,15,59,248,417,724,66,226,645,937
2022,Placer County,July,1399,49,2,0,11,1,9,1429,1115,37,4,0,12,0,4,1140,51,21,41,16,13,1,23,37,0,6,86,92
2022,Plumas County,July,57,0,0,0,1,0,1,55,42,3,0,0,1,1,0,43,0,2,3,2,1,1,2,4,0,0,3,3
2022,Riverside County,July,6353,306,151,3,194,201,0,6418,185,10,15,0,3,5,2,200,460,395,25,10,2,206,197,405,3,166,316,485
2022,Sacramento County,July,9291,227,0,0,171,0,0,9347,3027,31,0,0,36,0,1,3021,227,171,31,37,1,0,207,208,0,0,258,258
2022,San Benito County,July,89,2,0,1,0,3,1,88,97,8,1,0,2,2,1,101,3,4,9,5,2,5,2,9,1,1,10,12
2022,San Bernardino County,July,9227,0,0,0,126,0,0,9101,19,0,0,0,0,0,0,19,0,126,0,0,0,0,126,126,0,0,0,0
2022,San Diego County,July,6733,356,94,0,127,179,11,6866,450,14,2,0,8,3,0,455,450,317,16,11,11,182,135,328,0,96,370,466
2022,San Francisco County,July,761,27,19,8,35,3,9,768,449,8,8,1,21,0,5,440,54,47,17,26,14,3,56,73,9,27,35,71
2022,San Joaquin County,July,1497,34,23,6,31,35,14,1480,1382,36,37,1,39,44,1,1372,63,80,74,84,15,79,70,164,7,60,70,137
2022,San Luis Obispo County,July,953,35,30,3,24,33,2,962,291,16,9,0,10,10,2,294,68,59,25,22,4,43,34,81,3,39,51,93
2022,San Mateo County,July,1735,61,11,0,40,21,4,1742,1430,59,8,0,23,18,14,1442,72,65,67,55,18,39,63,120,0,19,120,139
2022,Santa Barbara County,July,1342,54,52,0,14,10,6,1418,688,56,28,0,13,2,2,755,106,30,84,17,8,12,27,47,0,80,110,190
2022,Santa Clara County,July,3097,376,70,656,96,133,746,3224,812,91,5,153,28,21,183,829,1102,975,249,232,929,154,124,1207,809,75,467,1351
2022,Santa Cruz County,July,890,19,19,0,24,13,1,890,210,8,1,12,10,11,0,210,38,38,21,21,1,24,34,59,12,20,27,59
2022,Shasta County,July,1126,22,0,9,50,0,0,1107,0,0,0,0,0,0,0,0,31,50,0,0,0,0,50,50,9,0,22,31
2022,Sierra County,July,17,0,0,0,0,0,0,17,9,1,0,0,0,0,0,10,0,0,1,0,0,0,0,0,0,0,1,1
2022,Siskiyou County,July,245,5,1,0,17,5,0,229,0,0,0,0,0,0,0,0,6,22,0,0,0,5,17,22,0,1,5,6
2022,Solano County,July,1360,80,0,0,84,20,0,1336,592,39,0,0,53,22,0,556,80,104,39,75,0,42,137,179,0,0,119,119
2022,Sonoma County,July,1148,41,32,0,55,44,1,1121,0,14,9,0,9,14,0,0,73,100,23,23,1,58,64,123,0,41,55,96
2022,Stanislaus County,July,2886,129,66,65,88,94,18,2946,125,4,5,0,8,1,2,123,260,200,9,11,20,95,96,211,65,71,133,269
2022,Sutter County,July,484,15,4,2,8,14,9,474,6,0,0,0,1,0,0,5,21,31,0,1,9,14,9,32,2,4,15,21
2022,Tehama County,July,1047,5,1,0,1,0,5,1047,64,0,0,0,0,0,1,63,6,6,0,1,6,0,1,7,0,1,5,6
2022,Trinity County,July,50,1,0,0,0,3,1,47,3,0,0,0,0,0,0,3,1,4,0,0,1,3,0,4,0,0,1,1
2022,Tulare County,July,1405,91,32,5,34,29,7,1463,83,7,5,0,15,13,0,67,128,70,12,28,7,42,49,98,5,37,98,140
2022,Tuolumne County,July,380,12,5,4,8,8,5,380,112,7,0,2,2,3,4,112,21,21,9,9,9,11,10,30,6,5,19,30
2022,Ventura County,July,1821,54,45,0,61,0,0,1859,3593,42,16,0,87,0,0,3564,99,61,58,87,0,0,148,148,0,61,96,157
2022,Yolo County,July,402,16,15,62,22,21,2,450,61,1,0,1,5,1,19,38,93,45,2,25,21,22,27,70,63,15,17,95
2022,Yuba County,July,399,20,0,0,7,5,4,403,23,0,0,1,0,0,0,24,20,16,1,0,4,5,7,16,1,0,20,21
2022,Alameda County,August,947,0,18,0,0,0,0,965,25,0,0,0,0,0,0,25,18,0,0,0,0,0,0,0,0,18,0,18
2022,Alpine County,August,7,1,0,1,0,0,0,9,49,1,0,0,2,0,0,48,2,0,1,2,0,0,2,2,1,0,2,3
2022,Amador County,August,182,7,1,0,13,3,3,171,763,10,2,14,16,6,0,767,8,19,26,22,3,9,29,41,14,3,17,34
2022,Butte County,August,622,35,54,8,12,49,2,656,214,23,19,0,9,23,3,221,97,63,42,35,5,72,21,98,8,73,58,139
2022,Calaveras County,August,148,5,8,0,1,6,2,152,46,2,1,0,2,4,1,42,13,9,3,7,3,10,3,16,0,9,7,16
2022,Colusa County,August,57,6,1,0,1,2,2,59,3,0,0,0,1,1,0,1,7,5,0,2,2,3,2,7,0,1,6,7
2022,Contra Costa County,August,2795,76,2,3,93,0,29,2754,2,0,0,0,0,0,0,2,81,122,0,0,29,0,93,122,3,2,76,81
2022,Del Norte County,August,133,6,1,1,4,6,2,129,46,5,0,0,2,3,0,46,8,12,5,5,2,9,6,17,1,1,11,13
2022,El Dorado County,August,781,14,21,0,0,7,0,809,46,0,0,0,0,0,0,46,35,7,0,0,0,7,0,7,0,21,14,35
2022,Fresno County,August,4396,176,144,1,98,144,2,4473,3474,91,63,5,62,71,6,3494,321,244,159,139,8,215,160,383,6,207,267,480
2022,Glenn County,August,139,7,0,2,4,0,0,144,120,4,0,1,2,0,2,121,9,4,5,4,2,0,6,8,3,0,11,14
2022,Humboldt County,August,868,26,1,0,10,3,2,880,1,3,0,0,1,1,0,2,27,15,3,2,2,4,11,17,0,1,29,30
2022,Imperial County,August,632,32,0,19,57,7,0,619,183,14,0,9,19,1,0,186,51,64,23,20,0,8,76,84,28,0,46,74
2022,Inyo County,August,80,6,4,0,1,4,0,85,34,1,2,0,2,1,0,34,10,5,3,3,0,5,3,8,0,6,7,13
2022,Kern County,August,6830,230,28,19,275,45,25,6762,0, , , , , , ,0,277,345, , ,25,45,275,345,19,28,230,277
2022,Kings County,August,1376,32,3,3,40,11,9,1354,1231,36,6,0,73,12,0,1188,38,60,42,85,9,23,113,145,3,9,68,80
2022,Lake County,August,415,14,1,4,8,0,2,424,13,0,0,0,0,0,0,13,19,10,0,0,2,0,8,10,4,1,14,19
2022,Lassen County,August,71,4,0,0,4,1,0,70,37,2,2,0,2,0,0,39,4,5,4,2,0,1,6,7,0,2,6,8
2022,Los Angeles County,August,25148,579,151,0,338,597,14,24929,174,2,0,0,2,1,0,173,730,949,2,3,14,598,340,952,0,151,581,732
2022,Madera County,August,2884,18,18,0,11,28,5,2876,807,30,14,0,16,30,8,797,36,44,44,54,13,58,27,98,0,32,48,80
2022,Marin County,August,652,83,0,0,78,0,0,657,968,82,0,0,98,0,0,952,83,78,82,98,0,0,176,176,0,0,165,165
2022,Mariposa County,August,109,4,0,0,1,1,0,111,24,7,5,1,0,4,0,33,4,2,13,4,0,5,1,6,1,5,11,17
2022,Mendocino County,August,457,15,0,0,9,0,5,458,118,5,0,0,7,0,1,115,15,14,5,8,6,0,16,22,0,0,20,20
2022,Merced County,August,1118,72,46,20,25,70,0,1161,1,0,0,0,0,0,0,1,138,95,0,0,0,70,25,95,20,46,72,138
2022,Modoc County,August,105,2,0,0,1,0,0,106,53,0,1,0,0,0,0,54,2,1,1,0,0,0,1,1,0,1,2,3
2022,Mono County,August,42,4,0,0,1,0,1,44,32,1,0,0,1,0,0,32,4,2,1,1,1,0,2,3,0,0,5,5
2022,Monterey County,August,1081,29,17,0,12,18,5,1092,119,2,2,0,4,0,0,119,46,35,4,4,5,18,16,39,0,19,31,50
2022,Napa County,August,509,20,15,14,15,46,0,497,657,42,11,18,15,38,0,675,49,61,71,53,0,84,30,114,32,26,62,120
2022,Nevada County,August,446,21,10,0,18,8,0,451,36,2,0,2,0,0,0,40,31,26,4,0,0,8,18,26,2,10,23,35
2022,Orange County,August,13252,713,239,85,449,282,108,13450,1751,35,11,0,22,22,0,1753,1037,839,46,44,108,304,471,883,85,250,748,1083
2022,Placer County,August,1411,61,0,0,8,0,6,1458,1108,35,4,0,3,0,1,1143,61,14,39,4,7,0,11,18,0,4,96,100
2022,Plumas County,August,55,1,1,0,4,2,0,51,43,6,1,0,2,2,0,46,2,6,7,4,0,4,6,10,0,2,7,9
2022,Riverside County,August,6418,371,147,12,236,219,0,6493,200,16,9,0,9,4,9,203,530,455,25,22,9,223,245,477,12,156,387,555
2022,Sacramento County,August,9347,345,0,0,199,0,0,9493,3021,66,0,0,61,0,7,3019,345,199,66,68,7,0,260,267,0,0,411,411
2022,San Benito County,August,88,4,1,0,2,0,2,89,101,3,0,0,0,3,2,99,5,4,3,5,4,3,2,9,0,1,7,8
2022,San Bernardino County,August,9101,604,35,44,286,263,2,9233,23,1,0,0,0,0,0,24,683,551,1,0,2,263,286,551,44,35,605,684
2022,San Diego County,August,6866,395,93,0,158,281,8,6907,455,32,2,0,8,7,1,473,488,447,34,16,9,288,166,463,0,95,427,522
2022,San Francisco County,August,768,20,26,16,29,5,29,767,440,16,12,4,30,0,11,431,62,63,32,41,40,5,59,104,20,38,36,94
2022,San Joaquin County,August,1480,41,42,10,78,43,14,1438,1372,48,55,1,44,62,4,1366,93,135,104,110,18,105,122,245,11,97,89,197
2022,San Luis Obispo County,August,962,38,34,17,40,45,8,958,294,13,9,0,18,23,0,275,89,93,22,41,8,68,58,134,17,43,51,111
2022,San Mateo County,August,1742,71,10,0,39,24,9,1751,1442,52,3,0,35,8,13,1441,81,72,55,56,22,32,74,128,0,13,123,136
2022,Santa Barbara County,August,1365,62,54,0,33,15,7,1426,714,52,32,0,34,4,6,754,116,55,84,44,13,19,67,99,0,86,114,200
2022,Santa Clara County,August,3224,324,98,432,104,152,554,3268,829,94,18,147,47,39,156,846,854,810,259,242,710,191,151,1052,579,116,418,1113
2022,Santa Cruz County,August,890,22,18,0,24,20,12,874,210,17,2,4,14,10,0,209,40,56,23,24,12,30,38,80,4,20,39,63
2022,Shasta County,August,1110,36,0,7,44,0,5,1104,0,0,0,0,0,0,0,0,43,49,0,0,5,0,44,49,7,0,36,43
2022,Sierra County,August,17,0,0,0,1,0,0,16,10,3,0,0,1,0,0,12,0,1,3,1,0,0,2,2,0,0,3,3
2022,Siskiyou County,August,229,12,0,0,22,1,1,217,0,0,0,1,0,0,0,1,12,24,1,0,1,1,22,24,1,0,12,13
2022,Solano County,August,1360,109,0,0,48,37,0,1384,599,38,0,0,41,18,0,578,109,85,38,59,0,55,89,144,0,0,147,147
2022,Sonoma County,August,1123,63,58,0,55,53,0,1136,0,12,12,0,11,10,3,0,121,108,24,24,3,63,66,132,0,70,75,145
2022,Stanislaus County,August,2946,112,88,23,69,101,9,2990,123,4,3,6,5,1,1,129,223,179,13,7,10,102,74,186,29,91,116,236
2022,Sutter County,August,474,23,7,1,10,17,5,473,5,1,0,0,1,0,0,5,31,32,1,1,5,17,11,33,1,7,24,32
2022,Tehama County,August,1047,6,3,0,0,0,10,1046,63,0,0,0,0,0,0,63,9,10,0,0,10,0,0,10,0,3,6,9
2022,Trinity County,August,47,1,3,1,3,1,2,46,3,0,0,0,0,0,0,3,5,6,0,0,2,1,3,6,1,3,1,5
2022,Tulare County,August,1463,108,17,7,66,15,3,1511,67,11,5,3,6,0,0,80,132,84,19,6,3,15,72,90,10,22,119,151
2022,Tuolumne County,August,380,2,5,3,23,18,7,342,112,11,0,0,5,1,2,115,10,48,11,8,9,19,28,56,3,5,13,21
2022,Ventura County,August,1864,58,53,0,81,0,0,1894,3600,67,15,0,66,0,0,3616,111,81,82,66,0,0,147,147,0,68,125,193
2022,Yolo County,August,403,36,0,0,6,5,6,422,24,0,0,0,1,0,0,23,36,17,0,1,6,5,7,18,0,0,36,36
2022,Yuba County,August,403,36,0,0,6,5,6,422,24,0,0,0,1,0,0,23,36,17,0,1,6,5,7,18,0,0,36,36
2022,Alameda County,September,947,0,18,0,0,0,0,965,28,0,0,0,0,0,0,28,18,0,0,0,0,0,0,0,0,18,0,18
2022,Alpine County,September,9,0,0,0,0,1,0,8,48, , , , , , ,48,0,1, , ,0,1,0,1,0,0,0,0
2022,Amador County,September,171,12,2,0,5,4,1,175,767,15,2,0,10,7,8,759,14,10,17,25,9,11,15,35,0,4,27,31
2022,Butte County,September,651,54,50,7,8,52,6,696,219,19,10,0,10,22,1,215,111,66,29,33,7,74,18,99,7,60,73,140
2022,Calaveras County,September,154,9,3,3,3,7,2,157,42,4,2,0,0,4,0,44,15,12,6,4,2,11,3,16,3,5,13,21
2022,Colusa County,September,59,5,2,0,3,8,0,55,1,0,0,0,0,0,0,1,7,11,0,0,0,8,3,11,0,2,5,7
2022,Contra Costa County,September,2754,102,1,3,82,0,25,2753,2,0,0,0,0,0,0,2,106,107,0,0,25,0,82,107,3,1,102,106
2022,Del Norte County,September,129,16,2,2,4,2,5,138,46,3,0,0,3,0,0,46,20,11,3,3,5,2,7,14,2,2,19,23
2022,El Dorado County,September,774,12,10,0,0,10,0,786,41,1,1,0,0,1,0,42,22,10,2,1,0,11,0,11,0,11,13,24
2022,Fresno County,September,4472,117,75,1,73,138,4,4450,3494,101,40,0,43,66,1,3525,193,215,141,110,5,204,116,325,1,115,218,334
2022,Glenn County,September,144,3,0,3,1,0,4,145,121,9,0,0,2,0,0,128,6,5,9,2,4,0,3,7,3,0,12,15
2022,Humboldt County,September,880,30,0,0,17,4,1,888,2,1,0,0,0,0,0,3,30,22,1,0,1,4,17,22,0,0,31,31
2022,Imperial County,September,619,22,0,18,23,3,1,632,186,7,0,13,5,1,1,199,40,27,20,7,2,4,28,34,31,0,29,60
2022,Inyo County,September,83,7,3,0,1,4,0,88,31,3,0,0,2,0,0,32,10,5,3,2,0,4,3,7,0,3,10,13
2022,Kern County,September,6762,202,25,17,207,30,17,6752,0, , , , , , ,0,244,254, , ,17,30,207,254,17,25,202,244
2022,Kings County,September,1354,39,6,6,19,10,12,1364,1188,18,5,0,3,13,1,1194,51,41,23,17,13,23,22,58,6,11,57,74
2022,Lake County,September,414,13,1,0,9,0,1,418,13,0,0,0,1,0,0,12,14,10,0,1,1,0,10,11,0,1,13,14
2022,Lassen County,September,70,2,2,0,5,1,0,68,39,1,0,0,1,0,0,39,4,6,1,1,0,1,6,7,0,2,3,5
2022,Los Angeles County,September,25059,564,142,0,405,481,10,24869,164,1,0,0,4,0,0,161,706,896,1,4,10,481,409,900,0,142,565,707
2022,Madera County,September,2876,21,7,0,9,36,5,2854,797,40,6,0,13,38,4,788,28,50,46,55,9,74,22,105,0,13,61,74
2022,Marin County,September,657,59,0,0,49,0,0,667,952,91,0,0,80,0,0,963,59,49,91,80,0,0,129,129,0,0,150,150
2022,Mariposa County,September,111,2,2,0,2,3,0,110,33,6,3,0,6,9,0,27,4,5,9,15,0,12,8,20,0,5,8,13
2022,Mendocino County,September,453,16,0,0,11,0,5,453,112,2,0,0,6,0,0,108,16,16,2,6,5,0,17,22,0,0,18,18
2022,Merced County,September,1161, , , , , , ,1161,1, , , , , , ,1, , , , , , , , , , , , 
2022,Modoc County,September,107,1,2,0,0,0,0,110,22,1,0,0,0,0,0,23,3,0,1,0,0,0,0,0,0,2,2,4
2022,Mono County,September,44,0,0,0,0,0,0,44,32,1,0,0,1,0,0,32,0,0,1,1,0,0,1,1,0,0,1,1
2022,Monterey County,September,1092,15,12,0,7,11,14,1087,119,1,2,0,1,2,5,114,27,32,3,8,19,13,8,40,0,14,16,30
2022,Napa County,September,497,28,21,0,14,28,11,493,675,27,10,0,29,22,2,659,49,53,37,53,13,50,43,106,0,31,55,86
2022,Nevada County,September,451,15,4,0,5,13,0,452,39,3,0,0,2,0,0,40,19,18,3,2,0,13,7,20,0,4,18,22
2022,Orange County,September,13450,892,155,46,432,159,70,13882,1749,61,6,0,31,5,0,1780,1093,661,67,36,70,164,463,697,46,161,953,1160
2022,Placer County,September,1369,55,1,0,5,0,4,1416,1108,37,1,0,2,0,0,1144,56,9,38,2,4,0,7,11,0,2,92,94
2022,Plumas County,September,83, , , , , , ,83,68, , , , , , ,68, , , , , , , , , , , , 
2022,Riverside County,September,6493,375,166,0,182,214,7,6631,203,11,17,16,5,7,0,235,541,403,44,12,7,221,187,415,16,183,386,585
2022,Sacramento County,September,9493,271,0,0,184,0,0,9580,3019,54,0,0,50,0,8,3015,271,184,54,58,8,0,234,242,0,0,325,325
2022,San Benito County,September,89,4,1,0,2,1,2,89,99,3,0,1,3,4,1,95,5,5,4,8,3,5,5,13,1,1,7,9
2022,San Bernardino County,September,8988,682,29,29,388,236,9,9095,22,0,0,1,0,0,4,19,740,633,1,4,13,236,388,637,30,29,682,741
2022,San Diego County,September,6907,309,88,0,130,187,6,6981,473,27,3,0,6,12,2,483,397,323,30,20,8,199,136,343,0,91,336,427
2022,San Francisco County,September,767,24,29,10,15,7,20,788,431,15,7,0,18,0,19,416,63,42,22,37,39,7,33,79,10,36,39,85
2022,San Joaquin County,September,1438,38,28,21,46,45,8,1426,1366,39,41,0,44,50,3,1349,87,99,80,97,11,95,90,196,21,69,77,167
2022,San Luis Obispo County,September,958,31,24,7,17,21,10,972,275,12,12,0,12,29,1,257,62,48,24,42,11,50,29,90,7,36,43,86
2022,San Mateo County,September,1752,81,11,0,33,38,2,1771,1441,53,9,0,20,16,7,1460,92,73,62,43,9,54,53,116,0,20,134,154
2022,Santa Barbara County,September,1385,58,45,0,29,11,8,1440,743,43,18,0,29,3,6,766,103,48,61,38,14,14,58,86,0,63,101,164
2022,Santa Clara County,September,3268,272,71,336,87,132,472,3256,846,78,18,74,41,27,123,825,679,691,170,191,595,159,128,882,410,89,350,849
2022,Santa Cruz County,September,874,25,21,0,11,12,8,889,209,12,1,19,21,4,0,216,46,31,32,25,8,16,32,56,19,22,37,78
2022,Shasta County,September,1104,29,0,2,31,0,0,1104,0,0,0,0,0,0,0,0,31,31,0,0,0,0,31,31,2,0,29,31
2022,Sierra County,September,16,1,0,0,0,0,0,17,12,1,0,0,0,0,0,13,1,0,1,0,0,0,0,0,0,0,2,2
2022,Siskiyou County,September,217,12,2,1,9,4,0,219,1,0,0,0,0,0,0,1,15,13,0,0,0,4,9,13,1,2,12,15
2022,Solano County,September,1401,80,0,0,56,32,0,1393,594,41,0,0,42,25,0,568,80,88,41,67,0,57,98,155,0,0,121,121
2022,Sonoma County,September,1136,62,44,0,40,46,0,1156,0,11,11,2,11,7,6,0,106,86,24,24,6,53,51,110,2,55,73,130
2022,Stanislaus County,September,2990,129,77,44,77,117,14,3032,129,6,1,0,3,1,6,126,250,208,7,10,20,118,80,218,44,78,135,257
2022,Sutter County,September,473,26,7,0,15,7,4,480,5,0,0,0,0,1,0,4,33,26,0,1,4,8,15,27,0,7,26,33
2022,Tehama County,September,1046,4,1,0,1,0,6,1044,63,0,0,0,0,0,1,62,5,7,0,1,7,0,1,8,0,1,4,5
2022,Trinity County,September,46,2,3,0,2,4,0,45,3,0,0,1,0,0,0,4,5,6,1,0,0,4,2,6,1,3,2,6
2022,Tulare County,September,1511,76,33,6,27,29,7,1563,80,1,0,2,1,0,0,82,115,63,3,1,7,29,28,64,8,33,77,118
2022,Tuolumne County,September,342, , , , , , ,342,115, , , , , , ,115, , , , , , , , , , , , 
2022,Ventura County,September,1893,47,25,0,57,0,0,1908,3633,88,11,0,52,0,0,3680,72,57,99,52,0,0,109,109,0,36,135,171
2022,Yolo County,September,453,15,17,0,21,15,0,449,31,11,0,0,4,0,0,38,32,36,11,4,0,15,25,40,0,17,26,43
2022,Yuba County,September,422,19,0,1,9,9,4,420,23,1,0,1,2,0,0,23,20,22,2,2,4,9,11,24,2,0,20,22
2022,Alameda County,October,974,0,138,7,4,4,2,1109,27,0,0,1,0,0,0,28,145,10,1,0,2,4,4,10,8,138,0,146
2022,Alpine County,October,8,0,0,0,0,0,0,8,48,5,0,0,0,0,0,53,0,0,5,0,0,0,0,0,0,0,5,5
2022,Amador County,October,175,8,1,5,10,2,0,177,759,7,0,29,21,10,0,764,14,12,36,31,0,12,31,43,34,1,15,50
2022,Butte County,October,695,39,35,5,8,68,7,691,220,6,10,1,4,20,6,207,79,83,17,30,13,88,12,113,6,45,45,96
2022,Calaveras County,October,157,5,5,0,3,6,1,157,44,1,1,0,1,6,0,39,10,10,2,7,1,12,4,17,0,6,6,12
2022,Colusa County,October,55,8,2,0,1,5,1,58,1,0,0,0,0,0,0,1,10,7,0,0,1,5,1,7,0,2,8,10
2022,Contra Costa County,October,2753,59,1,1,81,1,31,2701,2,0,0,0,0,0,0,2,61,113,0,0,31,1,81,113,1,1,59,61
2022,Del Norte County,October,138,5,0,1,2,7,2,133,46,4,0,0,0,1,0,49,6,11,4,1,2,8,2,12,1,0,9,10
2022,El Dorado County,October,757,15,15,0,0,20,0,767,39,0,0,0,0,0,0,39,30,20,0,0,0,20,0,20,0,15,15,30
2022,Fresno County,October,4450,171,85,0,86,143,0,4477,3525,100,45,1,65,81,1,3524,256,229,146,147,1,224,151,376,1,130,271,402
2022,Glenn County,October,145,5,0,4,4,1,1,148,128,2,0,1,3,0,3,125,9,6,3,6,4,1,7,12,5,0,7,12
2022,Humboldt County,October,880,22,0,0,9,4,4,885,2,0,0,0,0,0,0,2,22,17,0,0,4,4,9,17,0,0,22,22
2022,Imperial County,October,632,24,0,19,32,6,8,629,199,5,0,9,4,0,2,207,43,46,14,6,10,6,36,52,28,0,29,57
2022,Inyo County,October,88,5,5,0,0,1,0,97,32,2,1,0,1,0,0,34,10,1,3,1,0,1,1,2,0,6,7,13
2022,Kern County,October,6752,216,26,17,107,16,12,6876,0, , , , , , ,0,259,135, , ,12,16,107,135,17,26,216,259
2022,Kings County,October,1364,17,5,8,43,3,135,1213,1193,18,2,0,41,10,143,1019,30,181,20,194,278,13,84,375,8,7,35,50
2022,Lake County,October,412,26,3,1,14,0,2,426,15,0,0,0,0,0,0,15,30,16,0,0,2,0,14,16,1,3,26,30
2022,Lassen County,October,68,6,0,0,5,0,0,69,39,1,0,0,0,0,0,40,6,5,1,0,0,0,5,5,0,0,7,7
2022,Los Angeles County,October,24971,607,129,0,350,482,21,24854,155,1,1,0,0,1,0,156,736,853,2,1,21,483,350,854,0,130,608,738
2022,Madera County,October,2854,14,14,0,11,22,2,2847,788,26,19,0,14,33,2,784,28,35,45,49,4,55,25,84,0,33,40,73
2022,Marin County,October,667,67,0,0,52,0,0,682,963,71,0,0,94,0,0,940,67,52,71,94,0,0,146,146,0,0,138,138
2022,Mariposa County,October,110,3,2,0,0,4,1,110,27,7,0,0,2,4,0,28,5,5,7,6,1,8,2,11,0,2,10,12
2022,Mendocino County,October,455,15,0,0,26,0,0,444,107,4,0,0,2,0,0,109,15,26,4,2,0,0,28,28,0,0,19,19
2022,Merced County,October,1194,71,54,3,23,66,11,1222,1,0,0,0,0,0,0,1,128,100,0,0,11,66,23,100,3,54,71,128
2022,Modoc County,October,110,2,0,0,0,0,0,112,55,0,0,0,0,0,0,55,2,0,0,0,0,0,0,0,0,0,2,2
2022,Mono County,October,46,1,0,0,0,0,0,47,36,0,0,0,1,0,0,35,1,0,0,1,0,0,1,1,0,0,1,1
2022,Monterey County,October,1092,15,12,0,7,11,14,1087,114,1,2,0,1,2,5,109,27,32,3,8,19,13,8,40,0,14,16,30
2022,Napa County,October,493,23,24,3,11,30,0,502,659,33,13,11,21,26,0,669,50,41,57,47,0,56,32,88,14,37,56,107
2022,Nevada County,October,452,11,7,3,13,9,0,451,40,1,0,0,3,0,0,38,21,22,1,3,0,9,16,25,3,7,12,22
2022,Orange County,October,13878,789,128,81,441,147,93,14195,1780,54,13,0,22,15,0,1810,998,681,67,37,93,162,463,718,81,141,843,1065
2022,Placer County,October,1381,49,0,0,8,0,1,1421,1100,28,1,0,4,0,1,1124,49,9,29,5,2,0,12,14,0,1,77,78
2022,Plumas County,October,48,5,0,0,3,1,0,49,47,2,1,0,0,1,1,48,5,4,3,2,1,2,3,6,0,1,7,8
2022,Riverside County,October,6631,359,138,0,228,144,9,6747,235,10,10,13,11,16,0,241,497,381,33,27,9,160,239,408,13,148,369,530
2022,Sacramento County,October,9580,256,0,0,224,0,0,9612,3015,41,0,0,37,0,1,3018,256,224,41,38,1,0,261,262,0,0,297,297
2022,San Benito County,October,89,6,0,2,6,0,1,90,95,5,1,1,2,2,1,97,8,7,7,5,2,2,8,12,3,1,11,15
2022,San Bernardino County,October,9095,617,30,24,407,270,4,9085,19,0,0,0,0,1,0,18,671,681,0,1,4,271,407,682,24,30,617,671
2022,San Diego County,October,6981,365,78,0,159,227,4,7034,483,12,2,0,16,3,0,478,443,390,14,19,4,230,175,409,0,80,377,457
2022,San Francisco County,October,788,20,25,9,26,3,32,781,416,17,5,4,23,0,7,412,54,61,26,30,39,3,49,91,13,30,37,80
2022,San Joaquin County,October,1426,29,32,11,45,31,9,1413,1349,42,62,2,52,41,7,1355,72,85,106,100,16,72,97,185,13,94,71,178
2022,San Luis Obispo County,October,972,42,20,10,25,23,14,982,257,19,12,0,20,19,6,243,72,62,31,45,20,42,45,107,10,32,61,103
2022,San Mateo County,October,1778,89,10,0,48,29,4,1796,1460,53,4,0,28,6,6,1477,99,81,57,40,10,35,76,121,0,14,142,156
2022,Santa Barbara County,October,1405,62,36,0,20,15,11,1457,755,52,27,0,20,3,3,808,98,46,79,26,14,18,40,72,0,63,114,177
2022,Santa Clara County,October,3256,348,75,370,124,143,486,3296,825,101,23,111,39,38,125,858,793,753,235,202,611,181,163,955,481,98,449,1028
2022,Santa Cruz County,October,889,21,21,3,25,23,0,886,216,8,4,9,4,10,0,223,45,48,21,14,0,33,29,62,12,25,29,66
2022,Shasta County,October,1104,30,0,1,50,0,6,1079,0,0,0,0,0,0,0,0,31,56,0,0,6,0,50,56,1,0,30,31
2022,Sierra County,October,17,0,0,0,1,0,0,16,13,0,0,0,1,0,0,12,0,1,0,1,0,0,2,2,0,0,0,0
2022,Siskiyou County,October,219,9,1,0,8,0,1,220,1,0,0,0,0,0,0,1,10,9,0,0,1,0,8,9,0,1,9,10
2022,Solano County,October,1401,84,0,0,63,25,0,1397,597,42,0,0,29,16,0,594,84,88,42,45,0,41,92,133,0,0,126,126
2022,Sonoma County,October,1156,48,54,0,55,30,0,1173,0,12,21,5,13,19,6,0,102,85,38,38,6,49,68,123,5,75,60,140
2022,Stanislaus County,October,3032,151,67,103,114,101,18,3120,126,6,5,3,7,1,1,131,321,233,14,9,19,102,121,242,106,72,157,335
2022,Sutter County,October,480,25,3,1,9,11,3,486,4,0,0,0,0,0,0,4,29,23,0,0,3,11,9,23,1,3,25,29
2022,Tehama County,October,1044,7,1,0,2,0,12,1038,62,0,0,0,0,0,2,60,8,14,0,2,14,0,2,16,0,1,7,8
2022,Trinity County,October,45,2,1,1,1,0,2,46,4,0,0,0,0,0,0,4,4,3,0,0,2,0,1,3,1,1,2,4
2022,Tulare County,October,1563,86,16,2,19,26,4,1618,82,0,1,1,1,0,0,83,104,49,2,1,4,26,20,50,3,17,86,106
2022,Tuolumne County,October,342, , , , , , ,342,115, , , , , , ,115, , , , , , , , , , , , 
2022,Ventura County,October,1902,52,27,0,63,0,0,1918,3678,44,25,0,63,0,0,3684,79,63,69,63,0,0,126,126,0,52,96,148
2022,Yolo County,October,449,29,22,3,20,25,0,458,38,4,0,1,5,0,0,38,54,45,5,5,0,25,25,50,4,22,33,59
2022,Yuba County,October,420,28,0,4,11,7,5,429,23,1,0,1,1,0,0,24,32,23,2,1,5,7,12,24,5,0,29,34
2022,Alameda County,November,982,0,149,11,4,0,1,1137,25,0,1,2,0,0,0,28,160,5,3,0,1,0,4,5,13,150,0,163
2022,Alpine County,November,8,0,0,0,0,0,0,8,53, , , , , , ,53,0,0, , ,0,0,0,0,0,0,0,0
2022,Amador County,November,177,5,2,0,5,2,1,176,764,11,1,7,23,3,0,757,7,8,19,26,1,5,28,34,7,3,16,26
2022,Butte County,November,688,34,39,9,7,58,2,703,209,19,10,0,9,17,0,212,82,67,29,26,2,75,16,93,9,49,53,111
2022,Calaveras County,November,157,7,0,1,6,9,3,147,39,3,2,0,2,1,1,40,8,18,5,4,4,10,8,22,1,2,10,13
2022,Colusa County,November,58,1,3,0,1,2,1,58,1,0,0,0,1,0,0,0,4,4,0,1,1,2,2,5,0,3,1,4
2022,Contra Costa County,November,2701,56,2,3,58,0,30,2674,2,0,0,0,0,0,0,2,61,88,0,0,30,0,58,88,3,2,56,61
2022,Del Norte County,November,133,7,0,0,5,11,0,124,49,1,1,0,3,1,0,47,7,16,2,4,0,12,8,20,0,1,8,9
2022,El Dorado County,November,764, , , ,20, , ,744,54, , , ,14, , ,40, ,20, ,14, , ,34,34, , , , 
2022,Fresno County,November,4477,161,58,0,116,119,2,4459,3524,73,46,3,58,99,3,3486,219,237,122,160,5,218,174,397,3,104,234,341
2022,Glenn County,November,148, , , , , , ,148,125, , , , , , ,125, , , , , , , , , , , , 
2022,Humboldt County,November,885,31,0,2,4,4,3,907,2,0,0,0,0,0,0,2,33,11,0,0,3,4,4,11,2,0,31,33
2022,Imperial County,November,629,22,0,12,35,6,4,618,207,13,0,11,10,0,0,221,34,45,24,10,4,6,45,55,23,0,35,58
2022,Inyo County,November,95,2,2,1,4,3,1,92,34,3,0,0,0,0,0,37,5,8,3,0,1,3,4,8,1,2,5,8
2022,Kern County,November,6856,189,23,15,187,27,16,6853,0, , , , , , ,0,227,230, , ,16,27,187,230,15,23,189,227
2022,Kings County,November,1213,24,3,8,23,15,11,1199,1019,25,2,0,20,17,7,1002,35,49,27,44,18,32,43,93,8,5,49,62
2022,Lake County,November,419,21,3,2,13,0,2,430,12,0,0,0,0,0,0,12,26,15,0,0,2,0,13,15,2,3,21,26
2022,Lassen County,November,69,7,0,0,1,1,0,74,40,1,0,0,2,0,0,39,7,2,1,2,0,1,3,4,0,0,8,8
2022,Los Angeles County,November,24707,520,126,0,277,461,19,24596,149,2,0,0,1,0,1,149,646,757,2,2,20,461,278,759,0,126,522,648
2022,Madera County,November,2847,27,10,0,10,18,2,2854,784,38,8,0,18,11,0,801,37,30,46,29,2,29,28,59,0,18,65,83
2022,Marin County,November,682,54,0,0,54,0,0,682,940,65,0,0,78,0,0,927,54,54,65,78,0,0,132,132,0,0,119,119
2022,Mariposa County,November,110,4,4,0,2,5,1,110,28,4,0,0,1,2,0,29,8,8,4,3,1,7,3,11,0,4,8,12
2022,Mendocino County,November,446,15,0,0,29,0,5,427,108,3,0,0,3,0,1,107,15,34,3,4,6,0,32,38,0,0,18,18
2022,Merced County,November,1222, , , , , , ,1222,1, , , , , , ,1, , , , , , , , , , , , 
2022,Modoc County,November,112,1,1,0,0,1,0,113,55,0,0,0,1,0,0,54,2,1,0,1,0,1,1,2,0,1,1,2
2022,Mono County,November,46,1,0,0,0,0,0,47,36,0,0,0,1,0,0,35,1,0,0,1,0,0,1,1,0,0,1,1
2022,Monterey County,November,1087,46,26,39,17,18,0,1163,114,0,1,0,4,1,5,105,111,35,1,10,5,19,21,45,39,27,46,112
2022,Napa County,November,502,20,16,10,10,31,0,507,669,37,16,7,15,32,0,682,46,41,60,47,0,63,25,88,17,32,57,106
2022,Nevada County,November,451,14,10,1,9,7,0,460,38,1,2,0,2,1,0,38,25,16,3,3,0,8,11,19,1,12,15,28
2022,Orange County,November,14195,686,111,89,405,144,75,14457,1810,35,7,0,15,12,0,1825,886,624,42,27,75,156,420,651,89,118,721,928
2022,Placer County,November,1421, , , , , , ,1421,1124, , , , , , ,1124, , , , , , , , , , , , 
2022,Plumas County,November,49,3,0,0,1,0,0,51,48,2,1,0,0,4,3,44,3,1,3,7,3,4,1,8,0,1,5,6
2022,Riverside County,November,6747,273,108,10,297,166,0,6675,241,22,5,0,10,11,2,245,391,463,27,23,2,177,307,486,10,113,295,418
2022,Sacramento County,November,9612,247,0,0,186,0,0,9673,3018,46,0,0,46,0,0,3018,247,186,46,46,0,0,232,232,0,0,293,293
2022,San Benito County,November,90,8,0,0,1,0,1,96,97,3,1,0,2,3,0,96,8,2,4,5,1,3,3,7,0,1,11,12
2022,San Bernardino County,November,9074,553,19,48,325,254,1,9114,18,0,0,0,2,0,0,16,620,580,0,2,1,254,327,582,48,19,553,620
2022,San Diego County,November,7034,277,68,0,151,190,2,7036,478,16,2,0,8,9,3,476,345,343,18,20,5,199,159,363,0,70,293,363
2022,San Francisco County,November,781,29,17,0,17,2,26,782,412,18,3,0,24,0,7,402,46,45,21,31,33,2,41,76,0,20,47,67
2022,San Joaquin County,November,1413,1,0,3,1,0,1,1415,1355,1,0,0,0,0,1,1355,4,2,1,1,2,0,1,3,3,0,2,5
2022,San Luis Obispo County,November,982,43,25,16,24,22,17,1003,243,17,11,0,15,23,2,231,84,63,28,40,19,45,39,103,16,36,60,112
2022,San Mateo County,November,1796,72,15,0,20,40,5,1818,1474,39,3,0,24,5,8,1479,87,65,42,37,13,45,44,102,0,18,111,129
2022,Santa Barbara County,November,1415,51,37,0,33,11,9,1450,778,31,15,0,11,4,1,808,88,53,46,16,10,15,44,69,0,52,82,134
2022,Santa Clara County,November,3296,290,84,406,205,134,430,3307,858,95,44,229,165,40,149,872,780,769,368,354,579,174,370,1123,635,128,385,1148
2022,Santa Cruz County,November,886,26,21,0,21,15,3,894,223,12,7,0,6,3,2,231,47,39,19,11,5,18,27,50,0,28,38,66
2022,Shasta County,November,1079,38,0,0,70,0,5,1042,0,0,0,0,0,0,0,0,38,75,0,0,5,0,70,75,0,0,38,38
2022,Sierra County,November,16,0,0,0,0,0,0,16,12,0,0,1,0,0,0,13,0,0,1,0,0,0,0,0,1,0,0,1
2022,Siskiyou County,November,220,10,3,0,8,0,0,225,1,0,0,0,0,0,0,1,13,8,0,0,0,0,8,8,0,3,10,13
2022,Solano County,November,1411,82,0,0,32,36,0,1425,610,29,1,0,34,12,0,594,82,68,30,46,0,48,66,114,0,1,111,112
2022,Sonoma County,November,1173,47,40,1,63,52,0,1146,0,12,23,0,23,12,0,0,88,115,35,35,0,64,86,150,1,63,59,123
2022,Stanislaus County,November,3209,172,64,49,107,67,17,3303,131,2,2,4,12,1,3,123,285,191,8,16,20,68,119,207,53,66,174,293
2022,Sutter County,November,486,15,5,2,7,8,5,488,4,0,0,0,1,0,0,3,22,20,0,1,5,8,8,21,2,5,15,22
2022,Tehama County,November,1038,4,0,0,0,0,8,1034,60,0,0,0,0,0,0,60,4,8,0,0,8,0,0,8,0,0,4,4
2022,Trinity County,November,46,3,1,2,2,1,1,48,4,0,0,0,0,0,0,4,6,4,0,0,1,1,2,4,2,1,3,6
2022,Tulare County,November,1618,78,20,7,50,17,13,1643,83,6,1,3,6,0,1,86,105,80,10,7,14,17,56,87,10,21,84,115
2022,Tuolumne County,November,342, , , , , , ,342,115, , , , , , ,115, , , , , , , , , , , , 
2022,Ventura County,November,1910,52,23,0,61,0,0,1924,3670,41,25,0,44,0,0,3692,75,61,66,44,0,0,105,105,0,48,93,141
2022,Yolo County,November,458,16,12,1,12,26,6,443,38,5,0,0,1,1,0,41,29,44,5,2,6,27,13,46,1,12,21,34
2022,Yuba County,November,429,22,0,0,15,3,5,428,24,0,0,0,0,0,1,23,22,23,0,1,6,3,15,24,0,0,22,22
2022,Alameda County,December,1032,2,129,0,6,0,2,1155,29,0,1,0,0,0,0,30,131,8,1,0,2,0,6,8,0,130,2,132
2022,Alpine County,December,8,0,0,0,0,0,0,8,50,1,0,0,0,0,0,51,0,0,1,0,0,0,0,0,0,0,1,1
2022,Amador County,December,176,4,0,2,5,4,0,173,757,13,0,2,24,2,0,746,6,9,15,26,0,6,29,35,4,0,17,21
2022,Butte County,December,696,39,51,3,10,60,4,715,212,15,12,0,6,25,5,203,93,74,27,36,9,85,16,110,3,63,54,120
2022,Calaveras County,December,147,6,7,0,4,6,4,146,40,4,0,0,2,1,1,40,13,14,4,4,5,7,6,18,0,7,10,17
2022,Colusa County,December,58,0,2,1,1,5,1,54,0,0,0,0,0,0,0,0,3,7,0,0,1,5,1,7,1,2,0,3
2022,Contra Costa County,December,2674,99,0,0,50,0,23,2700,2,0,0,0,0,0, ,2,99,73,0,0,23,0,50,73,0,0,99,99
2022,Del Norte County,December,124,3,3,0,4,6,3,117,47,0,0,0,0,0,0,47,6,13,0,0,3,6,4,13,0,3,3,6
2022,El Dorado County,December,744,19,12,0,0,10,0,765,40,1,0,0,0,0,0,41,31,10,1,0,0,10,0,10,0,12,20,32
2022,Fresno County,December,4409,46,27,0,26,49,0,4407,3486,33,16,1,21,24,1,3490,73,75,50,46,1,73,47,121,1,43,79,123
2022,Glenn County,December,152,5,0,0,5,1,0,151,134,2,0,0,5,0,0,131,5,6,2,5,0,1,10,11,0,0,7,7
2022,Humboldt County,December,907,25,0,0,6,4,8,914,2,0,0,0,0,0,0,2,25,18,0,0,8,4,6,18,0,0,25,25
2022,Imperial County,December,618,17,0,18,11,3,1,638,221,8,0,17,5,4,0,237,35,15,25,9,1,7,16,24,35,0,25,60
2022,Inyo County,December,91,3,0,0,1,1,0,92,35,2,0,0,0,2,0,35,3,2,2,2,0,3,1,4,0,0,5,5
2022,Kern County,December,6853,157,19,13,124,19,11,6888,0, , , , , , ,0,189,154, , ,11,19,124,154,13,19,157,189
2022,Kings County,December,1199,25,5,7,28,14,12,1182,1002,13,0,0,15,7,11,982,37,54,13,33,23,21,43,87,7,5,38,50
2022,Lake County,December,414,12,1,3,6,0,3,421,11,0,0,0,0,0,0,11,16,9,0,0,3,0,6,9,3,1,12,16
2022,Lassen County,December,74,2,0,0,0,1,0,75,39,0,0,0,0,0,0,39,2,1,0,0,0,1,0,1,0,0,2,2
2022,Los Angeles County,December,24643,480,117,0,343,435,16,24446,148,1,0,0,5,0,1,143,597,794,1,6,17,435,348,800,0,117,481,598
2022,Madera County,December,2854,30,12,0,12,45,6,2833,801,38,9,0,13,26,3,806,42,63,47,42,9,71,25,105,0,21,68,89
2022,Marin County,December,682,49,0,0,73,0,0,658,927,73,0,0,96,0,0,904,49,73,73,96,0,0,169,169,0,0,122,122
2022,Mariposa County,December,110,5,5,0,2,1,2,115,29,9,1,0,0,3,0,36,10,5,10,3,2,4,2,8,0,6,14,20
2022,Mendocino County,December,431,12,0,0,18,0,9,416,105,10,0,0,4,0,2,109,12,27,10,6,11,0,22,33,0,0,22,22
2022,Merced County,December,1222, , , , , , ,1222,1, , , , , , ,1, , , , , , , , , , , , 
2022,Modoc County,December,113,0,1,0,0,0,0,114,54,0,0,0,0,2,0,52,1,0,0,2,0,2,0,2,0,1,0,1
2022,Mono County,December,47,0,0,0,1,0,0,46,35,2,0,0,6,0,0,31,0,1,2,6,0,0,7,7,0,0,2,2
2022,Monterey County,December,1163,26,19,0,11,10,48,1139,105,1,1,1,2,1,0,105,45,69,3,3,48,11,13,72,1,20,27,48
2022,Napa County,December,507,16,22,4,16,33,0,500,682,24,15,2,29,27,0,667,42,49,41,56,0,60,45,105,6,37,40,83
2022,Nevada County,December,460,16,12,1,10,4,0,475,38,1,0,1,1,1,0,38,29,14,2,2,0,5,11,16,2,12,17,31
2022,Orange County,December,14416,682,141,57,430,177,65,14624,1825,36,7,0,21,5,0,1842,880,672,43,26,65,182,451,698,57,148,718,923
2022,Placer County,December,1421, , , , , , ,1421,1124, , , , , , ,1124, , , , , , , , , , , , 
2022,Plumas County,December,51,1,1,0,1,1,0,51,44,2,1,1,3,1,0,44,2,2,4,4,0,2,4,6,1,2,3,6
2022,Riverside County,December,6675,281,116,6,206,190,0,6682,245,9,3,0,12,11,2,232,403,396,12,25,2,201,218,421,6,119,290,415
2022,Sacramento County,December,9673,269,0,0,234,0,0,9708,3018,44,0,0,39,0,1,3022,269,234,44,40,1,0,273,274,0,0,313,313
2022,San Benito County,December,96,4,0,0,2,2,1,95,96,5,1,1,1,0,0,102,4,5,7,1,1,2,3,6,1,1,9,11
2022,San Bernardino County,December,9042,600,22,32,325,232,4,9135,16,0,0,0,1,1,0,14,654,561,0,2,4,233,326,563,32,22,600,654
2022,San Diego County,December,7036,163,76,0,171,151,1,6952,476,11,0,0,11,7,0,469,239,323,11,18,1,158,182,341,0,76,174,250
2022,San Francisco County,December,782,32,19,7,48,7,29,756,402,18,4,1,16,1,11,397,58,84,23,28,40,8,64,112,8,23,50,81
2022,San Joaquin County,December,1415,49,27,12,42,39,7,1415,1355,36,26,0,77,66,3,1271,88,88,62,146,10,105,119,234,12,53,85,150
2022,San Luis Obispo County,December,1003,34,16,4,17,25,4,1011,231,14,12,0,14,13,1,229,54,46,26,28,5,38,31,74,4,28,48,80
2022,San Mateo County,December,1818,53,9,0,33,25,3,1819,1479,38,2,0,19,6,13,1481,62,61,40,38,16,31,52,99,0,11,91,102
2022,Santa Barbara County,December,1406,57,45,0,28,10,6,1464,789,35,21,0,21,3,6,815,102,44,56,30,12,13,49,74,0,66,92,158
2022,Santa Clara County,December,3307,307,82,296,134,100,434,3324,872,81,20,101,53,25,123,873,685,668,202,201,557,125,187,869,397,102,388,887
2022,Santa Cruz County,December,894,31,23,0,27,10,4,907,231,5,2,0,8,2,8,220,54,41,7,18,12,12,35,59,0,25,36,61
2022,Shasta County,December,1042,20,0,0,51,0,7,1004,0,0,0,0,0,0,0,0,20,58,0,0,7,0,51,58,0,0,20,20
2022,Sierra County,December,16,0,0,0,0,0,0,16,13,1,0,0,1,0,0,13,0,0,1,1,0,0,1,1,0,0,1,1
2022,Siskiyou County,December,225,2,0,0,2,3,0,222,1,0,0,0,0,0,0,1,2,5,0,0,0,3,2,5,0,0,2,2
2022,Solano County,December,1445,63,0,0,49,15,0,1444,601,37,0,0,49,15,0,574,63,64,37,64,0,30,98,128,0,0,100,100
2022,Sonoma County,December,1146,53,36,0,45,54,0,1136,0,12,26,0,23,13,2,0,89,99,38,38,2,67,68,137,0,62,65,127
2022,Stanislaus County,December,3209,172,64,49,107,67,17,3303,126,2,2,4,12,1,3,118,285,191,8,16,20,68,119,207,53,66,174,293
2022,Sutter County,December,490,27,4,1,6,17,5,494,3,1,0,0,0,1,0,3,32,28,1,1,5,18,6,29,1,4,28,33
2022,Tehama County,December,1034,8,2,0,2,0,5,1037,60,1,0,0,0,0,0,61,10,7,1,0,5,0,2,7,0,2,9,11
2022,Trinity County,December,48,4,0,0,2,0,0,50,4,0,1,0,0,0,0,5,4,2,1,0,0,0,2,2,0,1,4,5
2022,Tulare County,December,1643,63,34,7,34,23,2,1688,86,8,2,0,0,0,0,96,104,59,10,0,2,23,34,59,7,36,71,114
2022,Tuolumne County,December,342, , , , , , ,342,115, , , , , , ,115, , , , , , , , , , , , 
2022,Ventura County,December,1910,47,134,0,58,0,0,2033,3693,40,0,0,47,3,0,3683,181,58,40,50,0,3,105,108,0,134,87,221
2022,Yolo County,December,443,24,6,3,13,24,5,434,41,3,0,1,2,1,0,42,33,42,4,3,5,25,15,45,4,6,27,37
2022,Yuba County,December,428,9,0,3,7,2,8,423,23,0,0,0,1,0,0,22,12,17,0,1,8,2,8,18,3,0,9,12
2023,Alameda County,January,2691,158,106,43,110,224,17,2647,43,0,1,4,2,1,0,45,307,351,5,3,17,225,112,354,47,107,158,312
2023,Alpine County,January,8,0,1,1,0,0,0,10,51,1,1,0,0,0,0,53,2,0,2,0,0,0,0,0,1,2,1,4
2023,Amador County,January,173,20,0,9,9,6,0,187,746,7,1,9,10,4,0,749,29,15,17,14,0,10,19,29,18,1,27,46
2023,Butte County,January,716,53,43,7,16,58,8,737,204,26,19,1,10,27,0,213,103,82,46,37,8,85,26,119,8,62,79,149
2023,Calaveras County,January,146,5,9,1,3,6,0,152,40,0,2,0,1,2,1,38,15,9,2,4,1,8,4,13,1,11,5,17
2023,Colusa County,January,54,6,1,0,2,1,1,57,0,0,0,0,0,0,0,0,7,4,0,0,1,1,2,4,0,1,6,7
2023,Contra Costa County,January,2700,86,1,3,90,3,38,2659,2,0,0,0,0,0,0,2,90,131,0,0,38,3,90,131,3,1,86,90
2023,Del Norte County,January,117,8,4,1,4,4,1,121,47,4,1,0,0,0,1,51,13,9,5,1,2,4,4,10,1,5,12,18
2023,El Dorado County,January,745,15,10,0,0,10,0,760,37,1,0,0,0,0,0,38,25,10,1,0,0,10,0,10,0,10,16,26
2023,Fresno County,January,4407,136,79,0,75,139,3,4405,3490,61,51,5,52,66,5,3484,215,217,117,123,8,205,127,340,5,130,197,332
2023,Glenn County,January,151,7,0,1,7,3,5,144,131,4,0,5,7,1,5,127,8,15,9,13,10,4,14,28,6,0,11,17
2023,Humboldt County,January,914,23,0,0,17,6,2,912,2,0,0,0,0,0,0,2,23,25,0,0,2,6,17,25,0,0,23,23
2023,Imperial County,January,638,28,0,8,46,0,8,620,237,11,0,11,14,1,1,243,36,54,22,16,9,1,60,70,19,0,39,58
2023,Inyo County,January,91,2,3,0,2,6,0,88,34,6,1,0,2,0,0,39,5,8,7,2,0,6,4,10,0,4,8,12
2023,Kern County,January,6888,194,24,16,78,13,9,7022,0,0,0,0,0,0,0,0,234,100,0,0,9,13,78,100,16,24,194,234
2023,Kings County,January,1182,35,6,21,35,3,18,1188,982,27,1,0,102,13,18,877,62,56,28,133,36,16,137,189,21,7,62,90
2023,Lake County,January,418,6,0,3,11,0,0,416,11,0,0,1,1,0,0,11,9,11,1,1,0,0,12,12,4,0,6,10
2023,Lassen County,January,81,7,0,0,2,0,3,83,32,0,0,0,4,0,0,28,7,5,0,4,3,0,6,9,0,0,7,7
2023,Los Angeles County,January,24409,596,138,0,529,563,23,24028,142,5,0,0,3,0,1,143,734,1115,5,4,24,563,532,1119,0,138,601,739
2023,Madera County,January,2833,33,13,0,12,27,3,2837,806,4,10,0,14,32,0,774,46,42,14,46,3,59,26,88,0,23,37,60
2023,Marin County,January,658,70,0,0,55,0,0,673,904,55,0,0,85,0,0,874,70,55,55,85,0,0,140,140,0,0,125,125
2023,Mariposa County,January,115,4,1,1,3,0,1,117,36,4,0,0,3,5,2,30,6,4,4,10,3,5,6,14,1,1,8,10
2023,Mendocino County,January,419,21,0,0,20,0,0,420,101,5,0,0,7,0,1,98,21,20,5,8,1,0,27,28,0,0,26,26
2023,Merced County,January,1206,79,56,6,36,73,13,1225,0,0,0,0,0,0,0,0,141,122,0,0,13,73,36,122,6,56,79,141
2023,Modoc County,January,83,2,1,0,1,1,1,83,10,0,1,0,1,0,1,9,3,3,1,2,2,1,2,5,0,2,2,4
2023,Mono County,January,46,2,0,0,1,0,0,47,31,0,0,0,1,0,1,29,2,1,0,2,1,0,2,3,0,0,2,2
2023,Monterey County,January,1139,30,12,0,30,24,15,1112,105,0,0,0,2,2,1,100,42,69,0,5,16,26,32,74,0,12,30,42
2023,Napa County,January,500,19,15,0,11,27,3,493,667,27,19,0,19,23,29,642,34,41,46,71,32,50,30,112,0,34,46,80
2023,Nevada County,January,465,8,5,4,9,13,0,460,38,2,0,1,0,0,0,41,17,22,3,0,0,13,9,22,5,5,10,20
2023,Orange County,January,14355,737,165,68,454,157,87,14627,1811,46,6,0,16,12,1,1834,970,698,52,29,88,169,470,727,68,171,783,1022
2023,Placer County,January,976,94,5,6,30,20,1,1030,857,37,19,0,23,8,1,881,105,51,56,32,2,28,53,83,6,24,131,161
2023,Plumas County,January,51,2,3,1,1,2,0,54,44,2,1,1,0,2,3,43,6,3,4,5,3,4,1,8,2,4,4,10
2023,Riverside County,January,6682,350,137,1,292,205,0,6673,232,7,5,0,11,9,1,223,488,497,12,21,1,214,303,518,1,142,357,500
2023,Sacramento County,January,9708,241,0,0,215,0,0,9734,3022,50,0,0,43,0,2,3027,241,215,50,45,2,0,258,260,0,0,291,291
2023,San Benito County,January,95,9,3,0,4,1,0,102,102,3,1,0,2,1,3,100,12,5,4,6,3,2,6,11,0,4,12,16
2023,San Bernardino County,January,9072,653,22,36,411,320,6,9046,13,1,0,2,1,1,0,14,711,737,3,2,6,321,412,739,38,22,654,714
2023,San Diego County,January,7082,333,85,0,234,232,11,7023,471,20,3,0,18,7,1,468,418,477,23,26,12,239,252,503,0,88,353,441
2023,San Francisco County,January,756,27,22,11,26,4,18,768,397,15,8,1,17,0,7,397,60,48,24,24,25,4,43,72,12,30,42,84
2023,San Joaquin County,January,1415,71,33,17,56,45,8,1427,1271,52,47,1,56,36,6,1273,121,109,100,98,14,81,112,207,18,80,123,221
2023,San Luis Obispo County,January,982,34,18,14,24,24,5,995,243,14,6,0,19,17,1,226,66,53,20,37,6,41,43,90,14,24,48,86
2023,San Mateo County,January,1819,64,11,0,35,24,7,1828,1481,53,6,0,18,15,16,1491,75,66,59,49,23,39,53,115,0,17,117,134
2023,Santa Barbara County,January,1435,59,42,0,19,6,11,1500,790,40,22,0,18,1,6,827,101,36,62,25,17,7,37,61,0,64,99,163
2023,Santa Clara County,January,3324,401,151,421,107,294,588,3308,873,128,48,128,37,89,187,864,973,989,304,313,775,383,144,1302,549,199,529,1277
2023,Santa Cruz County,January,907,35,25,0,13,22,9,923,220,5,3,0,12,5,3,208,60,44,8,20,12,27,25,64,0,28,40,68
2023,Shasta County,January,1004,19,13,0,45,13,2,976,0,0,0,0,0,0,0,0,32,60,0,0,2,13,45,60,0,13,19,32
2023,Sierra County,January,16,0,0,0,1,0,0,15,13,1,0,1,3,0,0,12,0,1,2,3,0,0,4,4,1,0,1,2
2023,Siskiyou County,January,229,3,0,0,5,9,1,217,1,0,0,0,0,0,0,1,3,15,0,0,1,9,5,15,0,0,3,3
2023,Solano County,January,1439,80,1,0,91,25,0,1404,603,42,1,0,65,13,0,568,81,116,43,78,0,38,156,194,0,2,122,124
2023,Sonoma County,January,1136,49,47,0,68,52,0,1112,373,27,9,0,10,10,4,385,96,120,36,24,4,62,78,144,0,56,76,132
2023,Stanislaus County,January,3303,190,64,10,85,122,23,3337,118,3,4,5,7,3,3,117,264,230,12,13,26,125,92,243,15,68,193,276
2023,Sutter County,January,494,25,11,1,12,17,4,498,3,1,0,0,0,0,0,4,37,33,1,0,4,17,12,33,1,11,26,38
2023,Tehama County,January,1037,9,0,0,1,0,8,1037,61,2,0,0,0,0,1,62,9,9,2,1,9,0,1,10,0,0,11,11
2023,Trinity County,January,46,0,0,1,2,1,0,44,5,0,0,0,0,0,1,4,1,3,0,1,1,1,2,4,1,0,0,1
2023,Tulare County,January,1688,72,32,8,102,32,14,1652,96,5,1,0,1,0,1,100,112,148,6,2,15,32,103,150,8,33,77,118
2023,Tuolumne County,January,335,24,3,1,5,7,7,344,124,2,0,1,2,1,0,124,28,19,3,3,7,8,7,22,2,3,26,31
2023,Ventura County,January,2021,51,31,0,79,0,0,2024,3680,65,5,0,69,0,0,3681,82,79,70,69,0,0,148,148,0,36,116,152
2023,Yolo County,January,434,32,16,22,32,23,12,437,42,0,0,5,6,1,0,40,70,67,5,7,12,24,38,74,27,16,32,75
2023,Yuba County,January,423,25,0,1,6,4,7,432,22,0,0,0,0,0,0,22,26,17,0,0,7,4,6,17,1,0,25,26
2023,Alameda County,February,2647,127,86,42,106,176,22,2598,45,2,0,4,4,0,0,47,255,304,6,4,22,176,110,308,46,86,129,261
2023,Alpine County,February,10,0,0,0,0,0,0,10,53,3,0,0,1,0,0,55,0,0,3,1,0,0,1,1,0,0,3,3
2023,Amador County,February,187,10,1,8,7,5,0,194,749,15,0,13,13,5,0,759,19,12,28,18,0,10,20,30,21,1,25,47
2023,Butte County,February,734,27,52,8,20,46,1,754,210,23,17,0,4,21,3,222,87,67,40,28,4,67,24,95,8,69,50,127
2023,Calaveras County,February,152,2,4,1,4,9,0,146,38,5,1,0,0,1,2,41,7,13,6,3,2,10,4,16,1,5,7,13
2023,Colusa County,February,57,0,1,2,1,3,0,56,0,0,0,0,0,0,0,0,3,4,0,0,0,3,1,4,2,1,0,3
2023,Contra Costa County,February,2659,66,1,2,60,0,29,2639,2,0,0,0,0,0,0,2,69,89,0,0,29,0,60,89,2,1,66,69
2023,Del Norte County,February,121,5,1,0,1,9,1,116,51,0,0,0,0,1,0,50,6,11,0,1,1,10,1,12,0,1,5,6
2023,El Dorado County,February,688,18,13,0,0,6,0,713,35,1,0,0,0,0,0,36,31,6,1,0,0,6,0,6,0,13,19,32
2023,Fresno County,February,4405,114,83,2,88,156,20,4340,3484,67,59,0,57,71,0,3482,199,264,126,128,20,227,145,392,2,142,181,325
2023,Glenn County,February,144,11,0,2,4,1,1,151,127,3,0,1,2,1,0,128,13,6,4,3,1,2,6,9,3,0,14,17
2023,Humboldt County,February,912,26,0,0,16,3,0,919,2,1,0,0,0,0,0,3,26,19,1,0,0,3,16,19,0,0,27,27
2023,Imperial County,February,620,20,0,8,25,3,4,616,243,34,0,0,14,0,0,263,28,32,34,14,4,3,39,46,8,0,54,62
2023,Inyo County,February,84,6,3,1,2,6,0,86,37,3,0,2,0,4,0,38,10,8,5,4,0,10,2,12,3,3,9,15
2023,Kern County,February,7022,142,17,12,33,5,3,7152,0,0,0,0,0,0,0,0,171,41,0,0,3,5,33,41,12,17,142,171
2023,Kings County,February,1188,14,7,4,18,4,20,1171,877,14,2,0,19,10,2,862,25,42,16,31,22,14,37,73,4,9,28,41
2023,Lake County,February,421,8,0,2,5,0,0,426,11,0,0,0,0,0,0,11,10,5,0,0,0,0,5,5,2,0,8,10
2023,Lassen County,February,83,6,0,1,3,6,0,81,28,0,0,0,1,1,0,26,7,9,0,2,0,7,4,11,1,0,6,7
2023,Los Angeles County,February,24049,542,111,0,458,434,12,23798,136,1,0,0,1,1,0,135,653,904,1,2,12,435,459,906,0,111,543,654
2023,Madera County,February,2837,31,9,0,7,20,1,2849,774,33,13,0,12,40,0,768,40,28,46,52,1,60,19,80,0,22,64,86
2023,Marin County,February,678,61,0,0,48,0,0,691,904,76,0,0,107,0,0,873,61,48,76,107,0,0,155,155,0,0,137,137
2023,Mariposa County,February,117,7,0,1,3,0,3,119,30,3,7,1,1,3,0,37,8,6,11,4,3,3,4,10,2,7,10,19
2023,Mendocino County,February,410,15,0,0,15,0,7,403,97,5,0,0,10,0,1,91,15,22,5,11,8,0,25,33,0,0,20,20
2023,Merced County,February,1214,63,54,9,21,62,12,1245,0,0,0,0,0,0,0,0,126,95,0,0,12,62,21,95,9,54,63,126
2023,Modoc County,February,83,0,1,1,1,1,1,82,9,0,0,0,0,0,0,9,2,3,0,0,1,1,1,3,1,1,0,2
2023,Mono County,February,47,1,0,0,1,0,0,47,29,1,0,0,1,0,0,29,1,1,1,1,0,0,2,2,0,0,2,2
2023,Monterey County,February,1112,19,17,0,16,16,15,1101,100,1,0,8,2,1,0,106,36,47,9,3,15,17,18,50,8,17,20,45
2023,Napa County,February,493,22,18,0,16,23,10,484,642,29,10,0,22,20,2,637,40,49,39,44,12,43,38,93,0,28,51,79
2023,Nevada County,February,460,10,8,2,9,13,0,458,41,1,0,2,0,0,0,44,20,22,3,0,0,13,9,22,4,8,11,23
2023,Orange County,February,14627,635,109,56,416,201,97,14713,1834,48,5,0,21,5,1,1860,800,714,53,27,98,206,437,741,56,114,683,853
2023,Placer County,February,1013,61,4,4,29,12,1,1040,873,40,3,2,12,10,17,879,69,42,45,39,18,22,41,81,6,7,101,114
2023,Plumas County,February,54,1,2,0,3,3,0,51,43,0,1,0,1,1,0,42,3,6,1,2,0,4,4,8,0,3,1,4
2023,Riverside County,February,6673,289,125,21,182,182,0,6744,223,13,4,0,6,8,8,218,435,364,17,22,8,190,188,386,21,129,302,452
2023,Sacramento County,February,9734,281,0,0,237,0,0,9778,3027,48,0,0,36,0,2,3037,281,237,48,38,2,0,273,275,0,0,329,329
2023,San Benito County,February,102,1,0,1,3,2,3,96,100,11,0,1,1,2,1,108,2,8,12,4,4,4,4,12,2,0,12,14
2023,San Bernardino County,February,8996,565,23,39,328,206,6,9083,14,1,0,0,1,0,0,14,627,540,1,1,6,206,329,541,39,23,566,628
2023,San Diego County,February,7023,289,74,0,176,197,14,6999,468,15,3,0,14,6,2,464,363,387,18,22,16,203,190,409,0,77,304,381
2023,San Francisco County,February,768,31,19,4,38,5,24,755,397,18,7,1,21,1,8,393,54,67,26,30,32,6,59,97,5,26,49,80
2023,San Joaquin County,February,1427,44,15,16,58,22,4,1418,1273,48,34,3,40,38,1,1279,75,84,85,79,5,60,98,163,19,49,92,160
2023,San Luis Obispo County,February,995,35,25,6,25,20,8,1008,226,11,11,0,17,6,1,224,66,53,22,24,9,26,42,77,6,36,46,88
2023,San Mateo County,February,1828,68,18,0,41,30,3,1840,1491,46,8,0,16,6,18,1505,86,74,54,40,21,36,57,114,0,26,114,140
2023,Santa Barbara County,February,1446,53,41,0,24,3,9,1504,785,38,18,0,52,0,2,787,94,36,56,54,11,3,76,90,0,59,91,150
2023,Santa Clara County,February,3308,358,118,444,100,167,577,3384,864,80,16,99,25,19,136,879,920,844,195,180,713,186,125,1024,543,134,438,1115
2023,Santa Cruz County,February,923,42,24,0,21,16,1,951,208,8,0,0,10,4,3,199,66,38,8,17,4,20,31,55,0,24,50,74
2023,Shasta County,February,976,34,20,4,54,20,3,957,0,0,0,0,0,0,0,0,58,77,0,0,3,20,54,77,4,20,34,58
2023,Sierra County,February,15,1,0,0,0,0,0,16,11,1,0,1,2,0,0,11,1,0,2,2,0,0,2,2,1,0,2,3
2023,Siskiyou County,February,217,9,0,0,4,0,0,222,1,0,0,0,0,0,0,1,9,4,0,0,0,0,4,4,0,0,9,9
2023,Solano County,February,1430,66,0,0,49,23,0,1424,595,40,0,0,41,6,0,588,66,72,40,47,0,29,90,119,0,0,106,106
2023,Sonoma County,February,1112,46,56,0,41,52,2,1119,385,17,19,1,18,12,6,386,102,95,37,36,8,64,59,131,1,75,63,139
2023,Stanislaus County,February,3337,139,56,15,104,116,9,3318,117,2,8,0,4,1,2,120,210,229,10,7,11,117,108,236,15,64,141,220
2023,Sutter County,February,498,25,5,1,12,14,3,500,4,0,2,0,0,1,0,5,31,29,2,1,3,15,12,30,1,7,25,33
2023,Tehama County,February,1037,8,0,0,0,0,5,1040,62,0,0,0,0,0,0,62,8,5,0,0,5,0,0,5,0,0,8,8
2023,Trinity County,February,44,0,0,0,0,0,0,44,4,0,0,0,0,2,0,2,0,0,0,2,0,2,0,2,0,0,0,0
2023,Tulare County,February,1652,50,29,3,104,48,7,1575,100,5,1,0,15,3,2,86,82,159,6,20,9,51,119,179,3,30,55,88
2023,Tuolumne County,February,344,16,10,1,3,18,12,338,124,2,1,0,1,0,0,126,27,33,3,1,12,18,4,34,1,11,18,30
2023,Ventura County,February,2016,43,39,0,71,0,0,2027,3679,43,8,0,58,0,0,3672,82,71,51,58,0,0,129,129,0,47,86,133
2023,Yolo County,February,437,18,16,4,24,21,0,430,40,0,0,0,0,0,0,40,38,45,0,0,0,21,24,45,4,16,18,38
2023,Yuba County,February,432,22,0,2,7,4,4,441,22,0,0,2,1,1,0,22,24,15,2,2,4,5,8,17,4,0,22,26
2023,Alameda County,March,2598,157,122,41,115,247,21,2535,47,0,2,5,2,2,0,50,320,383,7,4,21,249,117,387,46,124,157,327
2023,Alpine County,March,10,0,0,0,0,0,0,10,55,3,0,0,1,0,0,57,0,0,3,1,0,0,1,1,0,0,3,3
2023,Amador County,March,194,19,1,0,8,5,6,195,759,24,2,1,23,3,0,760,20,19,27,26,6,8,31,45,1,3,43,47
2023,Butte County,March,752,52,52,1,14,62,7,774,222,37,17,0,13,22,4,237,105,83,54,39,11,84,27,122,1,69,89,159
2023,Calaveras County,March,146,10,3,1,6,7,4,143,41,2,2,0,0,1,0,44,14,17,4,1,4,8,6,18,1,5,12,18
2023,Colusa County,March,56,1,0,0,1,0,1,55,0,0,0,0,0,0,0,0,1,2,0,0,1,0,1,2,0,0,1,1
2023,Contra Costa County,March,2639,130,2,26,72,0,19,2706,2,0,0,0,0,0,0,2,158,91,0,0,19,0,72,91,26,2,130,158
2023,Del Norte County,March,116,9,4,0,1,4,1,123,50,1,0,0,1,2,0,48,13,6,1,3,1,6,2,9,0,4,10,14
2023,El Dorado County,March,690,21,16,0,0,14,0,713,33,2,0,0,0,0,0,35,37,14,2,0,0,14,0,14,0,16,23,39
2023,Fresno County,March,4340,178,101,3,92,182,6,4342,3482,92,82,5,64,113,6,3478,282,280,179,183,12,295,156,463,8,183,270,461
2023,Glenn County,March,151,10,0,1,9,2,2,149,128,4,0,1,6,1,2,124,11,13,5,9,4,3,15,22,2,0,14,16
2023,Humboldt County,March,920,40,0,0,12,5,3,940,3,0,0,0,0,0,0,3,40,20,0,0,3,5,12,20,0,0,40,40
2023,Imperial County,March,616,15,0,13,25,0,6,613,263,8,0,16,13,0,0,274,28,31,24,13,6,0,38,44,29,0,23,52
2023,Inyo County,March,83,6,3,0,2,7,0,83,31,3,0,0,1,2,0,31,9,9,3,3,0,9,3,12,0,3,9,12
2023,Kern County,March,7152,218,27,18,243,36,21,7115,0,0,0,0,0,0,0,0,263,300,0,0,21,36,243,300,18,27,218,263
2023,Kings County,March,1171,28,6,9,6,3,12,1193,862,16,7,1,12,9,3,862,43,21,24,24,15,12,18,45,10,13,44,67
2023,Lake County,March,413,18,5,4,6,0,2,432,11,1,0,1,0,0,0,13,27,8,2,0,2,0,6,8,5,5,19,29
2023,Lassen County,March,81,5,1,1,5,0,2,81,26,1,0,0,2,0,0,25,7,7,1,2,2,0,7,9,1,1,6,8
2023,Los Angeles County,March,23923,758,164,0,500,535,18,23792,136,4,0,0,2,0,0,138,922,1053,4,2,18,535,502,1055,0,164,762,926
2023,Madera County,March,2849,34,18,0,2,46,2,2851,768,34,19,0,9,57,3,752,52,50,53,69,5,103,11,119,0,37,68,105
2023,Marin County,March,691,30,0,0,22,0,0,699,873,25,0,0,21,0,0,877,30,22,25,21,0,0,43,43,0,0,55,55
2023,Mariposa County,March,119,0,0,1,6,1,1,112,37,4,1,1,7,6,0,30,1,8,6,13,1,7,13,21,2,1,4,7
2023,Mendocino County,March,403,19,0,0,12,0,1,409,91,3,0,0,4,0,1,89,19,13,3,5,2,0,16,18,0,0,22,22
2023,Merced County,March,1231,60,47,0,35,84,7,1212,0,0,0,0,0,0,0,0,107,126,0,0,7,84,35,126,0,47,60,107
2023,Modoc County,March,82,1,1,1,5,1,1,78,9,1,1,0,2,0,0,9,3,7,2,2,1,1,7,9,1,2,2,5
2023,Mono County,March,47,1,0,0,0,0,0,48,29,0,0,0,1,0,0,28,1,0,0,1,0,0,1,1,0,0,1,1
2023,Monterey County,March,1101,19,18,0,26,20,2,1090,106,1,1,0,0,1,2,105,37,48,2,3,4,21,26,51,0,19,20,39
2023,Napa County,March,484,22,21,0,13,23,6,485,637,43,14,0,23,23,7,641,43,42,57,53,13,46,36,95,0,35,65,100
2023,Nevada County,March,458,10,6,6,20,10,0,450,44,1,0,0,0,0,0,45,22,30,1,0,0,10,20,30,6,6,11,23
2023,Orange County,March,14713,725,286,73,468,269,67,14993,1860,34,7,0,26,16,1,1858,1084,804,41,43,68,285,494,847,73,293,759,1125
2023,Placer County,March,1018,104,6,7,34,9,21,1071,876,38,4,0,17,16,13,872,117,64,42,46,34,25,51,110,7,10,142,159
2023,Plumas County,March,51,1,0,0,2,0,0,50,42,2,0,0,1,0,0,43,1,2,2,1,0,0,3,3,0,0,3,3
2023,Riverside County,March,6744,400,161,10,219,230,0,6866,218,12,3,0,13,4,7,209,571,449,15,24,7,234,232,473,10,164,412,586
2023,Sacramento County,March,9778,289,0,0,350,0,0,9717,3037,48,0,2,52,0,0,3035,289,350,50,52,0,0,402,402,2,0,337,339
2023,San Benito County,March,96,7,1,2,1,2,2,101,108,4,1,0,2,1,1,109,10,5,5,4,3,3,3,9,2,2,11,15
2023,San Bernardino County,March,8982,620,37,51,420,247,7,9016,14,1,0,1,1,0,0,15,708,674,2,1,7,247,421,675,52,37,621,710
2023,San Diego County,March,6999,331,93,0,195,194,9,7025,464,26,2,0,10,4,4,474,424,398,28,18,13,198,205,416,0,95,357,452
2023,San Francisco County,March,755,25,30,8,37,4,29,748,393,29,7,4,26,0,12,395,63,70,40,38,41,4,63,108,12,37,54,103
2023,San Joaquin County,March,1418,55,17,25,57,21,13,1424,1279,61,34,2,66,37,7,1266,97,91,97,110,20,58,123,201,27,51,116,194
2023,San Luis Obispo County,March,1008,49,31,14,27,27,7,1041,224,18,14,0,12,10,2,232,94,61,32,24,9,37,39,85,14,45,67,126
2023,San Mateo County,March,1840,30,17,0,45,46,5,1791,1505,13,13,0,34,10,19,1468,47,96,26,63,24,56,79,159,0,30,43,73
2023,Santa Barbara County,March,1447,70,48,0,29,10,6,1520,778,60,18,0,42,1,2,811,118,45,78,45,8,11,71,90,0,66,130,196
2023,Santa Clara County,March,3384,360,119,438,219,202,617,3263,879,90,27,94,46,24,157,863,917,1038,211,227,774,226,265,1265,532,146,450,1128
2023,Santa Cruz County,March,951,29,23,0,22,8,5,968,199,11,3,0,7,2,8,196,52,35,14,17,13,10,29,52,0,26,40,66
2023,Shasta County,March,957,41,22,4,56,22,5,941,0,0,0,0,0,0,0,0,67,83,0,0,5,22,56,83,4,22,41,67
2023,Sierra County,March,16,0,0,0,0,0,0,16,10,1,0,1,0,0,1,11,0,0,2,1,1,0,0,1,1,0,1,2
2023,Siskiyou County,March,222,4,0,0,10,1,0,215,1,0,0,0,0,0,0,1,4,11,0,0,0,1,10,11,0,0,4,4
2023,Solano County,March,1436,63,0,0,78,30,0,1391,598,40,1,0,74,19,0,546,63,108,41,93,0,49,152,201,0,1,103,104
2023,Sonoma County,March,1119,71,59,0,58,54,2,1135,386,21,26,1,25,12,3,394,130,114,48,40,5,66,83,154,1,85,92,178
2023,Stanislaus County,March,3318,136,85,11,94,100,23,3333,120,5,2,4,4,1,1,125,232,217,11,6,24,101,98,223,15,87,141,243
2023,Sutter County,March,500,27,4,2,20,24,10,479,5,0,1,0,0,1,0,5,33,54,1,1,10,25,20,55,2,5,27,34
2023,Tehama County,March,1040,11,5,0,0,0,6,1050,62,0,0,0,0,0,1,61,16,6,0,1,7,0,0,7,0,5,11,16
2023,Trinity County,March,44,1,1,0,0,1,0,45,2,0,0,0,0,0,0,2,2,1,0,0,0,1,0,1,0,1,1,2
2023,Tulare County,March,1575,78,37,3,57,41,4,1591,86,2,5,2,3,2,0,90,118,102,9,5,4,43,60,107,5,42,80,127
2023,Tuolumne County,March,338,14,9,1,6,12,9,335,126,9,0,0,2,1,3,129,24,27,9,6,12,13,8,33,1,9,23,33
2023,Ventura County,March,1961,62,22,0,64,0,0,1981,3656,59,0,0,62,14,0,3639,84,64,59,76,0,14,126,140,0,22,121,143
2023,Yolo County,March,430,13,29,35,15,43,8,441,40,1,0,0,1,0,3,37,77,66,1,4,11,43,16,70,35,29,14,78
2023,Yuba County,March,441,18,0,2,9,6,7,439,22,0,0,0,2,0,0,20,20,22,0,2,7,6,11,24,2,0,18,20
2023,Alameda County,April,2618,145,110,49,104,189,14,2615,50,0,1,8,0,6,0,53,304,307,9,6,14,195,104,313,57,111,145,313
2023,Alpine County,April,10,0,0,0,0,0,0,10,57,2,0,0,0,0,0,59,0,0,2,0,0,0,0,0,0,0,2,2
2023,Amador County,April,195,11,2,2,4,2,0,204,760,15,1,6,12,3,0,767,15,6,22,15,0,5,16,21,8,3,26,37
2023,Butte County,April,774,38,54,14,27,47,5,801,238,23,9,0,4,20,2,244,106,79,32,26,7,67,31,105,14,63,61,138
2023,Calaveras County,April,143,5,6,0,9,9,0,136,44,3,0,1,1,3,0,44,11,18,4,4,0,12,10,22,1,6,8,15
2023,Colusa County,April,55,6,2,0,1,7,2,53,0,0,0,0,0,0,0,0,8,10,0,0,2,7,1,10,0,2,6,8
2023,Contra Costa County,April,2706,79,2,4,102,4,38,2647,2,0,0,0,0,0,0,2,85,144,0,0,38,4,102,144,4,2,79,85
2023,Del Norte County,April,123,9,2,1,5,2,2,126,48,2,0,0,0,0,1,49,12,9,2,1,3,2,5,10,1,2,11,14
2023,El Dorado County,April,690,17,10,0,0,12,0,705,36,1,1,0,0,0,0,38,27,12,2,0,0,12,0,12,0,11,18,29
2023,Fresno County,April,4342,157,82,0,74,123,0,4384,3478,92,56,1,115,80,1,3431,239,197,149,196,1,203,189,393,1,138,249,388
2023,Glenn County,April,149,5,0,0,6,0,1,147,124,6,0,0,4,0,0,126,5,7,6,4,1,0,10,11,0,0,11,11
2023,Humboldt County,April,940,33,0,0,13,3,2,955,3,3,0,0,2,1,1,2,33,18,3,4,3,4,15,22,0,0,36,36
2023,Imperial County,April,613,36,0,8,15,5,2,635,274,32,0,0,6,2,2,296,44,22,32,10,4,7,21,32,8,0,68,76
2023,Inyo County,April,83,3,5,1,1,10,1,80,30,0,3,0,0,1,0,32,9,12,3,1,1,11,1,13,1,8,3,12
2023,Kern County,April,7115,195,24,16,146,46,15,7143,0,0,0,0,0,0,0,0,235,207,0,0,15,46,146,207,16,24,195,235
2023,Kings County,April,1193,39,7,7,23,2,10,1211,862,21,2,0,13,9,0,863,53,35,23,22,10,11,36,57,7,9,60,76
2023,Lake County,April,427,9,7,1,12,0,4,428,13,0,0,0,0,0,1,12,17,16,0,1,5,0,12,17,1,7,9,17
2023,Lassen County,April,81,2,2,1,8,2,3,64,25,2,0,0,1,2,0,24,5,13,2,3,3,4,9,16,1,2,4,7
2023,Los Angeles County,April,23756,584,143,0,397,449,12,23625,134,1,1,0,3,0,1,132,727,858,2,4,13,449,400,862,0,144,585,729
2023,Madera County,April,2851,24,11,0,9,24,1,2852,752,37,14,0,8,37,0,758,35,34,51,45,1,61,17,79,0,25,61,86
2023,Marin County,April,699,21,0,0,25,0,0,695,877,23,0,0,23,0,0,877,21,25,23,23,0,0,48,48,0,0,44,44
2023,Mariposa County,April,112,6,0,0,0,0,2,116,30,3,6,0,4,2,0,33,6,2,9,6,2,2,4,8,0,6,9,15
2023,Mendocino County,April,411,12,0,0,15,0,3,405,88,1,0,0,4,0,0,85,12,18,1,4,3,0,19,22,0,0,13,13
2023,Merced County,April,1207,75,60,8,23,69,5,1253,0,0,0,0,0,0,0,0,143,97,0,0,5,69,23,97,8,60,75,143
2023,Modoc County,April,78,1,1,0,3,1,0,76,9,2,0,0,0,0,0,11,2,4,2,0,0,1,3,4,0,1,3,4
2023,Mono County,April,48,1,0,0,2,0,0,47,28,2,0,0,0,0,0,30,1,2,2,0,0,0,2,2,0,0,3,3
2023,Monterey County,April,1090,20,14,10,23,13,0,1098,105,1,0,7,2,0,0,111,44,36,8,2,0,13,25,38,17,14,21,52
2023,Napa County,April,485,16,15,3,12,28,0,479,641,30,10,15,29,33,0,634,34,40,55,62,0,61,41,102,18,25,46,89
2023,Nevada County,April,450,8,8,3,12,8,0,449,45,0,0,0,3,0,0,42,19,20,0,3,0,8,15,23,3,8,8,19
2023,Orange County,April,14993,688,165,88,423,157,84,15270,1858,43,6,0,12,17,3,1875,941,664,49,32,87,174,435,696,88,171,731,990
2023,Placer County,April,1029,46,4,2,27,5,26,1023,870,55,8,1,27,3,21,883,52,58,64,51,47,8,54,109,3,12,101,116
2023,Plumas County,April,50,1,2,0,3,3,0,47,43,1,2,0,2,2,1,41,3,6,3,5,1,5,5,11,0,4,2,6
2023,Riverside County,April,6866,305,126,10,152,164,0,6991,209,13,0,0,7,5,3,207,441,316,13,15,3,169,159,331,10,126,318,454
2023,Sacramento County,April,9717,220,0,0,229,0,0,9708,3035,32,0,1,39,0,0,3029,220,229,33,39,0,0,268,268,1,0,252,253
2023,San Benito County,April,101,1,0,0,0,3,5,94,109,2,2,0,1,2,3,107,1,8,4,6,8,5,1,14,0,2,3,5
2023,San Bernardino County,April,8902,513,16,20,414,263,10,8764,14,0,0,0,1,0,0,13,549,687,0,1,10,263,415,688,20,16,513,549
2023,San Diego County,April,7025,248,71,0,156,179,6,7003,474,27,0,0,9,6,1,485,319,341,27,16,7,185,165,357,0,71,275,346
2023,San Francisco County,April,748,25,22,12,39,4,20,744,395,10,2,3,15,0,8,387,59,63,15,23,28,4,54,86,15,24,35,74
2023,San Joaquin County,April,1424,60,30,13,73,26,10,1418,1266,41,40,2,50,28,3,1268,103,109,83,81,13,54,123,190,15,70,101,186
2023,San Luis Obispo County,April,1041,44,26,11,30,11,6,1075,232,14,6,0,6,13,2,231,81,47,20,21,8,24,36,68,11,32,58,101
2023,San Mateo County,April,1791,15,25,0,28,19,18,1766,1468,5,1,0,19,14,12,1429,40,65,6,45,30,33,47,110,0,26,20,46
2023,Santa Barbara County,April,1467,19,55,0,33,8,31,1469,786,48,29,0,29,1,31,802,74,72,77,61,62,9,62,133,0,84,67,151
2023,Santa Clara County,April,3263,264,82,327,109,93,414,3320,863,69,13,62,29,23,86,869,673,616,144,138,500,116,138,754,389,95,333,817
2023,Santa Cruz County,April,968,23,28,0,29,12,15,963,196,8,5,0,6,2,3,198,51,56,13,11,18,14,35,67,0,33,31,64
2023,Shasta County,April,941,35,18,3,57,14,4,922,0,0,0,0,0,0,0,0,56,75,0,0,4,14,57,75,3,18,35,56
2023,Sierra County,April,16,0,0,0,2,1,0,13,10,0,0,0,1,0,1,8,0,3,0,2,1,1,3,5,0,0,0,0
2023,Siskiyou County,April,215,11,1,0,11,0,1,215,1,0,1,0,0,0,0,2,12,12,1,0,1,0,11,12,0,2,11,13
2023,Solano County,April,1416,67,0,0,55,30,0,1398,583,45,0,0,54,12,0,562,67,85,45,66,0,42,109,151,0,0,112,112
2023,Sonoma County,April,1135,43,57,0,50,51,1,1133,386,8,11,0,10,15,6,374,100,102,19,31,7,66,60,133,0,68,51,119
2023,Stanislaus County,April,3333,131,81,30,117,77,19,3362,125,5,4,0,2,2,1,129,242,213,9,5,20,79,119,218,30,85,136,251
2023,Sutter County,April,479,22,14,0,7,14,9,485,5,0,0,0,0,2,0,3,36,30,0,2,9,16,7,32,0,14,22,36
2023,Tehama County,April,1050,12,2,0,0,0,7,1057,61,0,0,0,0,0,0,61,14,7,0,0,7,0,0,7,0,2,12,14
2023,Trinity County,April,45,0,0,1,1,3,0,42,2,0,0,0,0,0,0,2,1,4,0,0,0,3,1,4,1,0,0,1
2023,Tulare County,April,1591,71,28,6,52,29,6,1609,90,11,8,0,7,8,1,93,105,87,19,16,7,37,59,103,6,36,82,124
2023,Tuolumne County,April,335,7,11,0,8,8,0,337,129,3,0,0,4,3,0,125,18,16,3,7,0,11,12,23,0,11,10,21
2023,Ventura County,April,1970,66,26,0,69,0,0,1993,3625,66,1,0,46,17,0,3629,92,69,67,63,0,17,115,132,0,27,132,159
2023,Yolo County,April,441,26,14,8,17,24,8,440,37,2,0,2,0,0,0,41,48,49,4,0,8,24,17,49,10,14,28,52
2023,Yuba County,April,439,22,0,3,4,10,3,447,20,0,0,1,0,0,0,21,25,17,1,0,3,10,4,17,4,0,22,26
2023,Alameda County,May,2615,139,138,73,110,183,22,2650,53,0,1,2,1,5,0,50,350,315,3,6,22,188,111,321,75,139,139,353
2023,Alpine County,May,10,0,0,0,1,0,0,9,59,3,1,0,5,1,0,57,0,1,4,6,0,1,6,7,0,1,3,4
2023,Amador County,May,204,11,0,0,7,5,1,202,767,20,1,6,11,2,0,781,11,13,27,13,1,7,18,26,6,1,31,38
2023,Butte County,May,802,40,45,5,19,58,2,813,246,16,21,1,12,32,2,238,90,79,38,46,4,90,31,125,6,66,56,128
2023,Calaveras County,May,136,6,5,2,1,13,0,135,44,2,0,0,0,0,0,46,13,14,2,0,0,13,1,14,2,5,8,15
2023,Colusa County,May,53,1,2,0,0,2,1,53,0,0,0,0,0,0,0,0,3,3,0,0,1,2,0,3,0,2,1,3
2023,Contra Costa County,May,2647,112,1,7,64,7,23,2673,2,0,0,0,0,0,0,2,120,94,0,0,23,7,64,94,7,1,112,120
2023,Del Norte County,May,126,8,1,2,8,10,1,118,49,2,0,0,2,0,1,48,11,19,2,3,2,10,10,22,2,1,10,13
2023,El Dorado County,May,451,16,18,0,0,13,0,472,9,0,1,0,0,1,0,9,34,13,1,1,0,14,0,14,0,19,16,35
2023,Fresno County,May,4384,174,91,0,43,144,0,4462,3431,94,64,1,49,89,1,3451,265,187,159,139,1,233,92,326,1,155,268,424
2023,Glenn County,May,147,6,0,2,4,2,0,149,126,4,0,2,1,2,1,128,8,6,6,4,1,4,5,10,4,0,10,14
2023,Humboldt County,May,955,35,0,0,17,6,3,964,2,1,0,0,0,0,0,3,35,26,1,0,3,6,17,26,0,0,36,36
2023,Imperial County,May,635,22,0,16,32,5,10,626,296,9,0,21,18,2,1,305,38,47,30,21,11,7,50,68,37,0,31,68
2023,Inyo County,May,79,2,4,0,2,3,0,80,30,3,1,0,0,0,0,34,6,5,4,0,0,3,2,5,0,5,5,10
2023,Kern County,May,7143,178,22,15,134,20,12,7192,0,0,0,0,0,0,0,0,215,166,0,0,12,20,134,166,15,22,178,215
2023,Kings County,May,1211,36,11,10,26,11,47,1184,863,19,5,18,19,22,24,840,57,84,42,65,71,33,45,149,28,16,55,99
2023,Lake County,May,420,9,4,5,15,0,3,420,12,0,0,0,0,0,0,12,18,18,0,0,3,0,15,18,5,4,9,18
2023,Lassen County,May,73,6,1,2,8,0,5,69,24,1,0,0,0,0,0,25,9,13,1,0,5,0,8,13,2,1,7,10
2023,Los Angeles County,May,23700,682,179,0,428,535,17,23581,130,1,0,0,0,2,0,129,861,980,1,2,17,537,428,982,0,179,683,862
2023,Madera County,May,2852,25,10,0,9,48,3,2827,758,49,15,0,13,30,1,778,35,60,64,44,4,78,22,104,0,25,74,99
2023,Marin County,May,695,28,0,0,20,0,0,703,877,37,0,0,58,0,0,856,28,20,37,58,0,0,78,78,0,0,65,65
2023,Mariposa County,May,116,3,0,0,2,0,3,114,33,1,0,0,4,3,1,26,3,5,1,8,4,3,6,13,0,0,4,4
2023,Mendocino County,May,408,13,0,0,10,0,5,406,85,3,0,0,5,0,2,81,13,15,3,7,7,0,15,22,0,0,16,16
2023,Merced County,May,1242,58,74,3,29,69,29,1250,0,0,0,0,0,0,0,0,135,127,0,0,29,69,29,127,3,74,58,135
2023,Modoc County,May,76,1,1,0,3,1,0,74,11,2,0,0,0,0,0,13,2,4,2,0,0,1,3,4,0,1,3,4
2023,Mono County,May,47,0,0,0,5,0,0,42,30,0,0,0,4,2,0,24,0,5,0,6,0,2,9,11,0,0,0,0
2023,Monterey County,May,1098,38,10,7,16,16,0,1121,111,0,0,6,1,1,0,115,55,32,6,2,0,17,17,34,13,10,38,61
2023,Napa County,May,479,20,13,0,12,21,8,471,634,29,11,0,9,19,21,625,33,41,40,49,29,40,21,90,0,24,49,73
2023,Nevada County,May,449,9,12,1,13,8,0,450,42,1,0,0,0,0,0,43,22,21,1,0,0,8,13,21,1,12,10,23
2023,Orange County,May,15270,795,301,92,513,276,93,15576,1875,68,10,0,22,14,0,1917,1188,882,78,36,93,290,535,918,92,311,863,1266
2023,Placer County,May,1020,48,4,8,22,4,9,1045,881,40,5,0,17,4,8,897,60,35,45,29,17,8,39,64,8,9,88,105
2023,Plumas County,May,47,2,0,0,1,0,2,46,41,0,0,0,1,0,0,40,2,3,0,1,2,0,2,4,0,0,2,2
2023,Riverside County,May,6991,393,112,16,209,203,0,7100,207,9,4,0,4,9,7,200,521,412,13,20,7,212,213,432,16,116,402,534
2023,Sacramento County,May,9708,263,0,0,226,0,0,9745,3029,32,0,2,53,0,0,3010,263,226,34,53,0,0,279,279,2,0,295,297
2023,San Benito County,May,94,6,1,2,0,1,1,101,107,8,0,1,3,1,1,111,9,2,9,5,2,2,3,7,3,1,14,18
2023,San Bernardino County,May,8737,581,17,35,361,281,7,8721,13,0,0,0,1,2,0,10,633,649,0,3,7,283,362,652,35,17,581,633
2023,San Diego County,May,7064,355,77,0,190,230,10,7066,490,28,2,0,12,8,0,500,432,430,30,20,10,238,202,450,0,79,383,462
2023,San Francisco County,May,744,35,32,16,37,7,28,755,387,14,8,5,19,1,10,384,83,72,27,30,38,8,56,102,21,40,49,110
2023,San Joaquin County,May,1418,37,24,21,48,42,14,1396,1268,41,26,3,41,39,7,1251,82,104,70,87,21,81,89,191,24,50,78,152
2023,San Luis Obispo County,May,1075,40,22,16,14,32,8,1099,231,16,14,0,12,4,1,244,78,54,30,17,9,36,26,71,16,36,56,108
2023,San Mateo County,May,1766,13,26,0,36,42,6,1721,1429,5,9,0,29,10,17,1387,39,84,14,56,23,52,65,140,0,35,18,53
2023,Santa Barbara County,May,1469,6,60,0,26,12,0,1497,802,67,18,0,24,0,57,806,66,38,85,81,57,12,50,119,0,78,73,151
2023,Santa Clara County,May,3320,404,104,409,119,143,607,3368,869,131,13,100,41,26,173,873,917,869,244,240,780,169,160,1109,509,117,535,1161
2023,Santa Cruz County,May,963,50,18,9,19,20,0,1001,198,11,2,2,7,2,0,204,77,39,15,9,0,22,26,48,11,20,61,92
2023,Shasta County,May,922,69,17,4,70,17,1,924,0,0,0,0,0,0,0,0,90,88,0,0,1,17,70,88,4,17,69,90
2023,Sierra County,May,13,0,0,0,0,0,0,13,8,1,0,1,0,0,0,10,0,0,2,0,0,0,0,0,1,0,1,2
2023,Siskiyou County,May,215,5,0,0,12,2,0,206,2,0,0,0,0,0,0,2,5,14,0,0,0,2,12,14,0,0,5,5
2023,Solano County,May,1418,78,0,0,64,19,0,1413,586,47,0,0,43,9,0,581,78,83,47,52,0,28,107,135,0,0,125,125
2023,Sonoma County,May,1133,53,53,0,54,63,1,1121,374,16,12,0,15,12,9,366,106,118,28,36,10,75,69,154,0,65,69,134
2023,Stanislaus County,May,3362,163,72,34,109,110,19,3393,129,4,4,0,4,2,5,126,269,238,8,11,24,112,113,249,34,76,167,277
2023,Sutter County,May,485,25,11,0,21,14,0,486,3,0,0,0,0,0,0,3,36,35,0,0,0,14,21,35,0,11,25,36
2023,Tehama County,May,1057,10,1,0,0,0,8,1060,61,0,0,0,0,0,0,61,11,8,0,0,8,0,0,8,0,1,10,11
2023,Trinity County,May,42,1,1,0,4,3,0,37,2,0,0,0,0,0,0,4,2,7,0,0,0,3,4,7,0,1,1,2
2023,Tulare County,May,1609,63,36,2,85,37,11,1577,93,8,3,1,6,5,1,93,101,133,12,12,12,42,91,145,3,39,71,113
2023,Tuolumne County,May,337,7,14,0,10,14,0,334,125,5,1,0,3,1,0,127,21,24,6,4,0,15,13,28,0,15,12,27
2023,Ventura County,May,1976,56,17,0,80,0,0,1969,3609,44,9,0,52,0,0,3610,73,80,53,52,0,0,132,132,0,26,100,126
2023,Yolo County,May,440,27,28,10,10,41,5,449,41,0,0,0,0,0,0,41,65,56,0,0,5,41,10,56,10,28,27,65
2023,Yuba County,May,447,22,0,0,12,9,10,438,21,0,0,0,1,1,1,18,22,31,0,3,11,10,13,34,0,0,22,22
2023,Alameda County,June,2650,134,130,72,119,178,24,2665,50,1,1,5,0,2,1,54,336,321,7,3,25,180,119,324,77,131,135,343
2023,Alpine County,June,9,0,0,0,0,0,0,9,57,0,0,0,3,0,0,54,0,0,0,3,0,0,3,3,0,0,0,0
2023,Amador County,June,202,16,6,4,12,6,0,210,781,25,1,4,16,2,0,793,26,18,30,18,0,8,28,36,8,7,41,56
2023,Butte County,June,814,48,35,4,31,62,5,803,245,15,15,0,9,32,1,233,87,98,30,42,6,94,40,140,4,50,63,117
2023,Calaveras County,June,135,5,7,2,1,4,3,141,46,3,0,0,1,0,0,48,14,8,3,1,3,4,2,9,2,7,8,17
2023,Colusa County,June,53,3,3,0,2,2,1,54,0,0,0,0,0,0,0,0,6,5,0,0,1,2,2,5,0,3,3,6
2023,Contra Costa County,June,2673,77,4,3,79,3,33,2642,2,0,0,0,0,0,0,2,84,115,0,0,33,3,79,115,3,4,77,84
2023,Del Norte County,June,118,7,2,0,1,3,0,123,48,2,0,0,1,0,0,49,9,4,2,1,0,3,2,5,0,2,9,11
2023,El Dorado County,June,410,8,15,0,0,15,0,418,10,1,0,0,0,0,0,11,23,15,1,0,0,15,0,15,0,15,9,24
2023,Fresno County,June,4462,157,86,1,114,149,1,4442,3451,68,47,2,51,114,2,3401,244,264,117,167,3,263,165,431,3,133,225,361
2023,Glenn County,June,149,7,0,3,3,2,1,153,128,6,0,0,4,0,1,129,10,6,6,5,2,2,7,11,3,0,13,16
2023,Humboldt County,June,964,22,0,0,2,1,3,980,3,4,0,0,0,0,0,7,22,6,4,0,3,1,2,6,0,0,26,26
2023,Imperial County,June,626,13,0,13,31,4,6,611,305,6,0,21,13,1,2,316,26,41,27,16,8,5,44,57,34,0,19,53
2023,Inyo County,June,77,2,7,2,5,0,0,83,33,5,1,0,3,0,0,36,11,5,6,3,0,0,8,8,2,8,7,17
2023,Kern County,June,7192,226,27,18,247,37,21,7158,0,0,0,0,0,0,0,0,271,305,0,0,21,37,247,305,18,27,226,271
2023,Kings County,June,1184,14,10,12,18,5,17,1180,840,7,3,31,11,3,3,864,36,40,41,17,20,8,29,57,43,13,21,77
2023,Lake County,June,412,19,5,0,8,0,0,428,13,0,0,0,1,0,0,12,24,8,0,1,0,0,9,9,0,5,19,24
2023,Lassen County,June,69,9,0,0,2,0,2,74,25,7,1,0,0,1,0,32,9,4,8,1,2,1,2,5,0,1,16,17
2023,Los Angeles County,June,23673,565,150,0,394,465,9,23520,128,4,0,0,1,1,1,129,715,868,4,3,10,466,395,871,0,150,569,719
2023,Madera County,June,2827,21,14,0,5,49,0,2808,778,34,17,0,4,44,1,780,35,54,51,49,1,93,9,103,0,31,55,86
2023,Marin County,June,703,20,0,0,18,0,0,705,856,32,0,0,56,0,0,832,20,18,32,56,0,0,74,74,0,0,52,52
2023,Mariposa County,June,114,2,0,1,1,0,2,114,26,1,2,0,7,3,0,19,3,3,3,10,2,3,8,13,1,2,3,6
2023,Mendocino County,June,409,10,0,0,17,0,1,401,82,6,0,0,6,0,2,80,10,18,6,8,3,0,23,26,0,0,16,16
2023,Merced County,June,1236,44,64,27,27,93,5,1246,0,0,0,1,0,0,0,1,135,125,1,0,5,93,27,125,28,64,44,136
2023,Modoc County,June,74,3,0,0,3,1,0,73,13,0,0,0,4,0,0,9,3,4,0,4,0,1,7,8,0,0,3,3
2023,Mono County,June,35,3,3,0,1,4,0,36,20,0,0,0,1,0,0,19,6,5,0,1,0,4,2,6,0,3,3,6
2023,Monterey County,June,1121,23,14,9,20,12,0,1135,115,1,0,4,4,0,0,116,46,32,5,4,0,12,24,36,13,14,24,51
2023,Napa County,June,471,33,9,0,10,16,1,486,625,30,9,2,13,13,0,640,42,27,41,26,1,29,23,53,2,18,63,83
2023,Nevada County,June,450,9,1,2,14,9,0,439,43,1,0,0,3,0,0,41,12,23,1,3,0,9,17,26,2,1,10,13
2023,Orange County,June,15576,753,267,79,508,256,99,15812,1917,40,9,0,21,14,0,1931,1099,863,49,35,99,270,529,898,79,276,793,1148
2023,Placer County,June,1041,50,9,12,27,5,22,1058,893,45,0,0,33,1,9,895,71,54,45,43,31,6,60,97,12,9,95,116
2023,Plumas County,June,47,3,3,0,1,2,0,50,41,3,0,0,3,0,0,41,6,3,3,3,0,2,4,6,0,3,6,9
2023,Riverside County,June,7100,338,124,8,165,185,0,7220,200,4,4,0,18,6,4,180,470,350,8,28,4,191,183,378,8,128,342,478
2023,Sacramento County,June,9745,247,0,0,255,0,0,9737,3010,38,0,11,50,0,0,3009,247,255,49,50,0,0,305,305,11,0,285,296
2023,San Benito County,June,101,4,0,1,2,2,3,99,111,1,2,1,4,1,1,109,5,7,4,6,4,3,6,13,2,2,5,9
2023,San Bernardino County,June,8652,602,39,39,366,218,7,8741,10,1,0,2,0,0,0,13,680,591,3,0,7,218,366,591,41,39,603,683
2023,San Diego County,June,7066,284,110,0,202,215,4,7039,500,21,3,0,16,11,4,493,394,421,24,31,8,226,218,452,0,113,305,418
2023,San Francisco County,June,755,36,31,11,33,3,29,768,384,19,8,3,27,1,9,377,78,65,30,37,38,4,60,102,14,39,55,108
2023,San Joaquin County,June,1396,51,23,10,51,32,11,1386,1251,58,38,0,47,52,6,1242,84,94,96,105,17,84,98,199,10,61,109,180
2023,San Luis Obispo County,June,1099,52,39,9,33,32,4,1130,244,14,14,0,11,22,8,231,100,69,28,41,12,54,44,110,9,53,66,128
2023,San Mateo County,June,1721,12,21,0,28,19,11,1696,1387,2,1,0,25,9,7,1349,33,58,3,41,18,28,53,99,0,22,14,36
2023,Santa Barbara County,June,1497,11,50,0,20,16,5,1517,806,58,24,0,26,3,63,796,61,41,82,92,68,19,46,133,0,74,69,143
2023,Santa Clara County,June,3368,385,78,430,120,122,634,3385,873,128,17,115,48,36,170,879,893,876,260,254,804,158,168,1130,545,95,513,1153
2023,Santa Cruz County,June,1001,34,20,0,24,22,1,1008,204,13,1,0,6,4,8,200,54,47,14,18,9,26,30,65,0,21,47,68
2023,Shasta County,June,924,90,16,6,99,16,3,918,0,0,0,0,0,0,0,0,112,118,0,0,3,16,99,118,6,16,90,112
2023,Sierra County,June,13,0,0,0,1,0,0,12,9,0,0,0,1,0,0,8,0,1,0,1,0,0,2,2,0,0,0,0
2023,Siskiyou County,June,206,7,1,0,5,2,0,207,2,0,0,0,0,0,0,2,8,7,0,0,0,2,5,7,0,1,7,8
2023,Solano County,June,1427,97,0,0,80,30,0,1414,598,33,0,0,54,14,0,563,97,110,33,68,0,44,134,178,0,0,130,130
2023,Sonoma County,June,1121,57,34,0,46,47,0,1119,366,16,15,1,14,18,1,365,91,93,32,33,1,65,60,126,1,49,73,123
2023,Stanislaus County,June,3393,175,100,11,98,94,9,3478,126,1,9,0,6,2,7,121,286,201,10,15,16,96,104,216,11,109,176,296
2023,Sutter County,June,486,19,9,2,8,20,6,482,3,0,0,0,0,0,0,3,30,34,0,0,6,20,8,34,2,9,19,30
2023,Tehama County,June,1060,8,4,0,0,0,17,1055,61,0,0,0,0,0,0,61,12,17,0,0,17,0,0,17,0,4,8,12
2023,Trinity County,June,37,0,0,0,0,0,0,37,3,0,1,0,0,0,0,4,0,0,1,0,0,0,0,0,0,1,0,1
2023,Tulare County,June,1577,78,37,8,29,48,7,1616,93,2,3,0,0,8,0,90,123,84,5,8,7,56,29,92,8,40,80,128
2023,Tuolumne County,June,334,13,13,0,7,6,0,347,127,4,1,0,6,6,8,112,26,13,5,20,8,12,13,33,0,14,17,31
2023,Ventura County,June,1963,63,29,0,67,0,0,1988,3609,46,8,0,48,0,0,3615,92,67,54,48,0,0,115,115,0,37,109,146
2023,Yolo County,June,449,30,26,4,15,37,4,453,41,0,0,0,0,0,0,41,60,56,0,0,4,37,15,56,4,26,30,60
2023,Yuba County,June,438,19,0,6,7,5,3,448,18,0,0,1,0,0,0,19,25,15,1,0,3,5,7,15,7,0,19,26
2023,Alameda County,July,2713,125,106,44,108,179,26,2675,54,0,2,4,2,3,0,55,275,313,6,5,26,182,110,318,48,108,125,281
2023,Alpine County,July,9,0,0,0,0,0,0,9,54,3,0,0,2,0,0,55,0,0,3,2,0,0,2,2,0,0,3,3
2023,Amador County,July,210,5,2,1,7,3,0,208,793,23,2,0,19,6,3,790,8,10,25,28,3,9,26,38,1,4,28,33
2023,Butte County,July,799,55,40,4,27,57,7,807,236,20,17,0,4,12,5,252,99,91,37,21,12,69,31,112,4,57,75,136
2023,Calaveras County,July,141,6,2,1,2,2,1,145,48,1,1,1,1,0,0,50,9,5,3,1,1,2,3,6,2,3,7,12
2023,Colusa County,July,54,5,1,0,2,4,2,52,0,0,0,0,0,0,0,0,6,8,0,0,2,4,2,8,0,1,5,6
2023,Contra Costa County,July,2642,69,3,85,100,3,41,2655,2,0,0,0,0,0,0,2,157,144,0,0,41,3,100,144,85,3,69,157
2023,Del Norte County,July,123,3,2,0,7,6,1,114,49,1,0,0,0,0,2,48,5,14,1,2,3,6,7,16,0,2,4,6
2023,El Dorado County,July,392,7,7,0,0,13,0,393,10,1,0,0,0,1,0,10,14,13,1,1,0,14,0,14,0,7,8,15
2023,Fresno County,July,4442,117,69,0,82,136,1,4409,3401,99,67,0,54,81,0,3432,186,219,166,135,1,217,136,354,0,136,216,352
2023,Glenn County,July,153,5,0,0,4,1,5,148,129,4,0,1,2,1,1,130,5,10,5,4,6,2,6,14,1,0,9,10
2023,Humboldt County,July,980,35,0,2,21,5,1,990,7,1,0,0,1,0,0,7,37,27,1,1,1,5,22,28,2,0,36,38
2023,Imperial County,July,611,17,0,12,19,5,4,612,316,7,0,18,16,1,0,324,29,28,25,17,4,6,35,45,30,0,24,54
2023,Inyo County,July,80,4,3,0,2,2,0,83,33,0,2,0,0,3,0,32,7,4,2,3,0,5,2,7,0,5,4,9
2023,Kern County,July,7158,181,22,15,197,30,23,7126,0,0,0,0,0,0,0,0,218,250,0,0,23,30,197,250,15,22,181,218
2023,Kings County,July,1180,38,9,10,29,10,21,1177,864,9,2,0,10,11,12,842,57,60,11,33,33,21,39,93,10,11,47,68
2023,Lake County,July,418,12,6,1,11,0,0,426,12,0,0,1,4,0,0,9,19,11,1,4,0,0,15,15,2,6,12,20
2023,Lassen County,July,74,5,0,1,5,4,0,71,32,0,0,0,0,0,0,32,6,9,0,0,0,4,5,9,1,0,5,6
2023,Los Angeles County,July,23593,435,133,0,426,442,10,23283,121,1,1,0,2,1,0,120,568,878,2,3,10,443,428,881,0,134,436,570
2023,Madera County,July,2808,24,19,0,5,39,2,2805,780,33,16,0,11,41,1,776,43,46,49,53,3,80,16,99,0,35,57,92
2023,Marin County,July,705,21,0,0,20,0,0,706,832,11,0,0,19,0,0,824,21,20,11,19,0,0,39,39,0,0,32,32
2023,Mariposa County,July,114,1,1,0,1,4,3,108,19,2,1,0,0,2,0,20,2,8,3,2,3,6,1,10,0,2,3,5
2023,Mendocino County,July,400,12,0,0,17,0,1,394,81,4,0,0,5,0,1,79,12,18,4,6,2,0,22,24,0,0,16,16
2023,Merced County,July,1246,60,59,7,24,81,9,1258,0,0,0,0,0,0,0,0,126,114,0,0,9,81,24,114,7,59,60,126
2023,Modoc County,July,73,2,0,0,1,0,0,74,9,2,0,0,0,0,0,11,2,1,2,0,0,0,1,1,0,0,4,4
2023,Mono County,July,36,1,0,0,2,1,1,33,19,1,0,0,1,0,0,19,1,4,1,1,1,1,3,5,0,0,2,2
2023,Monterey County,July,1135,28,10,36,37,18,0,1154,116,2,1,1,0,1,0,119,74,55,4,1,0,19,37,56,37,11,30,78
2023,Napa County,July,486,21,13,0,12,25,1,482,640,26,8,21,14,28,0,653,34,38,55,42,1,53,26,80,21,21,47,89
2023,Nevada County,July,439,10,7,3,13,13,0,433,41,3,1,1,1,0,0,45,20,26,5,1,0,13,14,27,4,8,13,25
2023,Orange County,July,15812,767,217,75,490,259,104,16018,1931,40,2,0,31,13,1,1928,1059,853,42,45,105,272,521,898,75,219,807,1101
2023,Placer County,July,1057,48,2,4,18,2,22,1069,892,41,6,0,9,2,8,920,54,42,47,19,30,4,27,61,4,8,89,101
2023,Plumas County,July,50,2,0,0,1,1,0,50,41,1,1,0,1,0,0,42,2,2,2,1,0,1,2,3,0,1,3,4
2023,Riverside County,July,7220,302,120,13,246,172,0,7237,180,5,0,0,6,5,7,167,435,418,5,18,7,177,252,436,13,120,307,440
2023,Sacramento County,July,9737,200,0,0,224,0,0,9713,3009,30,0,2,47,0,0,2994,200,224,32,47,0,0,271,271,2,0,230,232
2023,San Benito County,July,99,3,1,1,2,2,3,97,109,2,0,0,0,2,3,106,5,7,2,5,6,4,2,12,1,1,5,7
2023,San Bernardino County,July,8610,632,26,44,353,243,7,8709,12,0,0,1,0,0,0,13,702,603,1,0,7,243,353,603,45,26,632,703
2023,San Diego County,July,7039,315,94,0,201,197,8,7042,493,26,4,0,9,9,0,505,409,406,30,18,8,206,210,424,0,98,341,439
2023,San Francisco County,July,768,25,30,12,37,5,21,772,377,20,7,3,13,0,7,387,67,63,30,20,28,5,50,83,15,37,45,97
2023,San Joaquin County,July,1609,52,19,17,33,25,10,1629,1453,52,35,4,47,45,3,1449,88,68,91,95,13,70,80,163,21,54,104,179
2023,San Luis Obispo County,July,948,52,27,22,20,16,8,1005,351,14,5,0,13,10,1,346,101,44,19,24,9,26,33,68,22,32,66,120
2023,San Mateo County,July,1696,2,12,0,25,14,7,1664,1349,2,7,0,21,20,6,1311,14,46,9,47,13,34,46,93,0,19,4,23
2023,Santa Barbara County,July,1517,66,43,0,25,15,8,1578,796,97,23,0,11,1,94,810,109,48,120,106,102,16,36,154,0,66,163,229
2023,Santa Clara County,July,3385,350,104,410,103,196,549,3401,879,81,24,70,30,24,127,873,864,848,175,181,676,220,133,1029,480,128,431,1039
2023,Santa Cruz County,July,1008,29,24,0,29,11,10,1011,200,11,4,0,12,2,0,201,53,50,15,14,10,13,41,64,0,28,40,68
2023,Shasta County,July,918,39,13,2,45,13,1,913,0,0,0,0,0,0,0,0,54,59,0,0,1,13,45,59,2,13,39,54
2023,Sierra County,July,12,1,0,0,0,0,0,13,8,0,0,0,0,0,0,8,1,0,0,0,0,0,0,0,0,0,1,1
2023,Siskiyou County,July,257,6,1,0,7,3,5,249,2,0,0,0,0,0,0,2,7,15,0,0,5,3,7,15,0,1,6,7
2023,Solano County,July,1430,68,0,0,60,37,0,1401,601,32,0,0,37,16,0,580,68,97,32,53,0,53,97,150,0,0,100,100
2023,Sonoma County,July,1119,54,39,0,47,69,1,1095,365,12,11,0,11,12,9,356,93,117,23,32,10,81,58,149,0,50,66,116
2023,Stanislaus County,July,3478,161,77,13,107,77,23,3522,121,2,4,12,10,2,0,127,251,207,18,12,23,79,117,219,25,81,163,269
2023,Sutter County,July,482,21,10,5,5,19,2,492,3,1,0,0,0,0,0,4,36,26,1,0,2,19,5,26,5,10,22,37
2023,Tehama County,July,1055,9,2,0,0,0,6,1060,61,0,0,0,0,0,0,61,11,6,0,0,6,0,0,6,0,2,9,11
2023,Trinity County,July,36,0,0,0,1,1,0,34,3,0,0,0,0,0,0,3,0,2,0,0,0,1,1,2,0,0,0,0
2023,Tulare County,July,1616,46,30,2,90,33,3,1568,90,2,2,0,8,0,0,86,78,126,4,8,3,33,98,134,2,32,48,82
2023,Tuolumne County,July,347,10,6,4,5,4,8,350,112,3,0,11,1,1,0,124,20,17,14,2,8,5,6,19,15,6,13,34
2023,Ventura County,July,1979,63,6,0,72,8,0,1968,3603,32,2,0,52,5,0,3580,69,80,34,57,0,13,124,137,0,8,95,103
2023,Yolo County,July,453,31,27,5,23,33,3,457,41,5,1,0,3,0,0,44,63,59,6,3,3,33,26,62,5,28,36,69
2023,Yuba County,July,448,17,0,4,3,11,3,452,19,0,0,1,1,0,0,19,21,17,1,1,3,11,4,18,5,0,17,22
2023,Alameda County,August,2675,130,124,61,134,216,21,2619,47,0,2,3,1,3,0,48,315,371,5,4,21,219,135,375,64,126,130,320
2023,Alpine County,August,9,3,0,0,0,0,0,12,55,2,0,0,3,0,0,54,3,0,2,3,0,0,3,3,0,0,5,5
2023,Amador County,August,208,17,2,0,13,3,1,210,790,18,2,10,17,4,0,799,19,17,30,21,1,7,30,38,10,4,35,49
2023,Butte County,August,804,55,43,11,21,72,7,813,253,23,14,0,14,34,4,238,109,100,37,52,11,106,35,152,11,57,78,146
2023,Calaveras County,August,145,5,5,1,4,8,0,144,50,1,2,0,1,2,0,50,11,12,3,3,0,10,5,15,1,7,6,14
2023,Colusa County,August,52,4,0,0,2,3,3,48,0,0,0,0,0,0,0,0,4,8,0,0,3,3,2,8,0,0,4,4
2023,Contra Costa County,August,2655,77,3,90,92,3,29,2701,2,0,0,0,0,0,0,2,170,124,0,0,29,3,92,124,90,3,77,170
2023,Del Norte County,August,114,10,4,0,1,6,0,121,48,3,0,0,0,0,0,51,14,7,3,0,0,6,1,7,0,4,13,17
2023,El Dorado County,August,401,12,15,0,0,11,0,417,9,0,0,0,0,0,0,9,27,11,0,0,0,11,0,11,0,15,12,27
2023,Fresno County,August,4409,160,62,0,108,131,0,4392,3432,83,64,2,53,93,2,3433,222,239,149,148,2,224,161,387,2,126,243,371
2023,Glenn County,August,148,7,0,2,4,0,5,148,130,2,0,1,6,2,4,121,9,9,3,12,9,2,10,21,3,0,9,12
2023,Humboldt County,August,989,26,0,0,14,5,3,993,7,1,0,0,0,1,0,7,26,22,1,1,3,6,14,23,0,0,27,27
2023,Imperial County,August,612,22,0,12,36,4,4,602,324,13,0,14,30,0,2,319,34,44,27,32,6,4,66,76,26,0,35,61
2023,Inyo County,August,82,4,6,0,3,0,0,89,32,4,2,0,0,0,0,38,10,3,6,0,0,0,3,3,0,8,8,16
2023,Kern County,August,7126,229,28,19,332,55,30,6985,0,0,0,0,0,0,0,0,276,417,0,0,30,55,332,417,19,28,229,276
2023,Kings County,August,1177,52,6,2,17,5,25,1190,842,23,0,25,30,6,5,849,60,47,48,41,30,11,47,88,27,6,75,108
2023,Lake County,August,411,14,1,7,8,0,2,423,10,0,0,1,0,0,0,11,22,10,1,0,2,0,8,10,8,1,14,23
2023,Lassen County,August,71,10,1,1,4,1,2,76,32,1,0,0,1,0,0,32,12,7,1,1,2,1,5,8,1,1,11,13
2023,Los Angeles County,August,23303,560,150,0,402,491,12,23108,121,4,1,0,2,0,0,124,710,905,5,2,12,491,404,907,0,151,564,715
2023,Madera County,August,2805,37,15,0,10,10,0,2837,776,46,18,0,10,52,2,776,52,20,64,64,2,62,20,84,0,33,83,116
2023,Marin County,August,706,34,0,0,18,0,0,722,824,14,0,0,18,0,0,820,34,18,14,18,0,0,36,36,0,0,48,48
2023,Mariposa County,August,108,3,2,1,1,2,2,109,20,2,0,0,5,0,3,14,6,5,2,8,5,2,6,13,1,2,5,8
2023,Mendocino County,August,397,16,0,0,14,0,3,396,80,4,0,0,3,0,0,81,16,17,4,3,3,0,17,20,0,0,20,20
2023,Merced County,August,1247,69,63,10,44,65,19,1261,1,0,0,0,0,0,0,1,142,128,0,0,19,65,44,128,10,63,69,142
2023,Modoc County,August,74,4,0,1,3,1,0,75,11,1,0,0,0,0,0,12,5,4,1,0,0,1,3,4,1,0,5,6
2023,Mono County,August,33,4,0,0,1,1,1,34,19,2,0,0,1,0,0,20,4,3,2,1,1,1,2,4,0,0,6,6
2023,Monterey County,August,1154,17,9,5,27,4,0,1154,119,2,0,1,2,0,0,120,31,31,3,2,0,4,29,33,6,9,19,34
2023,Napa County,August,482,23,19,0,13,28,11,472,653,38,24,1,21,21,0,674,42,52,63,42,11,49,34,94,1,43,61,105
2023,Nevada County,August,433,8,12,4,12,10,0,435,45,3,0,3,1,0,0,50,24,22,6,1,0,10,13,23,7,12,11,30
2023,Orange County,August,16018,945,222,75,725,266,83,16186,1928,36,10,0,22,19,0,1933,1242,1074,46,41,83,285,747,1115,75,232,981,1288
2023,Placer County,August,1064,53,2,7,36,5,18,1067,918,53,5,1,34,12,6,925,62,59,59,52,24,17,70,111,8,7,106,121
2023,Plumas County,August,50,3,2,0,1,2,0,52,42,4,0,1,2,0,0,45,5,3,5,2,0,2,3,5,1,2,7,10
2023,Riverside County,August,7237,367,129,6,295,207,0,7237,167,12,2,0,10,5,3,163,502,502,14,18,3,212,305,520,6,131,379,516
2023,Sacramento County,August,9713,244,0,0,240,0,0,9717,2994,37,0,6,52,0,0,2985,244,240,43,52,0,0,292,292,6,0,281,287
2023,San Benito County,August,97,7,1,2,1,0,0,106,106,5,0,3,3,2,0,109,10,1,8,5,0,2,4,6,5,1,12,18
2023,San Bernardino County,August,8709,690,45,28,413,250,6,8803,13,0,0,2,2,0,0,13,763,669,2,2,6,250,415,671,30,45,690,765
2023,San Diego County,August,7042,376,102,0,218,211,6,7085,505,22,4,0,14,7,1,509,478,435,26,22,7,218,232,457,0,106,398,504
2023,San Francisco County,August,772,61,25,19,46,9,29,793,387,18,4,3,17,0,12,383,105,84,25,29,41,9,63,113,22,29,79,130
2023,San Joaquin County,August,1629,43,33,21,100,36,5,1585,1449,44,48,2,56,41,5,1441,97,141,94,102,10,77,156,243,23,81,87,191
2023,San Luis Obispo County,August,1005,36,22,22,46,54,10,975,346,17,14,0,10,14,0,353,80,110,31,24,10,68,56,134,22,36,53,111
2023,San Mateo County,August,1664,1,21,0,36,15,14,1621,1311,2,6,0,19,5,11,1284,22,65,8,35,25,20,55,100,0,27,3,30
2023,Santa Barbara County,August,1524,30,4,0,12,5,0,1541,810,50,4,0,8,2,0,854,34,17,54,10,0,7,20,27,0,8,80,88
2023,Santa Clara County,August,3401,363,112,414,132,153,525,3480,873,87,21,114,38,47,140,870,889,810,222,225,665,200,170,1035,528,133,450,1111
2023,Santa Cruz County,August,1011,46,21,0,26,16,4,1032,201,12,2,6,5,4,0,212,67,46,20,9,4,20,31,55,6,23,58,87
2023,Shasta County,August,913,51,25,6,60,25,3,907,0,0,0,0,0,0,0,0,82,88,0,0,3,25,60,88,6,25,51,82
2023,Sierra County,August,13,2,0,0,1,1,0,13,8,0,0,0,0,0,0,8,2,2,0,0,0,1,1,2,0,0,2,2
2023,Siskiyou County,August,249,9,2,0,9,2,1,248,2,0,0,0,0,0,0,1,11,12,0,0,1,2,9,12,0,2,9,11
2023,Solano County,August,1438,80,0,0,70,51,0,1397,604,38,0,0,40,22,0,580,80,121,38,62,0,73,110,183,0,0,118,118
2023,Sonoma County,August,1095,54,40,0,48,70,1,1070,356,12,11,0,11,12,9,347,94,119,23,32,10,82,59,151,0,51,66,117
2023,Stanislaus County,August,3522,170,62,27,120,87,22,3552,127,3,3,0,4,3,9,117,259,229,6,16,31,90,124,245,27,65,173,265
2023,Sutter County,August,492,29,15,1,13,9,7,508,4,0,0,0,0,0,0,4,45,29,0,0,7,9,13,29,1,15,29,45
2023,Tehama County,August,1060,8,1,0,1,0,11,1057,61,0,0,0,0,0,0,61,9,12,0,0,11,0,1,12,0,1,8,9
2023,Trinity County,August,34,2,1,0,4,0,1,32,3,0,0,0,0,0,0,3,3,5,0,0,1,0,4,5,0,1,2,3
2023,Tulare County,August,1568,70,30,5,65,21,17,1570,86,4,6,0,15,2,0,79,105,103,10,17,17,23,80,120,5,36,74,115
2023,Tuolumne County,August,350,5,6,11,9,3,12,348,124,2,0,2,4,2,3,119,22,24,4,9,15,5,13,33,13,6,7,26
2023,Ventura County,August,1959,66,17,0,105,0,0,1937,3574,71,53,0,56,0,0,3642,83,105,124,56,0,0,161,161,0,70,137,207
2023,Yolo County,August,457,39,11,2,25,35,9,440,44,8,0,0,1,0,1,50,52,69,8,2,10,35,26,71,2,11,47,60
2023,Yuba County,August,452,21,0,0,4,5,4,460,19,1,0,2,1,0,0,21,21,13,3,1,4,5,5,14,2,0,22,24
2023,Alameda County,September,2619,108,107,47,108,174,22,2577,48,0,5,5,1,4,0,53,262,304,10,5,22,178,109,309,52,112,108,272
2023,Alpine County,September,12,0,0,0,1,0,0,11,54,1,0,0,4,0,0,51,0,1,1,4,0,0,5,5,0,0,1,1
2023,Amador County,September,210,9,2,10,10,9,0,212,799,22,3,3,20,5,0,802,21,19,28,25,0,14,30,44,13,5,31,49
2023,Butte County,September,810,44,38,4,20,58,5,813,240,13,8,3,10,23,0,231,86,83,24,33,5,81,30,116,7,46,57,110
2023,Calaveras County,September,144,4,4,3,6,5,6,138,50,4,2,0,4,6,0,46,11,17,6,10,6,11,10,27,3,6,8,17
2023,Colusa County,September,48,4,1,0,3,2,0,48,0,0,0,0,0,0,0,0,5,5,0,0,0,2,3,5,0,1,4,5
2023,Contra Costa County,September,2701,69,2,18,77,1,25,2687,2,0,0,0,0,0,0,2,89,103,0,0,25,1,77,103,18,2,69,89
2023,Del Norte County,September,121,7,3,0,5,7,3,116,51,0,0,0,1,0,1,49,10,15,0,2,4,7,6,17,0,3,7,10
2023,El Dorado County,September,403,11,12,0,0,10,0,416,8,0,0,0,0,0,0,8,23,10,0,0,0,10,0,10,0,12,11,23
2023,Fresno County,September,4392,143,75,0,101,177,2,4330,3433,89,71,4,76,101,4,3416,218,280,164,181,6,278,177,461,4,146,232,382
2023,Glenn County,September,148,5,0,2,7,1,2,145,121,4,0,1,10,4,4,108,7,10,5,18,6,5,17,28,3,0,9,12
2023,Humboldt County,September,993,31,0,0,19,4,3,998,7,3,0,0,3,2,2,3,31,26,3,7,5,6,22,33,0,0,34,34
2023,Imperial County,September,602,29,0,15,19,10,8,609,319,9,0,23,4,1,0,346,44,37,32,5,8,11,23,42,38,0,38,76
2023,Inyo County,September,86,10,2,0,0,0,0,98,36,3,2,0,2,0,1,38,12,0,5,3,1,0,2,3,0,4,13,17
2023,Kern County,September,6985,135,16,11,92,14,8,7033,0,0,0,0,0,0,0,0,162,114,0,0,8,14,92,114,11,16,135,162
2023,Kings County,September,1190,38,12,6,36,9,14,1187,826,22,5,1,18,27,24,785,56,59,28,69,38,36,54,128,7,17,60,84
2023,Lake County,September,414,15,5,4,10,0,0,428,10,0,0,0,1,0,0,9,24,10,0,1,0,0,11,11,4,5,15,24
2023,Lassen County,September,76,2,2,1,1,1,1,78,32,1,0,0,1,0,1,36,5,3,1,2,2,1,2,5,1,2,3,6
2023,Los Angeles County,September,23299,427,139,0,389,372,4,23100,120,2,0,0,2,1,0,119,566,765,2,3,4,373,391,768,0,139,429,568
2023,Madera County,September,2837,26,12,0,12,34,0,2829,776,31,17,0,15,28,0,781,38,46,48,43,0,62,27,89,0,29,57,86
2023,Marin County,September,722,19,0,0,17,0,0,724,820,7,0,0,15,0,0,812,19,17,7,15,0,0,32,32,0,0,26,26
2023,Mariposa County,September,109,2,1,0,1,3,0,108,14,3,0,0,1,2,1,13,3,4,3,4,1,5,2,8,0,1,5,6
2023,Mendocino County,September,399,15,0,0,18,0,5,391,79,4,0,0,6,0,1,76,15,23,4,7,6,0,24,30,0,0,19,19
2023,Merced County,September,1260,43,41,15,41,60,4,1254,1,0,0,0,0,0,0,1,99,105,0,0,4,60,41,105,15,41,43,99
2023,Modoc County,September,75,1,1,1,2,1,0,75,12,1,1,0,0,1,0,13,3,3,2,1,0,2,2,4,1,2,2,5
2023,Mono County,September,34,1,0,0,0,0,0,35,20,0,0,0,1,0,0,19,1,0,0,1,0,0,1,1,0,0,1,1
2023,Monterey County,September,1154,30,15,0,13,24,2,1160,120,0,1,0,0,3,8,110,45,39,1,11,10,27,13,50,0,16,30,46
2023,Napa County,September,472,16,13,3,8,31,0,465,674,26,10,23,20,36,0,677,32,39,59,56,0,67,28,95,26,23,42,91
2023,Nevada County,September,435,9,5,5,7,9,0,438,51,1,0,2,1,0,0,53,19,16,3,1,0,9,8,17,7,5,10,22
2023,Orange County,September,16186,799,208,80,570,233,97,16373,1933,36,15,0,23,10,0,1951,1087,900,51,33,97,243,593,933,80,223,835,1138
2023,Placer County,September,1064,54,2,9,31,2,26,1070,924,51,2,2,24,7,17,931,65,59,55,48,43,9,55,107,11,4,105,120
2023,Plumas County,September,52,1,1,1,4,1,0,50,45,1,0,0,0,1,0,45,3,5,1,1,0,2,4,6,1,1,2,4
2023,Riverside County,September,7237,217,112,7,177,155,0,7241,163,8,6,0,8,2,4,163,336,332,14,14,4,157,185,346,7,118,225,350
2023,Sacramento County,September,9717,208,0,0,258,0,0,9667,2985,27,0,2,48,0,0,2966,208,258,29,48,0,0,306,306,2,0,235,237
2023,San Benito County,September,106,0,2,3,2,4,0,105,109,0,0,1,2,2,0,106,5,6,1,4,0,6,4,10,4,2,0,6
2023,San Bernardino County,September,8803,607,41,22,433,200,7,8833,13,0,0,0,1,0,0,12,670,640,0,1,7,200,434,641,22,41,607,670
2023,San Diego County,September,7085,254,74,0,212,166,10,7025,509,18,0,0,16,4,3,504,328,388,18,23,13,170,228,411,0,74,272,346
2023,San Francisco County,September,793,44,16,0,34,7,24,788,383,11,2,0,24,0,8,364,60,65,13,32,32,7,58,97,0,18,55,73
2023,San Joaquin County,September,1585,33,24,12,37,31,8,1578,1441,59,27,1,42,30,5,1451,69,76,87,77,13,61,79,153,13,51,92,156
2023,San Luis Obispo County,September,975,40,42,7,37,24,7,996,353,6,7,0,1,10,3,352,89,68,13,14,10,34,38,82,7,49,46,102
2023,San Mateo County,September,1621,2,13,0,32,10,12,1582,1284,2,4,0,10,3,12,1265,15,54,6,25,24,13,42,79,0,17,4,21
2023,Santa Barbara County,September,1527,37,29,0,30,16,10,1537,851,36,29,0,21,3,3,889,66,56,65,27,13,19,51,83,0,58,73,131
2023,Santa Clara County,September,3480,384,73,411,119,112,608,3509,870,106,14,93,26,35,147,875,868,839,213,208,755,147,145,1047,504,87,490,1081
2023,Santa Cruz County,September,1032,21,19,0,27,18,12,1015,212,11,0,8,9,3,0,219,40,57,19,12,12,21,36,69,8,19,32,59
2023,Shasta County,September,907,41,14,3,44,14,6,901,0,0,0,0,0,0,0,0,58,64,0,0,6,14,44,64,3,14,41,58
2023,Sierra County,September,13,0,0,0,0,0,0,13,8,1,0,0,3,0,0,6,0,0,1,3,0,0,3,3,0,0,1,1
2023,Siskiyou County,September,248,11,0,0,9,7,7,236,2,0,0,0,0,0,0,2,11,23,0,0,7,7,9,23,0,0,11,11
2023,Solano County,September,1464,9,0,0,53,32,0,1388,603,33,0,0,3,19,0,614,9,85,33,22,0,51,56,107,0,0,42,42
2023,Sonoma County,September,1070,64,63,0,38,57,1,1101,347,14,22,0,21,11,9,342,127,96,36,41,10,68,59,137,0,85,78,163
2023,Stanislaus County,September,3552,158,54,31,117,91,18,3569,117,0,7,2,9,3,1,113,243,226,9,13,19,94,126,239,33,61,158,252
2023,Sutter County,September,508,19,15,1,15,13,4,511,4,0,0,0,1,0,0,3,35,32,0,1,4,13,16,33,1,15,19,35
2023,Tehama County,September,1057,5,1,0,0,0,6,1057,61,0,0,0,0,0,0,61,6,6,0,0,6,0,0,6,0,1,5,6
2023,Trinity County,September,32,3,0,0,0,0,0,35,3,0,0,0,0,0,0,3,3,0,0,0,0,0,0,0,0,0,3,3
2023,Tulare County,September,1570,61,35,2,76,35,1,1556,79,0,11,0,16,6,0,68,98,112,11,22,1,41,92,134,2,46,61,109
2023,Tuolumne County,September,348,5,5,6,4,3,13,344,119,5,0,2,3,0,0,123,16,20,7,3,13,3,7,23,8,5,10,23
2023,Ventura County,September,1925,67,6,0,49,1,0,1948,3637,49,1,0,49,2,0,3636,73,50,50,51,0,3,98,101,0,7,116,123
2023,Yolo County,September,440,26,21,7,25,39,5,425,50,3,2,1,3,0,0,53,54,69,6,3,5,39,28,72,8,23,29,60
2023,Yuba County,September,460,24,0,5,5,5,2,477,21,0,0,1,4,1,0,17,29,12,1,5,2,6,9,17,6,0,24,30
2023,Alameda County,October,2660,99,136,44,127,190,33,2589,53,0,1,8,3,9,0,50,279,350,9,12,33,199,130,362,52,137,99,288
2023,Alpine County,October,11,0,0,0,0,1,0,10,51,0,0,0,2,0,0,49,0,1,0,2,0,1,2,3,0,0,0,0
2023,Amador County,October,212,9,2,3,5,4,0,217,802,25,3,7,26,5,0,806,14,9,35,31,0,9,31,40,10,5,34,49
2023,Butte County,October,804,46,48,2,30,59,12,799,228,20,15,1,7,26,6,225,96,101,36,39,18,85,37,140,3,63,66,132
2023,Calaveras County,October,138,6,9,1,5,6,0,143,46,2,2,0,1,2,0,47,16,11,4,3,0,8,6,14,1,11,8,20
2023,Colusa County,October,48,3,3,0,1,1,0,52,0,0,0,0,0,0,0,0,6,2,0,0,0,1,1,2,0,3,3,6
2023,Contra Costa County,October,2687,46,1,8,44,0,11,2687,2,0,0,0,0,0,0,2,55,55,0,0,11,0,44,55,8,1,46,55
2023,Del Norte County,October,116,6,8,0,2,11,1,116,49,4,0,0,1,1,0,51,14,14,4,2,1,12,3,16,0,8,10,18
2023,El Dorado County,October,583,19,16,0,0,16,0,602,32,2,0,0,0,0,0,34,35,16,2,0,0,16,0,16,0,16,21,37
2023,Fresno County,October,4430,197,74,2,93,150,3,4457,3416,94,46,0,66,104,0,3386,273,246,140,170,3,254,159,416,2,120,291,413
2023,Glenn County,October,145,2,0,6,3,1,3,146,108,2,0,2,3,1,2,106,8,7,4,6,5,2,6,13,8,0,4,12
2023,Humboldt County,October,998,39,0,3,13,10,3,1014,3,5,0,1,1,0,0,8,42,26,6,1,3,10,14,27,4,0,44,48
2023,Imperial County,October,609,27,0,12,33,5,8,602,346,6,0,27,18,4,0,357,39,46,33,22,8,9,51,68,39,0,33,72
2023,Inyo County,October,96,5,2,0,4,0,1,98,37,3,0,0,1,0,0,39,7,5,3,1,1,0,5,6,0,2,8,10
2023,Kern County,October,7033,202,24,17,164,24,14,7074,0,0,0,0,0,0,0,0,243,202,0,0,14,24,164,202,17,24,202,243
2023,Kings County,October,1187,54,11,6,26,10,14,1208,785,26,2,0,17,5,8,783,71,50,28,30,22,15,43,80,6,13,80,99
2023,Lake County,October,416,17,4,13,10,0,2,438,9,1,0,1,0,0,0,11,34,12,2,0,2,0,10,12,14,4,18,36
2023,Lassen County,October,78,4,1,0,4,1,0,78,31,3,0,0,0,0,0,34,5,5,3,0,0,1,4,5,0,1,7,8
2023,Los Angeles County,October,23256,514,151,0,432,454,11,23024,120,1,0,0,4,0,0,117,665,897,1,4,11,454,436,901,0,151,515,666
2023,Madera County,October,2829,24,18,0,8,38,0,2825,781,62,22,0,3,68,0,794,42,46,84,71,0,106,11,117,0,40,86,126
2023,Marin County,October,724,34,0,0,20,0,0,738,812,14,0,0,21,0,0,805,34,20,14,21,0,0,41,41,0,0,48,48
2023,Mariposa County,October,108,3,0,2,3,0,1,109,13,6,2,0,4,2,0,15,5,4,8,6,1,2,7,10,2,2,9,13
2023,Mendocino County,October,394,20,0,0,19,0,2,393,73,1,0,0,3,0,2,69,20,21,1,5,4,0,22,26,0,0,21,21
2023,Merced County,October,1250,50,52,3,31,57,10,1257,0,0,0,0,0,0,0,0,105,98,0,0,10,57,31,98,3,52,50,105
2023,Modoc County,October,75,1,1,0,3,1,0,73,13,2,0,0,0,0,0,15,2,4,2,0,0,1,3,4,0,1,3,4
2023,Mono County,October,35,7,0,0,0,1,4,37,19,4,0,1,1,0,0,23,7,5,5,1,4,1,1,6,1,0,11,12
2023,Monterey County,October,1160,19,8,20,21,9,0,1177,110,1,0,8,4,0,0,115,47,30,9,4,0,9,25,34,28,8,20,56
2023,Napa County,October,465,29,16,0,14,24,21,451,677,39,15,1,23,31,0,678,45,59,55,54,21,55,37,113,1,31,68,100
2023,Nevada County,October,438,13,5,6,6,10,0,446,53,0,0,1,0,1,0,53,24,16,1,1,0,11,6,17,7,5,13,25
2023,Orange County,October,16373,807,210,77,617,326,129,16395,1951,22,8,0,34,12,0,1935,1094,1072,30,46,129,338,651,1118,77,218,829,1124
2023,Placer County,October,1061,55,5,6,18,2,35,1072,927,60,5,0,13,1,21,957,66,55,65,35,56,3,31,90,6,10,115,131
2023,Plumas County,October,50,3,0,0,4,0,0,49,45,1,0,0,0,1,1,44,3,4,1,2,1,1,4,6,0,0,4,4
2023,Riverside County,October,7220,300,147,3,281,228,0,7161,163,8,2,9,7,8,0,167,450,509,19,15,0,236,288,524,12,149,308,469
2023,Sacramento County,October,9667,260,0,0,231,0,0,9696,2966,22,0,1,47,0,0,2942,260,231,23,47,0,0,278,278,1,0,282,283
2023,San Benito County,October,105,5,1,0,1,1,2,107,106,5,0,2,6,4,1,102,6,4,7,11,3,5,7,15,2,1,10,13
2023,San Bernardino County,October,8833,598,32,33,476,251,2,8767,12,2,0,1,0,0,0,15,663,729,3,0,2,251,476,729,34,32,600,666
2023,San Diego County,October,7019,310,87,0,237,196,7,6976,510,27,3,0,9,9,3,519,397,440,30,21,10,205,246,461,0,90,337,427
2023,San Francisco County,October,788,60,30,7,33,2,35,815,364,15,5,0,26,0,11,347,97,70,20,37,46,2,59,107,7,35,75,117
2023,San Joaquin County,October,1578,50,25,16,44,25,8,1592,1451,61,28,1,49,27,6,1459,91,77,90,82,14,52,93,159,17,53,111,181
2023,San Luis Obispo County,October,996,59,25,8,44,32,14,998,343,9,11,0,15,12,7,329,92,90,20,34,21,44,59,124,8,36,68,112
2023,San Mateo County,October,1582,3,24,0,32,25,6,1546,1265,1,5,0,20,0,4,1247,27,63,6,24,10,25,52,87,0,29,4,33
2023,Santa Barbara County,October,1536,19,36,0,27,6,0,1558,859,85,17,0,25,0,55,881,55,33,102,80,55,6,52,113,0,53,104,157
2023,Santa Clara County,October,3509,386,90,451,107,138,638,3553,875,92,15,103,39,30,142,874,927,883,210,211,780,168,146,1094,554,105,478,1137
2023,Santa Cruz County,October,1015,32,16,0,25,16,1,1021,219,8,3,0,8,3,10,209,48,42,11,21,11,19,33,63,0,19,40,59
2023,Shasta County,October,922,49,2,7,49,2,6,923,0,0,0,0,0,0,0,0,58,57,0,0,6,2,49,57,7,2,49,58
2023,Sierra County,October,13,1,0,0,0,1,0,13,6,1,0,0,0,0,0,7,1,1,1,0,0,1,0,1,0,0,2,2
2023,Siskiyou County,October,236,15,1,0,6,5,2,239,2,1,0,0,0,0,0,3,16,13,1,0,2,5,6,13,0,1,16,17
2023,Solano County,October,1475,85,1,0,69,30,0,1462,611,37,0,0,42,10,0,596,86,99,37,52,0,40,111,151,0,1,122,123
2023,Sonoma County,October,1101,46,47,0,54,49,0,1091,342,12,11,0,13,14,5,333,93,103,23,32,5,63,67,135,0,58,58,116
2023,Stanislaus County,October,3569,143,73,15,109,89,17,3585,113,1,3,2,5,1,1,112,231,215,6,7,18,90,114,222,17,76,144,237
2023,Sutter County,October,511,25,18,1,20,15,3,517,3,1,0,0,0,0,0,4,44,38,1,0,3,15,20,38,1,18,26,45
2023,Tehama County,October,1057,10,0,0,0,0,11,1056,61,0,0,0,0,0,0,61,10,11,0,0,11,0,0,11,0,0,10,10
2023,Trinity County,October,35,0,0,0,3,0,0,32,3,0,0,0,0,0,0,3,0,3,0,0,0,0,3,3,0,0,0,0
2023,Tulare County,October,1556,88,30,1,60,36,2,1577,68,6,5,0,20,4,0,55,119,98,11,24,2,40,80,122,1,35,94,130
2023,Tuolumne County,October,344,1,2,6,9,2,5,337,123,1,0,1,5,0,5,115,9,16,2,10,10,2,14,26,7,2,2,11
2023,Ventura County,October,1929,80,20,0,56,0,0,1973,3625,50,13,0,52,0,0,3636,100,56,63,52,0,0,108,108,0,33,130,163
2023,Yolo County,October,425,23,26,2,17,39,10,410,53,1,0,0,1,0,0,53,51,66,1,1,10,39,18,67,2,26,24,52
2023,Yuba County,October,477,21,0,8,5,2,9,490,17,0,0,0,0,0,1,16,29,16,0,1,10,2,5,17,8,0,21,29
2023,Alameda County,November,2589,94,124,60,97,153,18,2599,50,0,4,6,2,4,0,54,278,268,10,6,18,157,99,274,66,128,94,288
2023,Alpine County,November,10,0,0,0,0,0,1,9,49,1,0,0,7,0,0,43,0,1,1,7,1,0,7,8,0,0,1,1
2023,Amador County,November,217,13,1,0,12,3,7,209,806,22,1,11,22,10,0,808,14,22,34,32,7,13,34,54,11,2,35,48
2023,Butte County,November,779,64,50,2,22,81,9,783,225,18,13,1,12,19,1,225,116,112,32,32,10,100,34,144,3,63,82,148
2023,Calaveras County,November,143,3,5,1,2,5,4,141,47,1,1,1,1,3,0,46,9,11,3,4,4,8,3,15,2,6,4,12
2023,Colusa County,November,52,3,2,1,0,2,3,53,0,0,0,0,0,0,0,0,6,5,0,0,3,2,0,5,1,2,3,6
2023,Contra Costa County,November,1944,1,1,127,78,10,17,1968,2,0,0,0,0,0,0,2,129,105,0,0,17,10,78,105,127,1,1,129
2023,Del Norte County,November,116,5,3,0,3,6,0,115,51,4,1,0,2,3,0,51,8,9,5,5,0,9,5,14,0,4,9,13
2023,El Dorado County,November,567,14,15,0,0,15,0,581,31,0,0,0,0,0,0,31,29,15,0,0,0,15,0,15,0,15,14,29
2023,Fresno County,November,4457,153,63,1,101,128,1,4444,3386,95,40,2,59,57,2,3405,217,230,137,118,3,185,160,348,3,103,248,354
2023,Glenn County,November,146,2,0,0,5,1,3,139,106,12,0,0,1,0,1,116,2,9,12,2,4,1,6,11,0,0,14,14
2023,Humboldt County,November,1014,19,0,2,8,2,4,1021,8,0,0,0,2,0,0,6,21,14,0,2,4,2,10,16,2,0,19,21
2023,Imperial County,November,602,41,0,13,33,6,5,612,357,13,0,17,14,1,2,370,54,44,30,17,7,7,47,61,30,0,54,84
2023,Inyo County,November,93,2,2,0,0,0,0,97,35,1,1,0,0,0,0,37,4,0,2,0,0,0,0,0,0,3,3,6
2023,Kern County,November,7074,170,20,13,217,33,19,7008,0,0,0,0,0,0,0,0,203,269,0,0,19,33,217,269,13,20,170,203
2023,Kings County,November,1208,42,8,9,34,7,12,1214,783,19,2,2,10,1,5,790,59,53,23,16,17,8,44,69,11,10,61,82
2023,Lake County,November,430,10,3,4,11,0,1,435,11,0,0,1,0,0,0,12,17,12,1,0,1,0,11,12,5,3,10,18
2023,Lassen County,November,78,2,0,0,3,2,4,71,34,1,0,0,1,0,0,36,2,9,1,1,4,2,4,10,0,0,3,3
2023,Los Angeles County,November,23051,310,81,0,366,297,4,22775,117,2,0,0,1,1,0,117,391,667,2,2,4,298,367,669,0,81,312,393
2023,Madera County,November,2825,34,17,0,9,33,0,2834,794,50,27,0,7,31,0,833,51,42,77,38,0,64,16,80,0,44,84,128
2023,Marin County,November,738,22,0,0,11,0,0,749,805,40,0,0,25,0,0,820,22,11,40,25,0,0,36,36,0,0,62,62
2023,Mariposa County,November,109,9,0,1,1,1,5,112,15,3,3,0,2,1,0,18,10,7,6,3,5,2,3,10,1,3,12,16
2023,Mendocino County,November,395,11,0,0,14,0,1,391,69,3,0,0,4,0,0,68,11,15,3,4,1,0,18,19,0,0,14,14
2023,Merced County,November,1243,42,65,4,39,62,14,1239,2,0,0,0,0,0,0,2,111,115,0,0,14,62,39,115,4,65,42,111
2023,Modoc County,November,73,2,1,0,2,1,0,73,15,0,1,0,0,0,0,16,3,3,1,0,0,1,2,3,0,2,2,4
2023,Mono County,November,37,1,1,0,0,0,0,39,23,1,0,0,2,0,0,22,2,0,1,2,0,0,2,2,0,1,2,3
2023,Monterey County,November,1177,17,13,0,15,20,6,1166,115,0,0,0,1,0,3,111,30,41,0,4,9,20,16,45,0,13,17,30
2023,Napa County,November,451,32,12,5,15,25,0,460,678,25,12,0,18,27,8,662,49,40,37,53,8,52,33,93,5,24,57,86
2023,Nevada County,November,446,8,6,4,10,7,0,447,53,1,1,0,1,0,0,54,18,17,2,1,0,7,11,18,4,7,9,20
2023,Orange County,November,16395,750,213,68,657,205,96,16468,1935,38,3,0,18,7,0,1951,1031,958,41,25,96,212,675,983,68,216,788,1072
2023,Placer County,November,1067,70,1,1,22,1,23,1093,953,54,1,0,12,3,20,973,72,46,55,35,43,4,34,81,1,2,124,127
2023,Plumas County,November,49,1,0,0,2,0,0,48,44,0,2,0,0,1,0,45,1,2,2,1,0,1,2,3,0,2,1,3
2023,Riverside County,November,7161,270,127,1,215,187,0,7157,167,4,5,0,6,6,2,162,398,402,9,14,2,193,221,416,1,132,274,407
2023,Sacramento County,November,9696,248,0,0,214,0,0,9730,2942,38,0,6,31,0,0,2955,248,214,44,31,0,0,245,245,6,0,286,292
2023,San Benito County,November,107,5,0,1,1,0,3,109,102,10,1,2,1,2,0,112,6,4,13,3,3,2,2,7,3,1,15,19
2023,San Bernardino County,November,8767,511,30,35,393,255,3,8692,15,2,0,1,3,0,0,15,576,651,3,3,3,255,396,654,36,30,513,579
2023,San Diego County,November,7019,313,50,0,137,158,5,7082,519,31,1,0,14,7,4,526,363,300,32,25,9,165,151,325,0,51,344,395
2023,San Francisco County,November,815,36,34,12,35,2,38,822,347,11,5,4,13,0,12,342,82,75,20,25,50,2,48,100,16,39,47,102
2023,San Joaquin County,November,1592,58,21,19,32,29,12,1617,1459,53,24,0,24,26,5,1481,98,73,77,55,17,55,56,128,19,45,111,175
2023,San Luis Obispo County,November,998,49,23,5,36,36,11,992,329,14,10,0,15,10,3,325,77,83,24,28,14,46,51,111,5,33,63,101
2023,San Mateo County,November,1546,0,9,0,34,19,0,1502,1247,0,4,0,17,4,3,1227,9,53,4,24,3,23,51,77,0,13,0,13
2023,Santa Barbara County,November,1567,85,27,0,20,4,86,1569,876,59,25,0,35,1,19,905,112,110,84,55,105,5,55,165,0,52,144,196
2023,Santa Clara County,November,3553,347,77,391,116,147,527,3578,874,101,23,80,28,17,140,893,815,790,204,185,667,164,144,975,471,100,448,1019
2023,Santa Cruz County,November,1021,21,21,0,25,17,9,1012,209,6,5,3,17,3,0,203,42,51,14,20,9,20,42,71,3,26,27,56
2023,Shasta County,November,923,46,13,7,71,13,5,900,0,0,0,0,0,0,0,0,66,89,0,0,5,13,71,89,7,13,46,66
2023,Sierra County,November,13,1,0,0,0,1,0,13,7,0,0,0,0,0,1,6,1,1,0,1,1,1,0,2,0,0,1,1
2023,Siskiyou County,November,239,12,1,0,7,8,1,236,3,0,0,0,0,2,0,1,13,16,0,2,1,10,7,18,0,1,12,13
2023,Solano County,November,1495,57,0,0,56,41,0,1455,611,31,0,0,31,13,0,598,57,97,31,44,0,54,87,141,0,0,88,88
2023,Sonoma County,November,1091,68,61,0,63,59,2,1096,333,10,11,0,11,19,9,315,129,124,21,39,11,78,74,163,0,72,78,150
2023,Stanislaus County,November,3585,149,65,0,108,85,31,3575,112,3,0,0,7,0,2,106,214,224,3,9,33,85,115,233,0,65,152,217
2023,Sutter County,November,512,21,10,3,16,16,5,509,4,0,0,1,0,0,0,5,34,37,1,0,5,16,16,37,4,10,21,35
2023,Tehama County,November,1056,6,0,0,0,0,7,1055,61,0,0,0,0,0,2,59,6,7,0,2,9,0,0,9,0,0,6,6
2023,Trinity County,November,32,1,0,1,0,0,3,31,3,0,1,0,0,0,0,4,2,3,1,0,3,0,0,3,1,1,1,3
2023,Tulare County,November,1577,45,25,2,78,25,1,1545,55,1,6,0,14,1,0,47,72,104,7,15,1,26,92,119,2,31,46,79
2023,Tuolumne County,November,337,16,5,13,11,3,6,351,115,3,0,6,5,0,3,116,34,20,9,8,9,3,16,28,19,5,19,43
2023,Ventura County,November,1963,80,4,0,62,22,0,1963,3627,49,16,0,48,0,0,3644,84,84,65,48,0,22,110,132,0,20,129,149
2023,Yolo County,November,410,31,23,6,21,41,7,401,53,4,0,0,2,0,1,54,60,69,4,3,8,41,23,72,6,23,35,64
2023,Yuba County,November,490,24,0,1,5,9,4,497,16,1,0,1,0,0,1,17,25,18,2,1,5,9,5,19,2,0,25,27
2023,Alameda County,December,2629,86,121,57,105,149,20,2619,54,0,4,8,0,2,1,63,264,274,12,3,21,151,105,277,65,125,86,276
2023,Alpine County,December,9,0,0,0,0,0,0,9,43,0,0,0,3,0,0,40,0,0,0,3,0,0,3,3,0,0,0,0
2023,Amador County,December,209,10,3,6,11,1,0,216,808,20,0,10,17,7,0,814,19,12,30,24,0,8,28,36,16,3,30,49
2023,Butte County,December,803,27,27,1,26,34,8,790,225,10,21,1,11,21,7,218,55,68,32,39,15,55,37,107,2,48,37,87
2023,Calaveras County,December,141,3,3,0,2,8,5,132,46,0,2,0,2,4,1,41,6,15,2,7,6,12,4,22,0,5,3,8
2023,Colusa County,December,53,1,0,3,1,3,3,50,0,0,0,0,0,0,0,0,4,7,0,0,3,3,1,7,3,0,1,4
2023,Contra Costa County,December,1909,2,1,101,68,7,9,1929,2,0,0,0,0,0,0,2,104,84,0,0,9,7,68,84,101,1,2,104
2023,Del Norte County,December,115,9,2,1,4,1,0,122,51,2,0,0,0,4,0,49,12,5,2,4,0,5,4,9,1,2,11,14
2023,El Dorado County,December,543,9,9,0,0,13,0,548,32,3,0,0,0,0,0,35,18,13,3,0,0,13,0,13,0,9,12,21
2023,Fresno County,December,4444,145,48,3,89,114,6,4431,3405,71,49,0,46,70,1,3408,196,209,120,117,7,184,135,326,3,97,216,316
2023,Glenn County,December,139,6,0,2,6,3,2,136,116,5,0,4,7,0,0,118,8,11,9,7,2,3,13,18,6,0,11,17
2023,Humboldt County,December,1021,24,0,0,10,6,6,1023,6,0,0,0,2,0,0,4,24,22,0,2,6,6,12,24,0,0,24,24
2023,Imperial County,December,612,22,0,9,15,1,5,622,370,11,0,26,2,0,2,403,31,21,37,4,7,1,17,25,35,0,33,68
2023,Inyo County,December,91,4,6,1,3,0,0,99,35,0,1,0,0,0,1,35,11,3,1,1,1,0,3,4,1,7,4,12
2023,Kern County,December,7008,127,15,10,131,19,11,6999,0,0,0,0,0,0,0,0,152,161,0,0,11,19,131,161,10,15,127,152
2023,Kings County,December,1214,30,4,9,25,2,7,1223,790,19,5,1,15,2,1,797,43,34,25,18,8,4,40,52,10,9,49,68
2023,Lake County,December,424,1,6,3,3,0,2,429,12,0,0,0,0,0,0,12,10,5,0,0,2,0,3,5,3,6,1,10
2023,Lassen County,December,71,4,0,1,2,4,2,68,34,0,0,0,0,0,1,33,5,8,0,1,3,4,2,9,1,0,4,5
2023,Los Angeles County,December,22861,288,89,0,405,328,7,22498,145,45,0,0,2,0,1,187,377,740,45,3,8,328,407,743,0,89,333,422
2023,Madera County,December,2834,19,17,0,7,23,0,2840,833,29,21,0,12,26,0,845,36,30,50,38,0,49,19,68,0,38,48,86
2023,Marin County,December,749,24,0,0,24,0,0,749,820,35,0,0,35,0,0,820,24,24,35,35,0,0,59,59,0,0,59,59
2023,Mariposa County,December,112,4,1,2,3,2,0,114,18,3,0,1,0,0,0,22,7,5,4,0,0,2,3,5,3,1,7,11
2023,Mendocino County,December,389,18,0,0,7,0,4,396,67,3,0,0,0,0,2,68,18,11,3,2,6,0,7,13,0,0,21,21
2023,Merced County,December,1233,51,67,0,35,57,7,1252,2,0,0,0,0,2,0,0,118,99,0,2,7,59,35,101,0,67,51,118
2023,Modoc County,December,73,2,0,0,2,2,0,71,16,0,1,0,0,0,0,17,2,4,1,0,0,2,2,4,0,1,2,3
2023,Mono County,December,39,6,4,0,1,0,0,48,22,0,3,0,1,3,0,21,10,1,3,4,0,3,2,5,0,7,6,13
2023,Monterey County,December,1166,2,5,0,6,4,11,1152,111,0,0,0,0,0,1,110,7,21,0,1,12,4,6,22,0,5,2,7
2023,Napa County,December,460,24,15,0,9,24,1,465,662,22,11,0,29,25,1,640,39,34,33,55,2,49,38,89,0,26,46,72
2023,Nevada County,December,447,20,8,5,21,6,0,453,54,1,0,1,1,1,0,54,33,27,2,2,0,7,22,29,6,8,21,35
2023,Orange County,December,16468,881,109,83,530,241,110,16660,1951,34,4,0,22,8,0,1959,1073,881,38,30,110,249,552,911,83,113,915,1111
2023,Placer County,December,1091,36,1,2,18,0,20,1092,971,35,3,0,16,0,13,980,39,38,38,29,33,0,34,67,2,4,71,77
2023,Plumas County,December,48,6,1,1,3,1,0,52,45,1,0,1,2,0,0,45,8,4,2,2,0,1,5,6,2,1,7,10
2023,Riverside County,December,7157,234,107,121,179,113,0,7327,162,8,2,43,8,5,0,202,462,292,53,13,0,118,187,305,164,109,242,515
2023,Sacramento County,December,9730,221,0,0,225,0,0,9726,2955,28,0,0,55,0,1,2927,221,225,28,56,1,0,280,281,0,0,249,249
2023,San Benito County,December,109,4,0,1,3,1,4,106,112,5,1,2,2,2,2,114,5,8,8,6,6,3,5,14,3,1,9,13
2023,San Bernardino County,December,8692,502,23,29,364,190,4,8688,15,1,0,0,1,0,0,14,554,558,1,1,4,190,365,559,29,23,503,555
2023,San Diego County,December,7082,235,57,0,174,192,6,7002,526,19,1,0,10,7,0,529,292,372,20,17,6,199,184,389,0,58,254,312
2023,San Francisco County,December,822,44,30,11,27,0,30,850,342,10,8,1,15,0,12,334,85,57,19,27,42,0,42,84,12,38,54,104
2023,San Joaquin County,December,1617,44,27,18,41,26,12,1627,1481,40,32,0,42,22,1,1488,89,79,72,65,13,48,83,144,18,59,84,161
2023,San Luis Obispo County,December,992,46,34,8,31,41,10,998,325,14,8,0,13,13,2,319,88,82,22,28,12,54,44,110,8,42,60,110
2023,San Mateo County,December,1502,0,8,0,25,8,1,1476,1227,0,1,0,8,9,7,1204,8,34,1,24,8,17,33,58,0,9,0,9
2023,Santa Barbara County,December,1554,38,41,0,31,7,38,1557,900,78,20,0,21,0,55,922,79,76,98,76,93,7,52,152,0,61,116,177
2023,Santa Clara County,December,3578,384,114,422,164,168,570,3596,893,96,20,96,38,27,148,892,920,902,212,213,718,195,202,1115,518,134,480,1132
2023,Santa Cruz County,December,1012,17,13,3,25,10,0,1010,202,5,3,4,7,4,0,203,33,35,12,11,0,14,32,46,7,16,22,45
2023,Shasta County,December,900,45,17,4,62,17,4,883,0,0,0,0,0,0,0,0,66,83,0,0,4,17,62,83,4,17,45,66
2023,Sierra County,December,13,0,0,0,1,0,0,12,6,2,0,0,0,0,0,8,0,1,2,0,0,0,1,1,0,0,2,2
2023,Siskiyou County,December,280,10,1,0,6,0,2,283,1,0,0,0,0,0,0,1,11,8,0,0,2,0,6,8,0,1,10,11
2023,Solano County,December,1400,75,0,0,65,39,0,1371,608,51,0,0,57,18,0,584,75,104,51,75,0,57,122,179,0,0,126,126
2023,Sonoma County,December,1096,66,45,0,48,53,0,1106,333,9,22,0,23,8,11,322,111,101,31,42,11,61,71,143,0,67,75,142
2023,Stanislaus County,December,3575,132,57,52,126,57,15,3618,106,5,2,8,12,0,2,107,241,198,15,14,17,57,138,212,60,59,137,256
2023,Sutter County,December,514,24,12,2,14,8,11,519,5,0,0,1,0,0,0,6,38,33,1,0,11,8,14,33,3,12,24,39
2023,Tehama County,December,1055,11,2,0,0,0,7,1061,59,0,0,0,0,0,0,59,13,7,0,0,7,0,0,7,0,2,11,13
2023,Trinity County,December,31,0,0,0,0,0,0,31,4,0,0,0,1,0,0,3,0,0,0,1,0,0,1,1,0,0,0,0
2023,Tulare County,December,1545,50,28,1,62,38,1,1523,47,2,1,0,2,1,0,47,79,101,3,3,1,39,64,104,1,29,52,82
2023,Tuolumne County,December,351,7,6,13,8,6,8,355,116,3,0,4,2,0,3,118,26,22,7,5,11,6,10,27,17,6,10,33
2023,Ventura County,December,1959,57,12,0,66,0,0,1962,3645,35,2,0,41,4,0,3637,69,66,37,45,0,4,107,111,0,14,92,106
2023,Yolo County,December,401,23,32,4,15,37,4,404,54,1,0,1,0,0,0,56,59,56,2,0,4,37,15,56,5,32,24,61
2023,Yuba County,December,497,17,0,2,6,3,2,505,17,0,0,0,0,0,0,17,19,11,0,0,2,3,6,11,2,0,17,19
